conv1.weightParameter containing:
tensor([[[[ 4.2736e-06,  5.9328e-05,  1.0054e-05,  9.1107e-05,  8.0360e-06],
          [-8.3360e-05, -1.4285e-04, -1.3288e-04,  7.6896e-05,  1.6530e-04],
          [ 1.1343e-04,  1.6562e-04,  2.0547e-05,  2.0279e-04,  2.2913e-05],
          [ 6.1181e-05,  4.6618e-05,  1.0621e-04,  1.4157e-04,  1.4696e-04],
          [ 1.6841e-04, -3.5556e-06,  5.1575e-06,  1.6241e-04, -6.2520e-07]]],


        [[[-1.3352e-04,  9.7883e-05, -9.1909e-05, -2.8282e-05,  1.5522e-05],
          [-9.5537e-05, -4.5072e-05, -4.1395e-05, -3.7815e-05, -5.9282e-05],
          [ 1.0059e-04, -6.0030e-05,  1.9192e-04,  2.5423e-05,  4.1519e-05],
          [-4.8948e-05,  7.4870e-05,  7.5159e-05,  3.4543e-06, -1.2382e-04],
          [ 1.4316e-05, -1.8766e-04,  1.0915e-04, -2.3679e-04,  9.5783e-05]]],


        [[[-8.7878e-05,  2.5363e-05, -2.5153e-05, -9.8566e-06,  3.2172e-05],
          [ 1.1929e-04, -1.8968e-05,  1.3331e-04,  2.0803e-05, -4.4864e-05],
          [-3.0046e-05, -4.1629e-05, -1.1661e-04, -1.3539e-04,  2.1959e-05],
          [-4.7851e-05, -1.5403e-04, -2.1950e-04,  4.7510e-05,  3.0101e-04],
          [ 1.7600e-05, -1.9492e-05, -2.3229e-05, -5.4898e-05,  1.0033e-04]]],


        [[[ 3.0907e-04,  2.9113e-04, -9.9535e-06,  1.8497e-04, -3.6508e-04],
          [ 3.4948e-05, -2.0379e-04,  7.2089e-05, -4.1367e-05, -2.1711e-04],
          [ 5.9909e-05,  1.8491e-04,  7.7341e-01,  2.7443e-01, -1.2326e-04],
          [ 2.3629e-03,  1.1636e+00,  1.8470e+00,  2.8029e-01, -4.6358e-05],
          [ 2.5113e-04,  8.8393e-03,  5.7384e-03,  1.1737e-03, -3.3813e-05]]],


        [[[ 1.7519e-05, -3.8734e-05, -1.1363e-05,  1.0722e-04,  8.2150e-05],
          [ 1.0702e-04, -3.8963e-06,  1.0073e-04, -8.7067e-06, -5.2652e-05],
          [-8.8374e-07, -3.8306e-05, -1.9877e-04, -8.6965e-05, -1.3152e-04],
          [-1.8477e-05, -1.2916e-04, -5.3082e-05,  8.1629e-06, -3.9163e-05],
          [-3.5371e-05,  7.2607e-05,  8.8846e-05,  2.0459e-04,  6.0767e-05]]],


        [[[-3.4898e-05,  9.5996e-06,  2.2727e-05, -2.2250e-05, -7.5632e-05],
          [-6.9059e-06, -8.0575e-06, -7.3792e-07,  6.9751e-06,  4.7594e-05],
          [-7.1845e-05, -2.8070e-04,  1.0801e-04, -1.3395e-04,  5.5284e-05],
          [ 1.7063e-05, -1.3883e-04, -1.1859e-04,  8.6214e-05,  6.6140e-05],
          [-2.1883e-04,  3.3113e-04, -5.0968e-05, -1.2179e-06,  2.2967e-05]]],


        [[[-3.4628e-05, -8.1804e-05, -3.0587e-05,  1.4896e-04, -6.0807e-05],
          [ 2.3080e-05,  4.0353e-05, -1.2790e-04,  9.1791e-05, -3.9312e-05],
          [ 1.5550e-04,  3.3531e-05, -1.7365e-04, -1.3315e-06,  2.2084e-04],
          [ 1.0801e-04, -7.3463e-05,  9.3531e-05, -6.7593e-05, -1.5241e-05],
          [-6.6562e-05, -9.9971e-05, -1.2797e-04,  8.3905e-05,  3.8990e-05]]],


        [[[-6.3456e-05,  9.4352e-05, -1.7651e-04,  5.0275e-05,  1.1868e-04],
          [-8.9181e-05,  1.9865e-04, -3.6284e-05, -8.6422e-05, -1.1834e-05],
          [ 1.3805e-06, -1.6252e-04, -1.1230e-06,  3.7725e-05,  2.6847e-05],
          [ 1.3056e-04, -7.5281e-06,  2.1759e-04, -1.6217e-04, -1.1042e-04],
          [-9.9598e-05, -1.0936e-04,  9.1123e-05, -1.4812e-04, -9.4813e-05]]],


        [[[ 1.0185e-04, -8.0028e-05,  6.1471e-05, -3.5975e-05, -5.3639e-05],
          [-9.0968e-05,  1.1027e-04,  6.6786e-05,  4.6864e-05, -3.6217e-05],
          [-4.3990e-06, -6.2469e-05,  9.6868e-05,  1.1618e-05,  1.1399e-04],
          [-6.7899e-05,  2.7612e-05, -9.9497e-05,  6.8432e-05, -2.4565e-04],
          [ 3.6357e-05, -1.3828e-04,  6.5641e-05,  4.2750e-05,  4.3983e-05]]],


        [[[ 1.9101e-04,  3.2735e-04,  8.4499e-05, -3.3657e-04,  1.2665e-04],
          [ 5.4141e-05, -5.2354e-05, -2.0330e-05, -3.2027e-05, -1.0391e-04],
          [ 3.1704e-05, -4.5496e-06,  3.9727e-05, -5.2764e-05, -1.9619e-05],
          [-1.6773e-04,  1.1470e-05,  5.8449e-05, -6.8230e-06,  3.9635e-05],
          [ 9.1987e-05,  5.8836e-05, -1.1763e-04,  5.2185e-06, -1.9337e-05]]],


        [[[ 6.0506e-05,  3.7552e-05,  8.5251e-05, -2.8118e-05,  3.7398e-05],
          [ 4.1254e-05, -8.3989e-05,  2.3930e-05,  1.0306e-04,  8.2105e-05],
          [ 4.5736e-05,  1.2655e-05, -2.6774e-05,  9.0858e-05,  1.1744e-04],
          [ 6.5007e-05, -1.5618e-06, -4.3557e-05,  5.5813e-05,  7.3027e-05],
          [-3.7509e-05, -1.4207e-04, -5.0276e-05,  1.3583e-04,  1.9177e-04]]],


        [[[-6.4603e-05,  4.1401e-05, -1.3681e-05,  1.2323e-04,  5.8393e-05],
          [ 6.6973e-05, -9.9029e-05, -1.1597e-04,  3.2785e-05,  5.0802e-05],
          [ 4.7833e-05,  1.3428e-04, -3.4638e-05,  5.5810e-05,  1.7292e-04],
          [-1.2520e-04, -1.2644e-04, -1.3961e-05,  8.2358e-06,  2.1098e-05],
          [-3.9148e-05, -7.4206e-06, -1.0578e-04, -7.4120e-05,  8.5146e-05]]],


        [[[-7.3861e-05,  8.9648e-05, -6.2444e-05,  1.4073e-04,  2.1069e-04],
          [ 1.0075e-04, -2.3064e-04,  8.5209e-05,  9.6893e-05,  6.0112e-05],
          [ 8.0137e-05, -4.4698e-05,  2.5282e-05,  2.1466e-05, -2.1927e-05],
          [ 1.0719e-04, -2.8954e-05, -1.4988e-05,  1.1783e-04, -5.4167e-05],
          [-8.7196e-07, -1.0320e-04, -2.3064e-04,  5.2958e-06,  1.3369e-04]]],


        [[[ 6.8851e-06, -1.4219e-04,  1.1007e-04, -4.3920e-05,  9.0175e-05],
          [-1.3153e-06,  1.1481e-04,  3.5734e-05,  1.3223e-04,  4.3204e-05],
          [-1.1318e-04, -8.7030e-05,  1.0403e-05,  1.1095e-04,  1.3162e-04],
          [ 1.9817e-04, -1.7258e-04, -8.7003e-05, -1.5460e-06, -8.1584e-05],
          [-2.3715e-05, -2.1122e-04, -1.3406e-04,  8.8111e-05, -3.9369e-05]]],


        [[[ 1.1221e-05,  6.5957e-05, -1.8814e-05, -9.1634e-05,  3.7213e-05],
          [-9.9256e-05,  1.0481e-04, -1.1650e-04, -4.7463e-05, -2.5662e-04],
          [-5.7790e-06,  8.6751e-06,  1.2020e-04,  5.4377e-05,  2.7384e-05],
          [ 1.2726e-04, -9.3588e-05,  1.1742e-04,  9.3378e-06, -1.7440e-05],
          [-9.9166e-06, -7.8053e-05, -6.1374e-05,  9.4296e-05, -8.3776e-05]]],


        [[[-9.4273e-05, -2.2571e-05,  4.6700e-05, -1.8010e-05, -4.6242e-05],
          [ 6.1880e-05, -1.3062e-05, -1.4601e-04, -1.8202e-04,  7.7061e-05],
          [ 1.0370e-05,  8.6626e-05,  2.7314e-05, -8.9024e-05, -1.7371e-04],
          [ 2.0127e-04,  6.3981e-05, -5.1200e-05, -2.7900e-05,  3.9987e-05],
          [-8.8462e-05, -1.1603e-04,  7.7275e-05,  1.8589e-04,  7.3002e-05]]],


        [[[ 6.1299e-05,  1.4887e-04,  7.3351e-06,  1.7270e-05,  1.0933e-04],
          [ 1.2040e-04,  3.4316e-05, -1.2360e-04, -1.2152e-04,  1.5934e-04],
          [-4.2207e-05, -2.8648e-05,  1.2350e-04,  1.4175e-05,  1.4631e-04],
          [-2.2074e-05,  2.3259e-06,  1.9800e-05, -1.2731e-04, -1.7894e-04],
          [-1.7732e-05, -9.9181e-05, -1.0070e-05,  3.3834e-07,  2.8048e-05]]],


        [[[-7.3987e-05,  9.2041e-06,  1.2950e-04, -9.8738e-05,  2.8783e-05],
          [-2.9610e-05,  2.2064e-04, -1.3239e-04, -9.7283e-05, -2.6696e-05],
          [ 8.3406e-05,  2.5599e-04, -1.2461e-04, -4.3770e-05,  1.1800e-04],
          [ 8.5713e-05, -9.9883e-05, -1.2050e-04, -1.3912e-04,  1.1715e-04],
          [-3.8764e-05, -9.6382e-05,  1.6275e-05, -6.3108e-05, -9.9163e-05]]],


        [[[-3.2545e-05,  1.6209e-04,  1.5197e-04, -2.4950e-05,  4.5136e-05],
          [-2.8409e-04, -1.3419e-04, -4.9521e-05,  1.7040e-05,  8.9082e-05],
          [-1.6338e-04, -9.6800e-05,  7.9291e-05, -2.1422e-04, -2.8737e-04],
          [-1.7323e-04,  1.6457e-04,  1.0345e-04, -3.2552e-06,  2.5381e-04],
          [ 4.2362e-05, -3.6806e-05, -2.1039e-04, -9.7389e-05,  4.2718e-05]]],


        [[[-6.1104e-05, -1.0204e-04,  2.3045e-05, -1.8703e-04, -2.2351e-05],
          [-1.6783e-04,  1.8228e-04,  5.6790e-05,  1.8165e-04,  6.6287e-05],
          [ 2.0381e-04,  3.4002e-05, -1.8770e-05,  1.6601e-04,  1.7022e-05],
          [ 3.2603e-05, -6.2861e-05,  6.4642e-05,  5.8743e-05, -3.2269e-05],
          [-9.1912e-05,  3.4948e-05, -4.4275e-06,  9.8024e-05,  2.0275e-05]]]],
       device='cuda:0', requires_grad=True)conv1.biasParameter containing:
tensor([ 0.0844,  0.1014,  0.1048,  0.0022,  0.0940,  0.0996,  0.0727,  0.0351,
         0.1222,  0.0410,  0.0359,  0.1291,  0.0511,  0.0856,  0.0975, -0.0008,
         0.1254,  0.1008,  0.0121,  0.1116], device='cuda:0',
       requires_grad=True)conv2.weightParameter containing:
tensor([[[[-3.0618e-05,  3.9407e-05,  1.2441e-04, -1.8118e-05,  3.0361e-05],
          [-6.5695e-05, -2.2301e-05,  1.7996e-05, -7.8182e-05, -1.1222e-04],
          [ 1.8009e-05, -8.0295e-05, -5.9028e-05,  3.8759e-05,  1.0922e-04],
          [-1.5415e-04,  8.3442e-05, -1.7844e-04, -9.7750e-05, -4.6063e-05],
          [ 1.1602e-04,  1.1067e-05, -1.1312e-04, -5.2704e-05,  7.2286e-05]],

         [[-1.7308e-04, -2.1751e-05,  4.9286e-05, -2.8482e-05,  6.4578e-05],
          [-2.7893e-05,  4.9536e-05,  6.3275e-05,  4.9372e-05, -2.2108e-05],
          [ 2.6412e-05, -3.6921e-06,  8.9481e-05,  1.5818e-04, -2.1973e-05],
          [-6.2737e-05, -2.5247e-04, -2.1163e-05, -8.0279e-05, -3.1263e-06],
          [ 2.7469e-05,  2.3901e-05,  4.9285e-05,  5.7908e-05, -2.3605e-05]],

         [[ 5.7045e-05, -9.0050e-05,  5.2285e-05, -1.2763e-04,  1.8394e-05],
          [ 1.2732e-04, -1.6449e-04, -1.1214e-04,  2.7620e-05, -1.0967e-04],
          [-4.7127e-08,  9.9537e-05,  3.0562e-07,  2.7400e-05,  1.0083e-05],
          [-9.5469e-05, -7.9853e-05, -8.2853e-05, -2.1555e-05,  4.3257e-05],
          [-1.8453e-04,  7.0458e-05, -7.2924e-05,  6.8046e-05,  2.3821e-05]],

         ...,

         [[ 1.7330e-04,  4.0200e-06,  5.7226e-05, -4.9064e-05, -9.3043e-06],
          [ 6.5296e-05,  8.2152e-05,  7.8665e-05, -1.2519e-04,  6.5125e-06],
          [ 3.5023e-05,  5.4818e-05, -8.5461e-05,  3.9079e-05,  5.3667e-05],
          [ 2.5948e-05, -5.4655e-05, -1.5414e-05,  4.4070e-05,  1.1798e-05],
          [ 5.4051e-05, -2.8089e-05, -2.0319e-05, -3.5191e-05,  8.5768e-05]],

         [[-1.5370e-04, -2.5406e-05,  8.3358e-05,  4.3205e-05, -5.7925e-05],
          [-3.8229e-05, -1.3152e-04,  4.4903e-06,  1.5942e-05, -1.0678e-05],
          [ 1.3695e-04,  3.6340e-05, -1.4146e-05, -1.5604e-04,  1.5582e-04],
          [ 1.5762e-05,  1.1276e-04,  1.5848e-05,  2.9512e-06, -1.7543e-04],
          [-6.3719e-05,  1.2362e-04, -6.2327e-05, -2.9904e-05, -5.3198e-05]],

         [[-7.7500e-05, -1.0873e-04,  1.4216e-04,  9.2059e-06,  9.4712e-05],
          [ 1.9002e-04,  3.5728e-06, -2.7413e-06,  7.6788e-05,  3.2183e-05],
          [ 3.0286e-05, -5.7392e-05,  5.9060e-05,  7.6892e-05, -7.4522e-05],
          [ 2.1179e-05, -1.3848e-04,  4.9540e-06,  9.5916e-05, -8.3778e-05],
          [-5.0645e-05,  1.9345e-04,  3.6814e-05, -5.5407e-05,  5.9107e-05]]],


        [[[ 4.4420e-06, -2.1851e-05, -1.0617e-04,  5.6559e-05,  1.4082e-04],
          [ 3.1700e-05,  8.8241e-05,  4.3471e-05,  8.8274e-05,  3.8589e-05],
          [-1.3343e-04,  6.0447e-05, -8.2898e-05, -7.7427e-05, -4.3867e-05],
          [ 2.3307e-04,  6.1471e-05,  3.2561e-05, -8.0707e-05,  1.6672e-04],
          [ 5.6042e-05, -2.7622e-05, -1.0018e-04, -1.2146e-04,  4.6397e-05]],

         [[-1.3950e-06,  4.3818e-05,  1.3317e-04, -2.4818e-05, -4.9380e-05],
          [-1.5018e-05, -5.2506e-05, -1.2197e-04, -4.1375e-05,  8.1635e-06],
          [-3.0932e-05,  1.2425e-04,  3.4993e-05,  2.7665e-04, -1.3289e-04],
          [ 5.6897e-06, -1.4388e-05, -1.3184e-04,  4.3752e-05, -1.7171e-04],
          [-2.5201e-06, -1.1494e-04,  2.4108e-05,  4.8697e-05,  2.4243e-05]],

         [[ 4.5398e-05,  9.6583e-05, -1.2644e-05, -1.0829e-04,  7.4096e-05],
          [ 1.4967e-05,  4.0073e-05, -1.2034e-04, -7.3085e-05, -8.1610e-06],
          [-1.6012e-05,  8.0652e-05, -4.1213e-05, -2.1972e-05,  3.2005e-05],
          [-8.3829e-05,  6.2410e-05, -4.1299e-05, -2.4507e-04, -4.7827e-06],
          [-1.4037e-06, -9.0731e-05,  6.4044e-05, -6.7498e-05,  7.0811e-05]],

         ...,

         [[-7.6021e-05, -8.8058e-05,  8.9825e-05, -7.2151e-05, -6.7626e-05],
          [ 2.9944e-05,  9.7460e-05, -3.7208e-05, -3.7327e-05, -2.2214e-05],
          [-4.9137e-05, -2.9479e-06, -7.3862e-05,  4.8930e-05,  8.2035e-05],
          [-3.9886e-05,  7.4676e-05,  5.2746e-05, -6.3329e-06, -1.3759e-04],
          [ 7.4446e-07, -9.2104e-05, -2.6124e-05, -1.2379e-04,  1.0580e-04]],

         [[ 1.2553e-05,  8.3210e-06, -7.6127e-05, -2.4042e-05, -8.3955e-05],
          [-1.8348e-04, -8.8258e-05, -7.3039e-05,  3.2615e-05, -1.2952e-04],
          [ 1.1815e-04,  2.1119e-04, -1.9257e-05,  1.0153e-06,  1.0516e-04],
          [ 7.1071e-05,  9.2238e-05,  3.0489e-05, -2.3124e-05, -7.5832e-05],
          [ 7.7112e-05,  4.5139e-05, -2.9683e-05, -1.4140e-04,  4.6498e-05]],

         [[-1.5678e-04, -3.1053e-05,  1.3017e-05, -4.7988e-05,  1.3613e-04],
          [-4.4067e-05,  3.6781e-05, -6.0354e-06, -4.4083e-05, -1.0227e-04],
          [ 1.3607e-04, -2.0852e-04,  1.6740e-05,  5.5076e-05,  3.7830e-06],
          [ 1.7574e-05,  1.3709e-04, -6.4989e-05,  1.3378e-04, -1.4159e-04],
          [ 2.0738e-05, -6.2340e-05,  5.3954e-05, -5.7266e-05, -2.0136e-05]]],


        [[[-2.0585e-05,  6.8484e-05, -7.7595e-06,  6.5376e-05, -8.3360e-05],
          [ 4.8737e-05,  1.1477e-04,  1.0394e-05,  4.1942e-05, -1.3014e-05],
          [-2.7745e-05, -4.1371e-06, -2.1852e-05, -1.2946e-04,  4.2878e-05],
          [ 1.6259e-04, -4.4983e-05, -1.0260e-04,  6.3618e-06,  8.3482e-05],
          [-7.4722e-05, -6.3152e-05,  1.9617e-05, -8.9629e-05,  1.0151e-04]],

         [[ 1.6087e-04,  2.3934e-05,  7.9140e-05,  6.3102e-05,  4.7352e-05],
          [ 3.3779e-05,  4.5280e-07,  6.2177e-05,  3.9225e-05,  9.5950e-05],
          [ 6.9943e-05,  5.5836e-05,  4.5341e-06,  2.9488e-06, -1.1761e-04],
          [ 2.8221e-05,  3.8400e-05, -4.8858e-05,  6.2025e-06, -3.7648e-05],
          [ 3.1812e-05,  1.3201e-05,  9.7095e-05,  7.2960e-05,  3.8351e-05]],

         [[ 2.4584e-05,  1.2656e-04,  2.4386e-04, -1.3407e-04,  5.3274e-05],
          [ 4.1408e-05, -8.5433e-05,  3.4532e-05,  7.4359e-05, -7.5622e-05],
          [-6.9809e-06,  1.4815e-04, -1.6986e-04,  6.6214e-05,  2.0206e-05],
          [ 7.9081e-05,  6.3249e-05,  8.2916e-05,  7.3026e-06, -3.8323e-06],
          [-1.9398e-05, -6.9519e-05,  8.3646e-06,  7.7744e-05,  2.1881e-05]],

         ...,

         [[-3.1247e-05,  2.7982e-05, -3.6079e-06, -1.2251e-04, -5.3964e-05],
          [ 2.6380e-05,  7.1706e-05,  3.4688e-06,  1.5960e-05,  7.2143e-05],
          [ 1.4430e-05,  2.7384e-05, -4.2153e-05, -1.1839e-04, -8.2748e-05],
          [-2.0361e-05, -1.8662e-04, -1.3775e-05, -6.2256e-06, -6.4306e-05],
          [-7.3017e-05, -1.9463e-04,  8.6232e-05,  5.8454e-05,  7.7046e-06]],

         [[-8.4944e-05, -9.5721e-05, -1.9957e-04,  3.8794e-06,  1.2784e-04],
          [ 9.2200e-05,  6.8689e-05,  6.6754e-05,  7.3078e-05, -2.4328e-05],
          [ 6.3742e-05, -7.5188e-05,  7.6915e-05,  1.3425e-06,  1.2269e-04],
          [-1.5715e-04,  1.4000e-04,  7.4531e-05, -1.3305e-04, -1.0470e-04],
          [-1.8114e-04, -5.0289e-06, -1.1617e-04,  9.5559e-05,  1.3225e-07]],

         [[ 1.3386e-04, -4.5636e-05,  1.0790e-04, -9.8139e-05,  8.9097e-05],
          [ 6.4820e-05, -1.0416e-04, -2.9912e-05, -6.3236e-05,  6.2345e-05],
          [ 1.3221e-04, -7.4065e-05, -3.9552e-05,  4.0396e-05, -8.7885e-06],
          [-3.7265e-05,  6.1945e-05, -2.1517e-05, -1.2770e-04, -7.8031e-06],
          [-9.7678e-07,  2.6320e-05,  1.7077e-05, -9.8020e-05, -9.7829e-05]]],


        ...,


        [[[-6.8557e-05,  1.9419e-05, -1.2745e-04,  2.7059e-06, -3.4421e-05],
          [ 3.8753e-05, -1.2327e-04, -7.9138e-05, -7.3689e-05,  5.4838e-05],
          [-2.1951e-05,  7.6678e-05,  1.9890e-04,  1.2930e-05,  1.9151e-05],
          [ 1.7595e-04, -7.9122e-05, -9.3929e-05,  1.1804e-04, -2.3919e-04],
          [ 9.3182e-05,  2.0553e-04, -2.0559e-04,  6.2835e-06,  2.3204e-05]],

         [[-1.3076e-04, -5.9332e-06,  9.3552e-05,  1.4285e-04, -2.5127e-05],
          [-1.0086e-04, -1.0465e-04, -1.0999e-04, -9.1608e-05,  1.1325e-04],
          [-6.5626e-05,  6.2940e-05,  9.0923e-05,  6.3131e-06, -4.6392e-05],
          [ 3.3885e-05,  1.3186e-04,  3.5902e-05,  1.7681e-04,  9.9066e-05],
          [-4.5146e-05,  3.4057e-05,  9.1259e-05, -8.7473e-05, -4.1341e-05]],

         [[ 9.0207e-06,  4.9686e-05,  4.9669e-05,  1.7326e-05, -1.8391e-04],
          [-6.0612e-05,  6.3206e-05, -3.6423e-05, -4.3271e-05, -2.1252e-04],
          [-3.1702e-05, -6.7669e-05,  1.1525e-04,  1.3624e-05,  7.0123e-05],
          [ 6.7662e-05, -2.0580e-04,  3.4763e-04, -9.6084e-06, -9.4444e-05],
          [ 2.6893e-05,  2.9603e-07,  7.2514e-05, -4.7939e-05,  4.0693e-05]],

         ...,

         [[-8.3674e-05, -9.3577e-05,  5.6260e-05,  6.7742e-05,  6.3782e-06],
          [-9.7928e-05,  2.0187e-05,  3.4935e-05, -5.2930e-05,  2.6491e-04],
          [-5.7773e-05, -5.1605e-05, -7.1819e-05,  8.7038e-05,  8.3845e-05],
          [-1.1250e-05,  2.6404e-05, -9.2856e-05,  1.2128e-04, -8.8374e-05],
          [-1.4754e-04,  2.2389e-04, -2.0698e-04, -5.4803e-06, -3.5952e-05]],

         [[-6.5172e-05,  5.9057e-05,  5.9052e-05, -2.2789e-05, -1.5049e-04],
          [ 1.8887e-04, -4.3694e-05,  6.6903e-05, -1.5474e-04,  1.9172e-04],
          [ 1.7946e-06,  7.2161e-06,  6.9314e-05,  1.1735e-04, -2.7158e-04],
          [-1.1939e-04,  3.7720e-05,  8.5604e-05,  1.0985e-04, -4.0014e-05],
          [-5.6295e-05, -3.9175e-06, -9.6665e-05, -1.7122e-05, -1.0446e-04]],

         [[ 1.6067e-05, -8.6798e-05,  3.1148e-05, -6.2687e-05, -1.1259e-04],
          [ 1.6125e-05,  5.4102e-05,  2.7028e-04, -1.1257e-04, -2.7563e-05],
          [ 2.0403e-04,  1.2711e-04, -4.5948e-05,  1.2155e-04,  8.6979e-06],
          [ 2.3900e-04, -6.6946e-05,  1.1144e-05,  1.2486e-04,  4.2657e-05],
          [-1.0834e-04, -8.2080e-05, -9.3051e-05, -4.0685e-05,  9.5886e-05]]],


        [[[-1.1360e-04,  2.0448e-04,  2.8080e-05, -4.4637e-05,  4.6673e-05],
          [ 5.8521e-05, -4.4780e-05, -3.2358e-05,  2.3902e-05,  1.0316e-04],
          [-2.0887e-05,  1.7250e-04,  1.5037e-04, -3.6496e-05,  5.6523e-06],
          [ 1.2095e-05,  1.0445e-04,  7.3918e-05,  6.8299e-05, -5.6566e-05],
          [-1.2975e-04, -1.4188e-04,  8.5655e-05, -1.7034e-05,  1.3138e-04]],

         [[-1.0391e-04,  1.0904e-04,  4.6401e-05, -1.6874e-04, -7.5064e-05],
          [ 9.7557e-05,  9.1743e-05, -1.6143e-05,  5.7735e-05, -8.5702e-05],
          [-1.3867e-04, -8.1513e-06, -2.0115e-04, -5.2146e-06, -2.3227e-05],
          [ 1.9210e-04, -8.7316e-05, -8.4933e-05, -2.4424e-05, -2.8917e-05],
          [-1.9017e-05, -1.2466e-04, -1.9730e-04,  1.8653e-04,  6.3164e-05]],

         [[ 1.0199e-04,  1.9434e-04,  5.0384e-05,  1.3595e-04, -5.1292e-05],
          [ 1.1805e-04, -7.0303e-05, -3.9617e-05, -2.3272e-04, -7.0606e-05],
          [-8.1025e-05, -8.9825e-05,  3.5163e-05, -3.6283e-04,  7.5538e-05],
          [ 1.0079e-04,  2.0796e-04,  4.8858e-05,  6.0841e-05,  2.1841e-05],
          [ 8.4985e-05, -1.4768e-05, -2.2813e-05, -2.6233e-04, -8.1649e-05]],

         ...,

         [[ 4.1373e-05,  8.1157e-05, -4.0782e-05,  1.8843e-05,  1.9015e-04],
          [ 1.9261e-05,  1.1057e-04,  2.9894e-06, -8.4459e-05,  5.3999e-05],
          [-1.6775e-04, -1.2384e-04, -1.1839e-04, -5.1176e-05, -1.9798e-04],
          [-1.2630e-04, -1.0716e-04, -1.6304e-04,  9.2285e-05,  1.1477e-04],
          [ 5.5250e-05,  1.8379e-05,  1.1526e-05,  1.0470e-05,  1.1133e-05]],

         [[-1.5003e-04, -3.7755e-05, -7.0045e-05, -2.1547e-04,  6.3520e-05],
          [ 5.1863e-05,  3.9305e-05,  2.7136e-05,  6.9236e-06,  3.9653e-05],
          [ 7.1598e-05, -1.3026e-05,  6.4275e-05,  1.2954e-04, -2.8361e-05],
          [ 5.9497e-05,  1.2940e-05, -1.0160e-04,  1.6859e-04,  1.2149e-04],
          [ 1.6058e-04, -1.0416e-05, -4.5127e-05, -5.6141e-05, -4.8069e-06]],

         [[ 1.7322e-05, -1.4629e-04, -1.5303e-04, -2.3173e-04, -2.4233e-06],
          [ 5.4746e-05, -1.4396e-05,  3.9813e-05,  2.7128e-07,  8.4635e-05],
          [ 9.7667e-05, -1.0000e-04, -1.9878e-04, -1.7668e-04, -7.9698e-05],
          [-6.2173e-05, -1.2352e-07,  1.5134e-05, -2.3529e-04,  6.7400e-05],
          [-1.9667e-04, -1.4801e-04, -5.0869e-05,  3.9637e-05,  4.6078e-05]]],


        [[[-1.1611e-05,  8.9806e-05, -1.0859e-04,  4.7889e-05,  8.6275e-06],
          [ 2.9509e-05, -1.3345e-04, -1.7916e-04,  1.0333e-05,  4.2837e-05],
          [ 1.4958e-04, -1.7045e-04,  8.9140e-05, -5.4529e-05, -1.2545e-04],
          [ 1.1786e-04, -1.3590e-04,  2.9664e-05, -1.3524e-05,  3.5728e-05],
          [ 8.0437e-07, -1.3498e-04, -8.6627e-05, -1.7380e-05,  1.4650e-04]],

         [[-5.6701e-05, -3.5855e-05, -9.2637e-05,  3.4006e-05, -5.4209e-06],
          [-2.4430e-05,  2.4715e-04, -1.5678e-04,  1.7387e-04,  1.6803e-04],
          [-6.8415e-06,  3.4586e-05,  2.3769e-04, -4.0178e-05, -4.4766e-05],
          [ 4.9924e-05, -9.2182e-05,  3.2538e-05,  1.4235e-04, -5.7379e-05],
          [ 1.0782e-04,  5.3603e-05, -8.0215e-05, -7.4131e-05, -1.5974e-05]],

         [[-2.4349e-05, -3.8298e-05,  4.6493e-05, -7.1629e-06, -2.8107e-05],
          [-2.3184e-05, -1.7856e-04, -1.0336e-04,  3.6007e-06, -5.1545e-05],
          [-1.2797e-04,  3.6249e-05, -2.9286e-05, -5.0243e-05,  7.2979e-05],
          [-6.0954e-05, -1.3214e-04, -1.9133e-04,  5.6630e-05, -6.3126e-05],
          [-1.2120e-04, -8.2143e-05,  5.1091e-05, -2.9947e-05,  7.5901e-05]],

         ...,

         [[-5.0961e-05, -8.7488e-05,  6.1391e-05,  7.3052e-05, -1.6284e-05],
          [-1.4546e-05,  3.1172e-05, -8.1442e-05,  9.5831e-05,  1.6947e-05],
          [ 1.3395e-04,  4.8540e-06, -2.5317e-04, -7.7120e-05, -2.5960e-04],
          [-1.1113e-04,  3.2936e-05, -8.0664e-05, -5.6994e-05,  5.1815e-05],
          [ 1.3746e-04,  2.1328e-04, -9.1519e-05, -4.5024e-05,  1.1198e-04]],

         [[ 3.7166e-05, -9.7745e-06,  1.1630e-05,  1.9043e-05, -4.2616e-05],
          [-3.7396e-05,  7.7806e-05, -5.3725e-05,  7.4075e-05, -2.5401e-04],
          [-5.0695e-05,  2.5431e-05,  3.3065e-05,  7.3472e-05,  3.7235e-05],
          [-8.5518e-05,  2.8933e-05, -6.7675e-05,  8.3942e-05,  8.1601e-05],
          [-3.8814e-05, -8.5035e-06, -7.3099e-06,  1.0244e-04, -2.9670e-05]],

         [[-1.5945e-05, -1.0813e-04,  1.4242e-04, -1.8906e-04,  9.9644e-05],
          [-1.4408e-04,  2.0385e-05, -1.7278e-05,  5.1736e-05,  1.6854e-04],
          [-1.9432e-04, -1.8051e-05,  1.0658e-04,  3.5440e-05,  1.5321e-04],
          [ 6.6387e-05, -1.3997e-04, -1.4013e-04, -2.6899e-05,  1.2158e-04],
          [ 1.2249e-04, -4.0286e-05, -2.6136e-06,  1.3851e-04, -1.2076e-04]]]],
       device='cuda:0', requires_grad=True)conv2.biasParameter containing:
tensor([-0.0035, -0.0222, -0.0324, -0.0084, -0.0065, -0.0055, -0.0113, -0.0061,
        -0.0108, -0.0136, -0.0211, -0.0085, -0.0102, -0.0101, -0.3252, -0.0163,
        -0.0224, -0.0134, -0.0161, -0.0036, -0.0115, -0.0897, -0.0147, -0.0058,
        -0.0095, -0.0044, -0.0111, -0.0032, -0.0119, -0.0078, -0.0226, -0.0038,
        -0.0146, -0.0055, -0.0037, -0.0064, -0.0071, -0.0104, -0.0277, -0.0145,
        -0.0028, -0.0160, -0.0162, -0.0059, -0.0043, -0.0194, -0.0047, -0.0080,
         0.0042, -0.2408], device='cuda:0', requires_grad=True)fc1.weightParameter containing:
tensor([[-3.3785e-41,  1.9875e-41, -1.1858e-08,  ..., -1.4564e-02,
          1.5548e-01, -2.6204e-02],
        [ 9.7811e-42, -1.5190e-41, -3.0503e-09,  ...,  5.2145e-02,
          3.7168e-02,  1.1230e-02],
        [-9.0333e-41,  1.1764e-40,  1.5601e-40,  ..., -8.0880e-08,
         -2.6205e-07,  4.5123e-07],
        ...,
        [-9.9716e-42, -3.4248e-42,  3.4539e-10,  ...,  3.0543e-02,
         -1.8126e-03, -1.1871e-01],
        [-6.0746e-42,  1.3068e-40,  1.0827e-40,  ..., -7.5292e-42,
         -1.2912e-41, -1.2023e-42],
        [-1.1100e-41,  5.4959e-42, -2.7374e-09,  ...,  6.7413e-02,
          8.4746e-02,  5.0168e-02]], device='cuda:0', requires_grad=True)fc1.biasParameter containing:
tensor([-4.4389e-02,  3.9791e-03, -2.6253e-06,  7.9067e-03, -1.0397e-02,
         5.6767e-03,  8.2165e-02,  4.5747e-02, -1.4888e-10,  6.8086e-33,
        -1.8531e-06,  5.8435e-02, -3.0613e-03, -9.4372e-06,  7.1550e-02,
         8.7230e-02, -2.0924e-02, -3.7725e-02,  1.9130e-02,  4.3938e-02,
        -8.7796e-26, -5.6354e-04,  9.7772e-03, -3.7246e-09, -7.7973e-03,
         2.4746e-02, -9.1225e-17,  4.9021e-02,  1.7619e-02, -1.7265e-03,
        -5.9132e-02, -9.3494e-02,  1.4378e-02, -4.0201e-10,  9.4293e-36,
        -1.3085e-05,  3.4521e-02,  1.6067e-02,  3.2775e-02,  1.0078e-01,
         5.5419e-02, -5.9966e-32,  2.4396e-02, -6.8356e-18,  1.1613e-01,
        -5.6168e-05, -5.6973e-13, -1.6235e-02, -2.0755e-04, -3.7932e-08,
         1.1595e-02, -7.4658e-11, -5.2567e-17,  3.0768e-02, -2.0845e-09,
         1.1218e-01, -2.1810e-02,  5.2453e-02, -2.9084e-05, -7.6883e-03,
        -1.4434e-02, -9.5555e-04, -2.1026e-02,  1.9831e-02,  1.9027e-21,
         6.3732e-02,  2.0754e-02, -2.6429e-02,  8.7791e-02,  1.2122e-02,
         3.9527e-02, -1.6404e-04, -1.0731e-03, -6.6615e-02, -9.5734e-15,
        -1.3371e-03, -2.3616e-02, -1.2178e-05,  1.0134e-01, -7.7648e-03,
         9.0723e-18, -5.8166e-04, -1.9296e-02, -2.4236e-02, -3.0603e-03,
        -3.2489e-03, -1.9030e-03, -7.7453e-09,  4.2796e-02, -7.3905e-10,
         1.3414e-01, -1.6241e-02, -3.8233e-02,  4.5983e-02,  2.6576e-02,
         2.1644e-02, -6.7600e-15, -1.3008e-11, -4.8044e-07,  4.6322e-02,
         3.9703e-02, -7.6174e-06, -1.8551e-02, -6.9992e-12, -5.3602e-02,
        -1.5025e-14, -1.0185e-06, -1.6914e-02, -5.2604e-02,  7.8250e-02,
        -2.8653e-02, -3.6496e-02, -1.2571e-17, -9.1865e-19, -6.5117e-02,
        -1.4257e-04,  4.5804e-02, -6.5655e-12, -4.2905e-02, -2.9839e-02,
        -4.3329e-08, -1.9559e-08, -2.2264e-24, -3.8678e-17, -7.7914e-02,
         1.5769e-02,  4.2021e-02,  2.7886e-02,  3.2896e-02, -9.2791e-09,
        -4.7467e-07, -2.8492e-09, -5.9994e-25, -2.9254e-02,  4.9124e-02,
        -1.5932e-09,  1.3733e-02,  1.0318e-31,  3.2929e-02, -5.9848e-06,
         9.5759e-02, -1.0055e-09, -1.0160e-02, -2.8853e-05,  7.9398e-02,
         8.3118e-02, -4.1134e-07, -1.9720e-08,  1.3794e-01, -1.4439e-03,
         4.3024e-02,  5.0842e-24,  2.2965e-02, -3.0680e-04, -6.2766e-05,
        -1.2571e-06, -1.7850e-03, -2.1570e-02, -2.1041e-12, -1.1216e-14,
         5.7881e-02, -7.6685e-08, -3.4245e-08,  9.4315e-03,  5.6988e-02,
         2.3057e-38, -1.1928e-03,  9.0736e-02, -2.7789e-03, -1.3553e-22,
         7.4030e-02,  2.5081e-02, -5.1343e-28,  2.7415e-02,  5.0173e-02,
        -7.3253e-13, -5.9339e-02, -4.6876e-05, -2.7637e-03, -4.5599e-02,
         7.6883e-03, -3.7264e-06,  2.2666e-02,  7.2083e-02, -9.1996e-07,
        -1.0780e-22,  7.5225e-03, -3.8076e-02, -2.1554e-21,  5.1884e-03,
        -8.5195e-05, -1.0887e-03,  1.9331e-02,  5.4179e-02, -2.3092e-02,
         3.5269e-02, -4.5963e-33, -1.4548e-18, -7.7434e-07,  7.4186e-02,
        -4.0510e-05,  6.8300e-02, -9.9445e-04,  2.1894e-02,  3.3247e-02,
         1.6623e-40,  1.0634e-02,  7.0569e-02, -4.4718e-03, -3.2956e-13,
         1.1234e-03, -4.5722e-16, -7.4990e-02,  4.6796e-02,  9.7954e-03,
         1.1017e-01,  4.3030e-02,  5.2700e-02, -3.4159e-03,  9.1637e-02,
        -3.9486e-02,  2.1897e-02, -2.7805e-26, -2.3370e-02,  5.1909e-02,
         8.3338e-03, -1.3408e-02,  1.6904e-02, -2.4106e-05, -9.0545e-23,
         1.7571e-02, -1.0806e-04, -4.6101e-35, -3.3413e-05,  8.9982e-20,
        -5.0576e-04,  7.5943e-02,  7.4001e-02,  2.8493e-02,  4.5204e-02,
        -3.5874e-20,  1.2652e-02,  8.6458e-03, -1.2291e-09,  4.0650e-03,
         4.5437e-03, -7.3482e-04,  5.4593e-02,  2.4356e-02, -1.5643e-02,
        -2.9497e-19, -3.4090e-07, -1.7677e-02,  5.8382e-04,  3.3106e-02,
        -7.4694e-02,  2.7416e-02, -1.6585e-02,  8.6223e-02,  7.7432e-40,
        -1.7906e-06,  2.0610e-29, -5.6598e-03,  6.7122e-03, -1.1113e-04,
        -3.3349e-05,  4.4203e-02, -5.7719e-34, -1.2167e-02, -3.1647e-03,
        -1.9177e-17,  4.1640e-02, -3.5924e-02, -2.9703e-02,  1.1535e-01,
        -2.7666e-04, -6.9921e-04, -1.0570e-05,  5.0978e-02, -5.5251e-02,
         2.1093e-08,  8.7492e-02, -1.2890e-22, -2.4445e-02, -6.2214e-03,
        -5.7729e-26, -5.8411e-03,  4.5562e-02,  5.6816e-02,  7.0934e-03,
         2.8246e-03, -1.1014e-07, -1.4192e-08, -2.1316e-02,  7.9111e-02,
         1.8677e-02, -6.2588e-07, -2.0405e-11,  1.5988e-02, -9.6211e-17,
        -9.8823e-37, -1.0823e-02, -1.4075e-02, -5.1376e-18,  6.6677e-40,
        -9.6094e-03, -3.2708e-03,  6.7594e-02,  5.0552e-03, -8.6583e-19,
         1.7495e-03,  1.9248e-02,  2.4532e-02, -5.9533e-04,  1.2992e-02,
         4.0516e-02, -6.9838e-10,  6.3416e-02, -6.6430e-08,  2.1860e-02,
         4.9769e-02, -1.3439e-02, -1.7555e-07,  3.1670e-02, -2.4008e-02,
        -8.9972e-02,  1.3346e-02, -5.3710e-03, -2.1917e-02,  3.9981e-02,
        -1.4558e-04, -1.3853e-03, -3.4355e-08,  7.3017e-03,  1.4131e-01,
         1.3897e-03,  1.3665e-01,  5.2208e-02, -3.9600e-06,  5.1931e-02,
         5.5285e-02, -7.0803e-04, -8.7331e-03,  6.6800e-02, -6.6255e-05,
         1.8545e-03,  5.6110e-02, -1.3494e-01,  5.1215e-02, -8.1194e-03,
        -8.3471e-02, -1.1382e-02, -1.9135e-19,  2.1273e-02, -4.6365e-09,
         1.3398e-02, -1.1643e-02, -1.0049e-17, -3.7433e-04,  2.6191e-02,
         5.3965e-02, -4.9237e-15, -3.2649e-03, -1.4024e-02,  4.6180e-32,
        -7.5158e-04, -6.3155e-12,  7.5064e-03,  1.2109e-02, -5.1449e-15,
         1.1333e-01,  8.6541e-03, -5.1394e-07, -2.8431e-05,  2.5558e-02,
        -1.6790e-02, -1.8623e-05, -1.9727e-18, -1.4665e-04, -1.1566e-02,
        -2.0103e-35,  2.6578e-02, -9.0583e-05, -1.9459e-02, -4.7496e-02,
        -1.4391e-13, -2.2411e-27,  4.8841e-02,  1.5042e-03, -2.0050e-03,
        -1.0395e-08,  4.8434e-02,  2.0569e-02, -7.0981e-05, -2.6232e-04,
        -4.3823e-02,  3.4522e-02, -3.5263e-02, -3.9586e-02,  9.5725e-03,
        -4.5425e-06,  4.4870e-02,  3.4958e-02,  1.7477e-01, -2.4266e-13,
        -3.2202e-03, -1.7923e-02,  3.6267e-02, -1.3087e-02,  1.0372e-25,
        -4.8186e-09, -1.7025e-22,  1.0338e-02, -3.8396e-03,  5.8927e-02,
         7.1259e-02, -7.9565e-06,  1.3637e-02, -2.2267e-18,  2.5298e-03,
         4.3583e-02,  6.1481e-03,  7.4017e-02,  3.9688e-02, -7.0811e-09,
         5.1420e-02, -1.3058e-02, -4.1904e-29,  5.0036e-02, -2.7712e-02,
        -5.4917e-10, -8.5058e-03, -4.8945e-04, -2.8228e-19,  1.0468e-02,
        -4.9053e-15, -7.5432e-04, -1.2302e-11,  9.7524e-03, -7.7947e-10,
        -1.1770e-04,  9.8615e-04,  1.4468e-01, -7.8383e-08,  2.7243e-02,
         4.1429e-03,  6.5085e-03, -3.0863e-05, -1.6480e-02, -1.6013e-21,
         4.7899e-03,  4.4273e-02, -1.5588e-04, -5.7253e-02, -3.8925e-10,
         8.2014e-02,  1.2411e-01, -2.1362e-02, -1.5911e-04,  4.6350e-02,
        -2.8000e-07, -7.3369e-03,  1.8203e-02, -1.6912e-02, -2.6050e-34,
        -2.1750e-25, -1.0547e-10, -2.1012e-02,  3.9067e-02,  3.0883e-03,
        -1.3954e-04, -7.3955e-03,  6.7770e-02, -5.5089e-02,  9.0668e-03,
         1.2755e-03, -1.5725e-02,  6.6529e-02, -2.7297e-08,  9.6571e-02,
        -6.5714e-04, -2.8873e-05,  2.1887e-02, -1.6654e-04,  1.8268e-02,
         1.3445e-03,  4.6543e-02, -1.3184e-03, -1.4232e-03, -1.2807e-03,
         7.4798e-04, -1.1958e-05,  5.4826e-02, -1.3567e-23, -2.5128e-10,
         2.4402e-02, -3.3615e-11,  4.0364e-02, -1.3471e-29, -9.1238e-03],
       device='cuda:0', requires_grad=True)fc2.weightParameter containing:
tensor([[-1.3190e-01,  1.1042e-01, -2.5155e-07,  ...,  2.0838e-02,
         -2.6274e-42, -8.5638e-02],
        [ 1.1397e-01, -2.0207e-01, -7.7124e-07,  ...,  5.9744e-02,
         -1.6829e-33, -1.1482e-01],
        [-8.6096e-02, -6.8986e-02, -1.4737e-05,  ..., -1.2982e-01,
          2.3647e-29,  2.3065e-02],
        ...,
        [ 4.1625e-02, -1.2967e-01,  1.0277e-04,  ..., -1.0092e-01,
          6.1671e-20,  1.2376e-01],
        [-5.1953e-01, -2.4973e-02,  2.2758e-04,  ..., -3.1640e-01,
          4.4649e-19,  8.6511e-02],
        [ 2.4018e-01,  1.7203e-01, -3.9631e-04,  ..., -2.9017e-01,
          7.6053e-15,  1.1654e-01]], device='cuda:0', requires_grad=True)fc2.biasParameter containing:
tensor([ 0.0044, -0.0315, -0.0453, -0.1050, -0.0293,  0.0215, -0.0139, -0.0929,
         0.2643, -0.0270], device='cuda:0', requires_grad=True)