conv1.weightParameter containing:
tensor([[[[ 2.0158e-04,  1.6291e-04,  2.8927e-06, -7.2376e-05, -1.3570e-04],
          [ 9.0247e-05, -3.2735e-05,  3.5306e-05,  1.1629e-04,  1.1941e-04],
          [ 6.2966e-06, -1.5213e-04, -4.3752e-05,  1.2326e-04, -6.6594e-06],
          [-5.4331e-06, -3.2328e-05, -6.8779e-05, -1.3966e-04,  8.8505e-05],
          [-3.7836e-05, -3.9959e-05, -1.3531e-04, -8.8504e-05,  6.6226e-06]]],


        [[[-1.0686e-04,  9.2039e-05,  1.5710e-04, -2.8016e-04,  1.7580e-04],
          [ 6.2589e-05,  6.1161e-05, -5.1572e-05,  6.9672e-05, -4.0776e-05],
          [ 4.6866e-05, -7.6403e-05,  1.4718e-04, -1.4502e-04, -4.1390e-05],
          [-5.8747e-05,  7.9135e-06,  1.5584e-04, -2.7999e-04, -8.0742e-06],
          [ 1.5743e-04,  2.4235e-04, -1.4793e-04,  8.3262e-05, -1.0765e-04]]],


        [[[-4.6605e-05,  4.3468e-05,  1.0616e-04,  1.1622e-04,  1.5036e-06],
          [-7.4396e-05,  1.0795e-04,  9.0487e-05, -1.5728e-04,  1.9349e-04],
          [-1.8294e-04, -1.2257e-04, -8.7110e-05,  6.7233e-05,  1.1423e-04],
          [ 1.0644e-04, -8.8711e-05,  4.6965e-05,  1.4459e-04, -6.6557e-05],
          [ 9.0175e-05,  1.4238e-06, -1.0858e-05,  3.6303e-05,  3.1527e-05]]],


        [[[-6.1613e-04, -1.3040e-03, -9.7596e-04, -6.4507e-04, -2.7929e-03],
          [-3.2351e-06, -2.7457e-04,  6.7492e-04,  4.5412e-04,  2.4114e-03],
          [-3.4890e-04,  4.9813e-01,  9.1128e-01,  6.9711e-01,  5.0361e-02],
          [ 2.5093e-01,  1.3918e+00,  1.8334e+00,  1.0339e+00,  1.1449e-01],
          [ 2.2999e-03,  5.7049e-01,  7.3742e-01,  1.6663e-01,  6.4527e-04]]],


        [[[-6.3062e-05,  7.9669e-05,  1.2453e-04,  4.3177e-05, -4.1823e-05],
          [-6.7372e-05,  1.5802e-04,  3.0997e-07, -2.7527e-06, -3.8534e-05],
          [-9.5072e-05, -9.4001e-05,  3.0675e-05,  8.4008e-05,  5.8019e-05],
          [ 1.1091e-05,  2.2839e-04, -4.5773e-05,  3.5666e-05,  1.8741e-04],
          [-2.1605e-04, -3.5381e-05,  5.7053e-05, -2.4071e-04, -2.3075e-05]]],


        [[[ 5.7499e-05,  4.8671e-05, -6.8893e-05, -8.1118e-05,  7.9901e-05],
          [ 2.1829e-05, -3.7686e-05,  6.8457e-05,  1.6192e-04, -4.9085e-05],
          [ 9.0083e-05, -6.6325e-05, -1.2088e-04,  1.5102e-04, -1.4262e-05],
          [-3.6371e-05,  1.3250e-04, -7.7581e-05,  2.6564e-05,  6.7082e-05],
          [-3.5950e-05,  1.6141e-04, -1.3473e-05,  4.8716e-05, -1.3863e-05]]],


        [[[-1.0213e-04,  2.5792e-05,  1.1968e-04, -1.4931e-05, -7.8215e-05],
          [-8.3330e-05, -5.1084e-05, -1.2642e-04,  8.8546e-05,  1.3705e-04],
          [ 7.6705e-06,  5.3715e-06, -3.2370e-06, -3.3849e-05, -1.1005e-04],
          [ 5.9951e-05,  3.7882e-05, -2.1049e-05,  1.3679e-04,  3.4586e-05],
          [ 6.9095e-05, -1.0106e-04,  2.6325e-05,  9.7604e-05,  1.1785e-04]]],


        [[[-2.0791e-05,  1.1103e-04, -1.2952e-04,  1.3765e-04,  1.1153e-04],
          [-8.8819e-05, -2.1837e-04, -1.2361e-04,  1.5193e-04, -7.0909e-05],
          [-5.0238e-05, -6.8708e-05, -2.1435e-05, -3.7493e-05, -9.3736e-05],
          [-1.9355e-04, -2.5048e-05,  1.5634e-04,  9.2358e-05,  8.1017e-05],
          [ 4.3667e-05, -5.2143e-05, -1.1151e-04,  1.0012e-04, -1.1083e-04]]],


        [[[ 2.2234e-05,  2.7786e-05,  2.2879e-05,  1.3041e-05, -2.5159e-05],
          [ 3.4233e-05,  4.7056e-05,  1.8782e-04,  2.2385e-04, -9.6407e-05],
          [-1.4126e-04,  2.4070e-05,  3.3732e-05,  6.2380e-05,  5.6130e-05],
          [ 2.5276e-04,  1.7338e-05,  2.2054e-05,  8.0425e-05,  1.1134e-04],
          [-1.2307e-04,  9.0957e-05, -7.6706e-05, -5.5979e-05,  4.8454e-05]]],


        [[[ 5.9442e-05,  9.4945e-06,  6.8234e-06, -1.0491e-04,  1.4460e-05],
          [ 1.7011e-04, -2.0239e-05,  4.7932e-05, -2.3537e-04, -1.1669e-04],
          [-6.5397e-05, -6.1454e-05,  8.3456e-05, -1.1812e-05, -2.3981e-05],
          [-8.0006e-05, -7.9441e-07,  1.4447e-05,  5.1940e-05,  1.3771e-04],
          [-2.7174e-05, -5.5714e-05,  6.0234e-05, -2.8946e-04, -1.3521e-04]]],


        [[[-1.6697e-05, -7.3521e-05, -1.0932e-04,  3.0538e-05,  2.7425e-05],
          [-4.6717e-05, -6.5514e-05,  7.3711e-05, -4.5030e-06, -2.0854e-04],
          [ 7.3497e-05, -1.0585e-04,  1.5228e-04, -6.2238e-05, -1.5999e-04],
          [-6.9084e-05, -1.5852e-04, -3.6784e-05,  1.0480e-04,  1.8786e-04],
          [ 1.2135e-04, -8.1577e-05,  4.6125e-05,  9.7177e-05,  1.8078e-05]]],


        [[[-4.8054e-05,  1.5759e-04, -1.3333e-05,  1.7619e-04, -1.3768e-04],
          [-2.8325e-05,  1.0136e-04,  1.1735e-04, -1.1622e-04, -1.7652e-04],
          [-6.4986e-05, -4.9062e-05,  1.2023e-04, -2.0589e-04, -3.9279e-05],
          [-7.9515e-05,  6.3976e-05, -3.0756e-06,  5.6375e-05, -2.6019e-04],
          [ 1.9534e-05,  2.5542e-05,  1.8679e-05,  2.8369e-05, -7.4617e-05]]],


        [[[-5.9279e-06,  2.9435e-05, -1.5149e-04,  1.5127e-05, -1.6492e-04],
          [ 6.4362e-05, -1.2956e-04, -2.5564e-04, -1.1990e-04, -6.7835e-05],
          [ 1.2498e-04,  1.8265e-04,  1.9797e-04,  1.5698e-04, -7.5681e-05],
          [-3.6905e-05, -5.8779e-05,  2.3236e-05, -5.0224e-05,  7.4925e-05],
          [-2.3371e-05,  6.4113e-05,  5.0874e-05,  1.1288e-04, -1.1835e-04]]],


        [[[ 6.2383e-05,  1.5498e-04,  1.8372e-04, -7.6992e-06, -5.3996e-05],
          [ 5.2690e-05,  9.6563e-05,  8.0042e-05,  6.1405e-05,  1.7571e-05],
          [ 1.7138e-04,  1.7037e-04, -5.2194e-05,  1.9029e-05, -5.3409e-05],
          [-1.5460e-04,  1.4034e-05,  1.0561e-04,  7.4286e-05, -8.3903e-05],
          [-1.5097e-05,  1.1792e-05,  5.7029e-05,  6.4066e-06, -1.0844e-04]]],


        [[[-1.2713e-05,  4.5647e-05,  1.3442e-04, -4.5385e-05,  1.8368e-04],
          [ 9.9449e-05, -2.3928e-04, -9.7602e-05, -6.0701e-05, -1.0843e-04],
          [-1.9484e-04,  8.9662e-05, -1.9943e-04,  9.1113e-05, -1.7339e-05],
          [ 1.9160e-04,  1.3664e-04, -2.9233e-04,  5.0918e-05, -1.6936e-04],
          [-1.7819e-05, -1.9949e-04,  4.1774e-06, -1.7071e-04, -1.8207e-04]]],


        [[[-1.3678e-05, -2.6041e-05,  2.4683e-05,  1.1980e-04, -1.1211e-04],
          [-1.9449e-04, -4.8339e-05, -5.9295e-05, -1.2326e-04,  8.9510e-05],
          [-2.1092e-05,  2.6831e-04, -1.5550e-04, -1.0756e-05,  1.2957e-04],
          [ 9.8842e-05, -2.0331e-04, -2.4478e-05, -2.2256e-04,  2.6157e-04],
          [-7.1076e-05,  7.0276e-06,  7.2902e-05,  2.7160e-05, -1.7066e-04]]],


        [[[ 1.6946e-04, -2.9894e-05, -9.0326e-07,  2.1594e-04, -6.2904e-06],
          [ 1.4357e-04, -5.6716e-05,  7.4449e-05,  9.1114e-06, -8.1242e-05],
          [-1.3143e-04,  2.2386e-05, -9.8653e-05,  1.3449e-04,  7.6236e-05],
          [ 4.7967e-05, -1.6058e-04, -7.1033e-05,  5.6416e-05, -1.0381e-04],
          [-4.8116e-05,  7.1863e-07, -1.0410e-04, -9.8498e-05,  1.0462e-05]]],


        [[[-1.1884e-04, -4.0735e-05, -7.2118e-05, -8.1047e-05, -6.0855e-05],
          [-1.0631e-05,  2.0748e-04,  2.1033e-04, -8.0242e-05, -1.2534e-04],
          [-2.0028e-05, -1.0045e-04, -1.4895e-04, -2.1257e-04,  7.2280e-05],
          [ 2.0853e-05, -6.0517e-05,  1.3437e-04,  1.0700e-04, -9.4514e-05],
          [-1.5081e-05, -8.6165e-05, -2.5370e-05,  1.8991e-05,  5.6002e-05]]],


        [[[-6.4184e-05,  4.9968e-05, -1.6703e-05,  1.5307e-04, -6.7218e-06],
          [-1.2426e-04, -1.7685e-04,  6.3412e-05, -3.8670e-04, -1.8358e-04],
          [ 1.4903e-04,  5.5772e-05, -2.5877e-04, -8.6280e-05,  1.9674e-06],
          [ 5.6199e-05, -3.8765e-04, -3.0364e-06,  3.0225e-05,  1.8548e-05],
          [ 1.0816e-04,  4.3108e-05,  3.8492e-04,  4.9126e-06,  1.5570e-04]]],


        [[[-1.5531e-04, -8.3682e-05,  3.8582e-05,  1.6569e-04,  6.0962e-05],
          [-1.6390e-04, -9.0528e-06,  9.8006e-05, -1.5050e-04,  9.3034e-05],
          [ 1.0899e-04,  6.1718e-05,  2.2756e-04, -3.8862e-05, -1.3213e-04],
          [ 1.2704e-05, -1.4753e-05, -1.1445e-04, -8.1915e-05, -1.1525e-04],
          [ 5.2323e-05,  9.0826e-05, -1.3205e-04, -1.0843e-04,  1.0948e-04]]]],
       device='cuda:0', requires_grad=True)conv1.biasParameter containing:
tensor([-0.0030, -0.0154,  0.0073,  0.0015,  0.0009,  0.0165,  0.0090, -0.0006,
        -0.0620,  0.0045, -0.0007,  0.0186,  0.0162,  0.0392,  0.0343,  0.0038,
        -0.0028, -0.0007,  0.0016, -0.0008], device='cuda:0',
       requires_grad=True)conv2.weightParameter containing:
tensor([[[[ 1.2328e-04, -9.4298e-05, -1.3478e-04,  2.1289e-05,  4.0848e-05],
          [-2.7354e-04, -8.2411e-05, -2.8704e-05, -1.7074e-04,  7.8978e-05],
          [-5.0822e-05,  1.3779e-04,  4.5744e-05, -8.0300e-06, -3.9523e-05],
          [-1.3472e-04, -6.1404e-05, -1.2477e-04,  9.7179e-05, -9.6754e-05],
          [-8.2582e-05,  2.0178e-05,  8.8139e-05, -3.3676e-05,  1.7724e-05]],

         [[ 6.9762e-05, -4.1784e-05,  5.5983e-05,  3.0137e-05, -6.4697e-05],
          [-2.5747e-04,  2.2126e-04,  8.5450e-05, -1.1699e-04,  5.6790e-05],
          [-1.4903e-04,  5.1906e-05,  1.7827e-04,  3.2047e-05,  1.4106e-07],
          [-4.3451e-05, -2.1654e-05,  1.0049e-04, -7.5943e-05, -2.0468e-05],
          [-8.4307e-05, -3.6314e-05,  1.0247e-05,  6.8223e-05,  9.5331e-05]],

         [[ 1.1408e-04, -4.7589e-05,  1.1449e-04,  3.9062e-05,  1.2766e-04],
          [-9.1881e-05,  2.5623e-04,  4.4303e-06, -1.0122e-04,  1.0423e-04],
          [ 1.5379e-04, -9.8377e-05,  3.7984e-05,  1.5307e-04,  9.9298e-05],
          [-4.9587e-05,  6.8658e-05,  3.0840e-05,  2.9425e-06,  8.4717e-05],
          [ 1.0692e-04, -6.8706e-05, -5.4942e-05, -3.4855e-07, -1.2662e-05]],

         ...,

         [[ 1.4291e-05, -2.4356e-05, -1.2253e-04,  1.1509e-04, -1.4065e-04],
          [-7.2313e-05,  1.3164e-04, -1.7783e-04, -9.6433e-05, -2.8495e-05],
          [-1.2211e-04,  7.6308e-05, -2.4974e-04,  9.8125e-05, -5.3912e-05],
          [ 6.7249e-05,  2.4960e-04,  1.2233e-06,  8.2413e-05,  8.2365e-05],
          [ 3.3389e-05, -7.4489e-05, -9.7025e-05,  2.4944e-04, -4.8428e-06]],

         [[-3.6469e-05, -1.2691e-04,  1.3016e-04,  8.0619e-05,  3.8246e-06],
          [ 5.9396e-05,  5.0793e-05,  3.8658e-06, -4.3398e-05, -1.0437e-04],
          [ 9.9208e-05,  9.5806e-05,  3.6646e-05,  1.2723e-05,  7.8645e-05],
          [-3.7888e-05, -3.7991e-05, -5.3692e-05,  4.3825e-05,  2.0026e-05],
          [ 6.1538e-05,  5.7855e-05, -3.4021e-05, -2.0003e-05,  2.2026e-05]],

         [[ 3.1801e-05, -2.6389e-04, -2.1555e-04, -1.0805e-04,  3.8208e-05],
          [-2.4251e-05, -2.4573e-05,  7.6736e-05,  2.2747e-05,  9.9612e-05],
          [-1.1191e-04, -5.2967e-05,  1.8535e-05,  5.2688e-06,  1.3127e-04],
          [ 3.7079e-05, -1.9041e-05,  3.9252e-05, -1.2421e-04, -1.0605e-04],
          [ 2.4778e-05, -2.5753e-05, -5.3134e-05, -1.1180e-04,  2.6744e-04]]],


        [[[ 1.3388e-05, -5.4681e-05, -2.0302e-05,  3.9158e-05, -4.0113e-05],
          [-1.3501e-05,  8.8139e-05,  7.1851e-05,  1.0893e-04, -1.0757e-04],
          [-1.9325e-04,  7.0179e-05,  3.3278e-05,  3.5638e-05, -7.0249e-05],
          [-2.0277e-05, -8.6063e-06, -3.5979e-05,  5.0137e-05, -1.0761e-04],
          [-4.0213e-05, -3.9619e-05,  2.7072e-05, -5.2806e-05,  1.0270e-04]],

         [[-1.0532e-04, -8.1941e-06,  7.9239e-05, -1.6248e-04, -8.8455e-05],
          [-7.8600e-05,  1.1362e-04,  8.0712e-05, -5.6314e-05, -6.2199e-05],
          [ 3.6562e-05, -1.5168e-04, -2.5775e-05,  2.9257e-05, -8.5161e-05],
          [-4.6661e-05,  1.0830e-04, -2.9188e-05, -3.8539e-05,  1.3417e-05],
          [ 4.0898e-05,  6.1635e-05, -1.2794e-04,  1.1126e-05, -5.8169e-05]],

         [[-1.1939e-04,  9.5306e-06, -1.1137e-07, -1.1666e-04, -3.7268e-06],
          [-7.9284e-05, -1.3423e-04,  1.7264e-06,  8.0129e-06,  1.7650e-04],
          [-1.3406e-05,  7.8920e-05, -9.7698e-05, -1.0179e-05,  4.1769e-05],
          [-8.2015e-05, -8.7631e-05,  2.6680e-05,  1.3000e-04,  6.1512e-05],
          [ 8.3792e-05,  9.9925e-05, -4.1767e-05,  4.0215e-05, -1.5416e-04]],

         ...,

         [[ 3.5307e-05, -4.0674e-05,  2.6583e-05, -1.0401e-04,  1.1698e-05],
          [-6.3012e-05,  1.2440e-05,  1.9661e-05, -9.5026e-06, -9.8450e-05],
          [-5.7236e-05,  1.2422e-05, -2.9285e-05, -1.2494e-05,  5.9644e-05],
          [-1.7562e-04, -2.6751e-05, -1.9035e-05,  2.7141e-05, -9.4419e-06],
          [-2.6440e-05,  1.8196e-05, -6.3052e-05,  3.9598e-07, -1.7047e-05]],

         [[ 8.4818e-05, -4.8176e-05, -1.8743e-04, -2.9025e-05,  1.6084e-04],
          [-6.8594e-05, -2.0709e-05, -5.3827e-05,  6.4869e-05, -3.7781e-05],
          [-1.1062e-04,  1.1450e-04,  8.6908e-05,  5.4850e-06, -5.7095e-06],
          [-1.5814e-04, -5.8590e-05, -1.2455e-04,  1.6588e-05,  5.7924e-05],
          [-3.6532e-06,  2.2314e-05, -1.5695e-04,  1.1000e-04, -3.8235e-05]],

         [[ 8.0751e-05,  2.0377e-04, -4.6965e-05,  2.1274e-04,  4.9037e-05],
          [-2.7239e-04,  7.8055e-05, -3.9425e-05,  1.4566e-04,  4.2828e-05],
          [-1.1828e-04,  1.7023e-04,  1.7136e-04,  2.1123e-04,  1.7070e-04],
          [ 5.8756e-05,  4.5431e-06, -1.4257e-05, -4.3014e-05, -1.0466e-04],
          [ 2.8664e-05,  2.5214e-05, -9.0529e-07, -1.4384e-04,  4.4583e-05]]],


        [[[-6.4643e-05, -1.3645e-04, -7.1862e-05,  8.5681e-05, -1.3878e-04],
          [-4.4277e-05, -6.3848e-05,  1.8059e-04,  3.2288e-05,  7.2392e-05],
          [ 3.3130e-05, -1.0003e-04, -1.1523e-04,  2.3919e-05,  5.1311e-05],
          [ 9.9662e-05, -4.7653e-05, -8.7668e-05, -1.3811e-05,  4.4262e-05],
          [ 2.9981e-05,  1.1674e-04,  4.6570e-05, -7.9482e-05, -2.5994e-06]],

         [[-6.8010e-05,  3.2261e-06,  1.2371e-04, -6.4423e-07, -5.8012e-06],
          [-1.0837e-04,  4.6983e-05,  2.8667e-05,  4.9258e-05,  5.5702e-05],
          [ 1.7928e-06,  6.5009e-06,  4.1493e-05, -1.4490e-05, -7.9817e-05],
          [ 5.2161e-05, -1.2175e-04,  2.3452e-05,  3.7225e-06, -7.2929e-06],
          [ 1.2528e-04,  3.0763e-05,  1.1328e-05,  1.0940e-04,  8.6676e-05]],

         [[ 8.7471e-05, -7.5017e-05, -2.0638e-05, -1.2332e-04,  1.9850e-05],
          [ 5.2469e-05, -6.1385e-06,  7.6727e-05,  5.8618e-05, -8.7558e-05],
          [-8.7822e-05,  1.2837e-04, -5.1172e-05,  5.2798e-05,  5.5359e-05],
          [ 5.9660e-05, -1.5878e-05,  5.5008e-05,  9.0538e-07, -4.6969e-05],
          [-5.6897e-05, -1.7767e-04, -8.9046e-06, -7.6837e-05, -5.6867e-05]],

         ...,

         [[ 1.3087e-05,  8.1115e-06, -7.9621e-05,  5.8013e-05,  1.1931e-04],
          [ 2.5082e-06, -9.2388e-05, -1.1837e-04, -2.5786e-05,  1.0086e-04],
          [-8.1245e-05, -5.0336e-05,  1.2613e-04,  2.6224e-04,  1.8608e-05],
          [ 1.1349e-04, -5.3641e-07, -1.4980e-04,  1.0590e-05,  1.0923e-04],
          [-1.3995e-04,  2.6786e-06, -4.2313e-05,  4.5223e-05,  1.1701e-05]],

         [[-1.1815e-04, -4.2461e-05, -3.5941e-06, -4.5299e-05,  3.5354e-05],
          [-1.2904e-04, -6.1705e-05,  1.4582e-04, -3.0979e-05, -1.8800e-04],
          [-1.0169e-04, -4.3849e-05,  4.5593e-05, -1.8797e-04, -5.9617e-05],
          [ 4.8390e-05,  1.4350e-04,  1.1804e-04, -4.0049e-05,  8.2883e-05],
          [-1.9451e-05,  8.0050e-05,  4.3894e-05, -4.0826e-05, -3.9551e-05]],

         [[-2.5147e-05, -3.0846e-05,  7.1279e-05, -1.3461e-04,  2.1707e-05],
          [ 4.2827e-05, -1.1638e-04,  6.2192e-05,  3.8048e-05,  1.2260e-05],
          [ 2.5335e-05, -9.1000e-05, -1.8901e-05, -2.6350e-05, -3.0983e-05],
          [ 1.7801e-04, -9.5984e-05, -1.8950e-05,  1.3073e-04,  5.7318e-06],
          [ 1.3692e-04,  3.0976e-05,  7.1505e-05,  1.8804e-05, -9.6211e-05]]],


        ...,


        [[[ 1.3036e-04, -7.7602e-05, -5.0966e-05,  6.9626e-05,  8.2328e-05],
          [-1.1771e-04,  1.1266e-04,  1.0861e-04, -1.0670e-05,  6.8980e-05],
          [-3.1575e-05, -4.7760e-05, -6.5704e-05, -1.7137e-05, -1.3160e-04],
          [-1.8916e-04, -3.7129e-05,  5.1519e-05, -5.4337e-05,  5.9054e-05],
          [-9.2635e-06, -2.4171e-04,  9.7027e-05, -1.1139e-05, -1.4675e-04]],

         [[-7.7376e-05, -3.9379e-05,  7.6122e-05, -1.7720e-04,  3.4942e-05],
          [ 4.6249e-05,  1.2515e-04,  1.0060e-04, -1.9871e-04,  7.9930e-05],
          [-8.6042e-05,  5.2373e-06,  3.4400e-05, -3.5319e-05, -3.4980e-05],
          [ 6.3962e-05, -2.3148e-05, -1.6496e-04,  4.2038e-05,  4.0223e-05],
          [ 7.7152e-05, -1.3428e-04,  1.7410e-04, -3.2718e-05,  3.4607e-05]],

         [[ 1.5192e-04,  7.4612e-05, -1.3460e-04,  5.0459e-05, -8.1556e-05],
          [-1.7319e-06, -7.5472e-05, -2.3471e-05,  1.3767e-04, -1.2253e-04],
          [-1.4957e-04,  8.6883e-05,  1.1522e-04,  1.5542e-05,  3.1508e-05],
          [ 2.3555e-05,  5.9681e-06, -1.4042e-05,  4.5369e-05, -1.8475e-04],
          [ 1.2080e-04,  1.1423e-04, -5.2691e-05,  9.1016e-05,  5.9016e-05]],

         ...,

         [[-1.7777e-05,  1.5062e-04,  2.6264e-04,  1.4900e-04,  2.6208e-06],
          [-6.4911e-05,  1.2681e-05,  1.3835e-04,  9.0339e-05,  8.0945e-05],
          [ 9.8654e-05,  1.3974e-04,  9.0068e-05, -1.3888e-04, -3.7552e-05],
          [-3.6995e-05, -5.2021e-05, -3.1253e-06, -7.6697e-06, -4.5721e-05],
          [ 7.2909e-05, -2.7275e-07, -7.2406e-05,  4.2610e-05,  4.8780e-05]],

         [[ 2.7751e-04, -2.0506e-04,  3.6025e-05,  1.7456e-04, -2.5357e-04],
          [-3.6521e-05, -9.9825e-05, -7.2085e-05, -1.2202e-06,  7.7455e-05],
          [ 7.9021e-05,  2.1990e-05, -1.1107e-04, -3.1903e-05,  6.7625e-05],
          [-5.8227e-05,  2.1973e-05,  1.1154e-04, -1.5866e-05,  2.2671e-05],
          [ 1.7915e-04, -1.5226e-04,  2.0543e-05, -2.7731e-04,  8.3630e-05]],

         [[-8.4630e-05, -1.4719e-04,  9.0869e-05,  8.5175e-05,  1.5536e-04],
          [-2.0443e-04,  7.2369e-05, -2.0172e-05, -2.7926e-05, -7.9026e-05],
          [-1.9904e-04, -4.2084e-05,  6.1698e-05,  2.2850e-05,  1.0880e-05],
          [ 7.7981e-05, -7.0609e-05, -1.4736e-04, -3.8369e-06,  5.0356e-05],
          [-5.4734e-06, -1.2057e-05,  6.9073e-06,  6.3129e-05,  4.4235e-05]]],


        [[[ 2.0822e-05,  2.5004e-05, -1.0753e-04, -8.5431e-05, -1.5399e-04],
          [-2.0666e-05, -2.2561e-05, -8.8450e-06, -1.1629e-05, -4.4476e-05],
          [ 1.4344e-04,  2.8783e-05, -1.6870e-05,  1.2892e-04,  4.2007e-06],
          [ 9.4668e-05, -1.2597e-04,  3.9531e-05, -2.1598e-04, -2.5816e-07],
          [-5.3700e-05,  4.1517e-05,  6.5132e-05, -4.8906e-05, -1.5175e-04]],

         [[ 5.4610e-05,  3.4416e-05, -1.5457e-04, -8.6780e-05,  3.9460e-05],
          [-3.4245e-05, -7.9349e-06, -1.9318e-04, -2.6110e-05, -8.9210e-05],
          [ 6.4360e-05, -5.6428e-05, -4.4312e-06,  6.4805e-05,  8.9215e-05],
          [-9.0138e-05,  3.3965e-05,  4.9385e-05,  6.9771e-05,  2.6409e-06],
          [ 2.3152e-05,  4.0795e-06,  4.1242e-05,  2.6907e-05,  7.5452e-05]],

         [[ 1.4978e-05,  2.0175e-05,  1.6343e-04,  5.2201e-05,  8.7579e-05],
          [ 9.5197e-05,  8.9755e-05, -1.0291e-04, -1.1399e-04,  2.3853e-05],
          [-3.3838e-05,  5.6557e-05,  1.0777e-04,  7.8986e-05,  4.9890e-05],
          [-6.9106e-05,  4.2841e-05,  9.5091e-05, -7.5954e-05, -2.0133e-04],
          [ 6.1207e-06,  6.2577e-05, -3.4729e-05, -3.4430e-05,  6.4130e-05]],

         ...,

         [[-4.5134e-05, -1.1347e-04,  4.8563e-05,  5.4471e-05, -4.4087e-05],
          [ 1.2265e-04,  6.0287e-05, -2.7472e-05,  3.9256e-06, -5.1391e-05],
          [-5.2081e-05, -2.7226e-05,  4.9294e-05,  9.5540e-05,  1.9011e-05],
          [ 4.0353e-05,  1.0755e-04, -2.8932e-05, -9.4997e-05, -3.2059e-05],
          [-1.0472e-04,  9.1729e-05,  8.6072e-05,  1.9349e-04,  3.8027e-05]],

         [[-5.8532e-05, -9.2769e-05,  3.2195e-05, -1.2755e-04, -4.0373e-05],
          [-4.7917e-05,  5.0059e-05,  1.0197e-04,  7.3070e-05, -2.8007e-04],
          [ 1.7122e-04, -1.4758e-05,  5.3027e-05, -4.4510e-05,  2.6949e-04],
          [ 5.2211e-05,  4.1709e-05, -7.4326e-05,  1.5995e-06, -4.3967e-05],
          [-5.4824e-05,  9.2031e-05, -5.4706e-05, -3.4241e-05,  3.0867e-05]],

         [[ 2.7310e-04, -1.0356e-05, -8.3072e-05,  2.6027e-04, -3.7310e-05],
          [ 4.2647e-05, -9.0782e-06, -6.5216e-07,  9.9374e-05, -9.7033e-05],
          [-1.2139e-05,  9.1030e-05,  1.0628e-05,  1.3019e-04,  1.7960e-04],
          [-2.9246e-06,  3.8148e-09, -3.4632e-05, -1.6181e-04, -4.8434e-05],
          [ 1.7756e-08, -1.6422e-05, -1.0983e-04, -8.2287e-06,  3.8797e-05]]],


        [[[ 4.1925e-05, -3.0764e-05,  1.6258e-04, -3.5998e-05,  9.7038e-05],
          [ 1.4139e-05,  4.3270e-05, -7.0629e-05,  3.2764e-05, -8.5064e-05],
          [-1.3054e-04,  7.4968e-05, -1.6088e-05,  1.9743e-04,  9.5288e-05],
          [-1.6078e-04, -2.9165e-05,  1.0101e-05, -3.3153e-05,  1.0301e-04],
          [-1.7642e-04,  1.5185e-04,  3.0092e-05, -9.4878e-05, -2.0016e-05]],

         [[-8.7374e-05, -1.0550e-04,  5.1017e-05, -4.1311e-05, -2.1113e-04],
          [ 2.9952e-05,  3.5681e-05,  1.9588e-04, -6.9203e-05,  3.6978e-05],
          [-9.9446e-06,  6.9304e-05, -8.6263e-05, -1.8535e-05,  4.0696e-05],
          [ 7.3802e-06, -7.0991e-05, -1.7992e-06, -8.4416e-05,  5.9061e-05],
          [ 1.1188e-04,  5.6196e-05, -4.5238e-05,  7.5673e-05,  1.8611e-05]],

         [[-6.6919e-05, -1.9912e-05, -5.0729e-05, -6.8158e-05, -1.3705e-04],
          [ 2.3285e-05, -2.0310e-04,  4.2313e-05,  7.5126e-05,  8.3445e-05],
          [ 1.2733e-04, -8.0236e-05,  1.5233e-04, -1.4695e-04, -5.6695e-05],
          [ 5.1124e-06,  3.5138e-05,  7.6553e-05,  1.0693e-04, -2.9515e-06],
          [-4.3649e-05,  1.4483e-04,  3.4838e-06,  7.4735e-05, -5.6581e-05]],

         ...,

         [[-3.7047e-05, -8.4748e-05,  4.5691e-05,  1.7344e-04, -6.2481e-05],
          [ 4.5668e-05,  3.1140e-05, -5.4701e-05, -1.8591e-05,  5.3110e-05],
          [-8.8878e-05, -1.2957e-04, -7.2152e-05, -1.2307e-05,  1.4913e-05],
          [-1.7393e-06, -6.7341e-05, -1.2637e-06, -6.5937e-06, -5.9648e-05],
          [ 2.3104e-06, -1.6538e-04, -1.6409e-04, -2.7505e-05, -6.6617e-05]],

         [[ 5.1891e-05,  1.0157e-05, -1.4671e-05, -5.1496e-05, -5.0767e-06],
          [-8.0899e-05,  3.1599e-05,  9.9655e-05,  3.0562e-06, -1.0375e-05],
          [-1.6206e-04, -1.8794e-05, -1.9580e-04, -1.7515e-04, -1.5459e-04],
          [ 9.5493e-05, -5.0873e-05,  3.1418e-05, -8.0840e-05,  7.7449e-06],
          [ 1.9122e-05, -8.6451e-05, -4.7408e-07, -6.4488e-05,  2.0647e-04]],

         [[ 1.2370e-04, -3.9629e-05, -8.0361e-05,  5.3122e-05, -3.5184e-05],
          [-2.8693e-05, -8.1835e-06,  1.0181e-04, -1.7314e-05,  2.8326e-05],
          [ 3.8007e-06,  1.0331e-04,  6.3688e-05,  1.9030e-05, -8.2724e-05],
          [-2.7059e-05,  5.6076e-06,  1.3590e-04, -3.6016e-05, -3.7897e-06],
          [ 6.3433e-05, -3.1136e-05,  8.2387e-05,  1.4216e-04, -4.8365e-05]]]],
       device='cuda:0', requires_grad=True)conv2.biasParameter containing:
tensor([-0.0056, -0.0312, -0.0038, -0.0049, -0.0059, -0.0052, -0.0047, -0.0092,
        -0.0039, -0.0058, -0.0112, -0.0175, -0.0108, -0.0497, -0.1450, -0.0097,
        -0.0109, -0.0041, -0.0046,  0.1112, -0.2838, -0.1163, -0.0045, -0.0176,
        -0.0144, -0.0054, -0.0037, -0.0036, -0.0094, -0.0047, -0.0048, -0.0517,
        -0.0043, -0.0041, -0.0077, -0.0048, -0.0045, -0.0468, -0.0259, -0.0890,
        -0.0031, -0.0036, -0.0054, -0.0148, -0.0063, -0.0032, -0.0046, -0.0066,
        -0.0027, -0.1909], device='cuda:0', requires_grad=True)fc1.weightParameter containing:
tensor([[-1.2173e-09,  2.5755e-05, -1.1138e-06,  ..., -4.6306e-02,
          8.7900e-02, -2.3297e-02],
        [-2.0415e-09,  1.2929e-05, -8.1757e-05,  ...,  4.5407e-02,
          3.8511e-03, -2.0922e-03],
        [ 4.4759e-41, -2.1877e-41,  4.6594e-35,  ..., -9.9576e-29,
         -3.3346e-28, -4.1641e-28],
        ...,
        [ 2.1777e-13,  1.2910e-08, -6.1292e-05,  ...,  5.6602e-02,
          3.6688e-02, -4.3798e-02],
        [ 2.0837e-12,  8.4067e-10,  1.4702e-08,  ...,  2.1682e-04,
          1.2049e-02, -1.7658e-02],
        [-3.7055e-09, -1.3141e-05, -2.4645e-05,  ...,  8.1277e-03,
          4.1419e-02,  1.6976e-02]], device='cuda:0', requires_grad=True)fc1.biasParameter containing:
tensor([-6.5245e-02,  1.1831e-02, -3.1198e-28,  1.4604e-02,  4.5138e-02,
        -2.2909e-02,  6.5401e-04,  2.5559e-02, -2.9825e-35,  7.6373e-02,
        -1.1581e-02,  7.7904e-03, -4.1090e-03, -7.8953e-03,  8.0965e-02,
         7.3274e-42,  2.1329e-02, -3.6814e-02,  1.8766e-02,  2.8913e-02,
        -1.3116e-41, -2.3219e-11,  9.6091e-03,  1.3169e-16,  2.4397e-02,
         4.2690e-02, -5.1401e-15,  8.9655e-42, -6.1182e-03,  3.4849e-03,
        -7.5427e-02, -1.0806e-13,  4.4050e-02,  1.0193e-02,  4.8821e-03,
         9.9210e-08, -3.8708e-23,  4.1623e-02,  5.8163e-02,  9.0645e-03,
         4.3055e-02, -2.4488e-03,  2.5136e-02,  1.5975e-23,  1.1722e-01,
        -9.7656e-41,  2.0690e-03,  1.2404e-35, -2.3241e-16,  1.0578e-36,
        -4.3126e-03,  2.3052e-02, -1.7224e-13,  2.4178e-02, -1.6540e-02,
         9.4506e-02,  1.4104e-03,  4.8977e-02, -1.0211e-11,  3.0263e-03,
        -1.2369e-12,  6.3554e-10,  4.0319e-03,  3.0633e-02,  6.6323e-02,
        -6.7934e-03, -1.0867e-02, -4.1924e-02,  1.1940e-03,  4.5327e-03,
        -5.4788e-11,  1.6974e-02, -2.2467e-02, -5.1313e-02, -1.3530e-10,
        -1.9804e-12, -6.1790e-04, -3.5111e-13,  7.8212e-02, -7.6815e-04,
        -4.6103e-42, -2.9690e-05,  1.2799e-02,  5.7985e-03, -4.1623e-02,
        -4.0480e-05, -3.3300e-03,  2.5703e-03, -3.1193e-02, -2.0233e-02,
         8.3966e-02,  3.8473e-02, -6.2997e-18, -1.4554e-09,  2.4157e-03,
         5.7027e-02,  4.1675e-42, -2.4761e-03, -1.7578e-29,  4.7682e-02,
         7.6576e-03, -1.0323e-06,  7.7346e-03, -1.6086e-15, -6.0280e-03,
        -5.8157e-15, -2.5804e-05,  1.8488e-02, -7.1839e-02,  5.4453e-02,
        -2.7203e-02, -5.5246e-02,  1.0873e-01,  5.4765e-25, -7.2283e-02,
         2.8225e-03,  5.2644e-02,  4.7644e-44, -6.7822e-02, -1.4498e-02,
         1.0590e-02,  2.0287e-02, -7.1088e-42, -9.5080e-03, -5.5473e-02,
        -1.8448e-12, -2.5417e-03, -1.6929e-02,  4.7517e-02,  3.2045e-02,
        -4.6012e-03, -1.1788e-35, -1.2623e-13,  5.1938e-03,  2.1606e-02,
        -6.5119e-28,  2.0127e-02, -1.5066e-17,  3.2860e-02,  6.3717e-03,
         6.2526e-02,  1.0083e-02, -6.6653e-20, -1.2994e-19,  7.8704e-36,
         9.3036e-02, -4.2515e-06, -1.0624e-02,  8.5384e-02,  2.3415e-02,
         4.2761e-02,  4.9788e-42,  1.2926e-03,  1.3138e-18, -1.1575e-42,
        -6.7739e-23, -4.3184e-02, -4.1998e-02,  1.2607e-35, -1.8847e-17,
         3.0203e-08, -7.0978e-04,  2.3000e-40,  1.8432e-02,  7.8885e-02,
         3.2712e-02, -8.2624e-03,  1.3707e-40, -1.4141e-07, -1.2418e-05,
         2.3800e-02, -1.5200e-04, -1.3632e-04,  5.6339e-02,  2.5325e-02,
        -3.7851e-03, -6.2376e-03, -4.9787e-07,  3.5024e-02, -3.6980e-02,
         5.6624e-03,  6.3921e-03, -2.9855e-02,  1.3369e-02,  5.6805e-03,
        -4.9918e-06, -9.4240e-04, -3.0753e-02, -1.7375e-06, -2.0895e-03,
        -1.4445e-02, -2.9646e-02,  2.8957e-02,  2.1811e-02, -3.8353e-02,
         3.7607e-02, -6.8605e-04, -1.2051e-41, -6.8821e-05,  6.8517e-02,
        -6.4117e-07, -3.1966e-10,  7.5765e-03,  1.0158e-02,  1.7487e-02,
        -9.0618e-03,  3.8400e-02, -2.3107e-42,  2.0124e-02,  5.7733e-42,
        -4.4893e-07, -9.9100e-42, -4.7796e-29, -1.9493e-02,  2.5307e-02,
         8.1596e-02,  3.7309e-02,  6.6564e-03, -2.2513e-02,  7.3797e-02,
        -4.9604e-02,  5.7888e-42,  1.5385e-37, -2.2082e-02,  8.9256e-03,
         4.8831e-40,  2.3915e-24,  2.5102e-02,  9.9016e-42, -5.5150e-06,
         2.9424e-02, -1.9380e-04, -9.4499e-14, -1.0682e-23,  3.6876e-22,
         4.6076e-02,  1.7918e-02, -5.1736e-12,  7.5794e-09, -1.8381e-02,
        -2.7286e-32, -1.6804e-02, -1.2468e-02,  7.8026e-03,  1.3532e-02,
        -5.4433e-02, -5.4123e-03,  1.4222e-02, -1.2181e-02,  1.3226e-02,
         1.0080e-41, -3.0950e-02, -5.9831e-03,  1.7229e-02,  4.3024e-02,
        -1.9296e-02,  2.3121e-42,  7.5572e-42,  3.4025e-02,  2.9276e-02,
         9.2346e-42, -3.1543e-36,  1.1874e-02,  7.3372e-03,  2.8146e-02,
         1.1126e-41,  1.3305e-02, -2.2294e-24, -2.4476e-02,  2.7930e-02,
        -2.4208e-03, -6.3661e-09, -2.4113e-02, -4.3135e-02, -4.6445e-07,
        -7.7980e-08, -2.0332e-02, -1.0060e-08,  1.7735e-02, -2.7250e-02,
        -1.3841e-17,  5.2621e-03, -1.0863e-02, -2.8021e-02,  5.1554e-42,
        -2.3881e-35, -3.4682e-27,  4.2701e-02,  2.3841e-02,  1.1420e-02,
        -7.5540e-02, -3.5530e-15, -2.2142e-06, -3.8017e-05,  5.6400e-02,
         4.2020e-02, -1.3292e-02, -1.0730e-02,  4.3093e-02, -1.2811e-41,
        -3.0568e-25, -1.1268e-02, -1.9024e-02,  3.7043e-03, -6.1847e-23,
         1.6216e-02, -4.6133e-27,  2.2113e-02,  2.6143e-02, -4.6211e-02,
         1.7965e-03, -1.0978e-41,  6.0065e-02, -9.3266e-07, -1.2993e-02,
        -1.1144e-02,  1.0963e-02,  4.3181e-02, -2.5934e-02,  2.5571e-03,
         5.1993e-02, -6.1658e-03, -7.3650e-03, -1.0602e-41,  7.6158e-03,
        -3.2367e-11, -1.0364e-18,  3.0446e-02, -3.3653e-02, -4.5877e-09,
         1.3443e-41,  2.4468e-02,  2.4821e-02, -2.5656e-02,  9.0670e-02,
        -5.7431e-05,  6.4369e-02, -4.2770e-03,  1.3939e-02,  2.1332e-02,
         5.4392e-02, -1.2523e-02,  5.2638e-02,  9.7793e-02, -9.1591e-06,
        -3.0336e-03,  8.2273e-02, -9.5494e-02,  2.9417e-02,  4.0332e-02,
        -1.6838e-02, -6.1847e-12, -4.3948e-06,  1.4100e-04, -6.9432e-27,
        -1.9043e-02,  2.6631e-02, -1.4678e-03,  2.6050e-42,  8.1285e-03,
        -2.8966e-02, -1.1593e-02,  2.7696e-02, -7.0635e-03,  2.5647e-02,
        -3.3636e-35, -3.0933e-15,  1.3912e-02,  1.0111e-02, -1.6188e-33,
         9.5051e-02,  3.8569e-02, -2.1479e-02, -4.1578e-15, -1.5619e-02,
        -5.4600e-02,  5.4917e-42, -1.0764e-01, -1.6194e-11, -3.7197e-03,
        -4.3353e-17, -6.6470e-29, -1.5355e-09, -8.3589e-03, -3.5447e-02,
         3.8506e-35, -1.2399e-41,  6.1489e-02,  1.0227e-02,  3.5062e-02,
         3.5813e-03,  4.4460e-02,  9.5758e-03, -7.0105e-05,  7.5492e-16,
        -6.3243e-04,  6.9298e-02, -2.9440e-02, -4.3338e-02,  4.8346e-02,
        -1.4654e-36,  2.9517e-02,  4.8445e-02, -6.6843e-19, -2.4970e-03,
        -6.4237e-03, -3.4432e-02,  2.8212e-02, -2.8447e-02, -2.2007e-06,
        -1.1663e-02,  1.4406e-02, -1.1575e-02,  2.1498e-02,  1.8722e-02,
         7.0245e-02, -5.3831e-02,  7.6777e-03, -1.3108e-41,  1.6668e-02,
         2.1950e-02,  1.2068e-02, -8.9205e-24,  2.9920e-02, -3.1771e-09,
         2.8962e-02, -2.0493e-05, -1.5121e-03, -5.6076e-03, -3.9781e-02,
         5.9394e-02, -1.4937e-02,  1.3460e-02,  4.3921e-07,  1.6190e-02,
        -1.9380e-12,  4.3444e-02, -3.4489e-03, -1.1442e-02, -2.9802e-02,
         3.1000e-02,  9.2954e-03,  1.3311e-01, -6.9814e-03, -8.9336e-04,
        -9.1140e-42,  1.6347e-02, -1.2184e-28,  1.4906e-02, -2.2435e-12,
        -1.1248e-02,  1.2171e-02,  1.4332e-34, -5.3424e-02,  6.9740e-03,
         5.1758e-02,  1.1540e-01, -7.9335e-02, -5.9106e-19,  3.7989e-02,
         1.7879e-02,  1.8192e-03, -6.3951e-03, -8.7767e-21, -3.7930e-18,
        -1.7158e-06, -4.7553e-26, -1.0300e-40,  5.4633e-02, -2.6510e-07,
        -6.3113e-06, -4.2808e-02,  4.9808e-02, -5.5342e-02,  4.1544e-02,
         1.7593e-02,  1.7134e-02,  6.3729e-02,  6.7148e-03, -2.2602e-03,
         4.6172e-05, -3.4301e-03, -1.0729e-02, -1.1454e-12,  3.0892e-02,
        -4.9296e-30,  2.8812e-02,  5.9771e-03, -7.7952e-05,  2.0461e-35,
        -2.7278e-03, -8.7787e-02, -4.6510e-26, -4.2190e-25, -4.4561e-42,
         4.5915e-02, -3.1334e-39,  8.7981e-03, -8.8649e-03, -6.7533e-03],
       device='cuda:0', requires_grad=True)fc2.weightParameter containing:
tensor([[-7.1203e-02,  1.1289e-01, -5.9023e-06,  ...,  9.1781e-02,
          2.5337e-02, -4.3600e-02],
        [ 1.5809e-01, -1.6414e-01, -3.5144e-07,  ..., -1.4072e-01,
         -1.0226e-02, -3.5202e-02],
        [-2.2102e-02, -3.5057e-02, -1.4122e-03,  ..., -7.7275e-02,
         -8.9340e-03, -2.1398e-03],
        ...,
        [ 7.2305e-03, -1.1170e-01,  1.1716e-03,  ..., -6.1791e-02,
         -1.4237e-03,  7.9079e-02],
        [-3.5880e-01, -7.5586e-02,  8.7704e-03,  ..., -1.5268e-01,
         -9.7642e-03,  3.4084e-02],
        [ 1.7908e-01,  1.2851e-01,  4.4846e-04,  ..., -9.9987e-02,
          3.1465e-02,  9.1876e-02]], device='cuda:0', requires_grad=True)fc2.biasParameter containing:
tensor([ 0.0234, -0.0842, -0.0500, -0.0650, -0.0170, -0.0183,  0.0114, -0.0976,
         0.2274, -0.0158], device='cuda:0', requires_grad=True)