conv1.weightParameter containing:
tensor([[[[-2.4782e-05,  8.4088e-05,  5.4156e-05,  1.7810e-04,  1.7611e-04],
          [ 6.1605e-05,  1.0586e-04, -2.4984e-05, -2.6415e-04, -8.7366e-05],
          [ 2.6321e-04,  1.7376e-04, -8.3811e-05,  2.5775e-04,  1.7799e-04],
          [-1.0829e-04,  9.3438e-06,  1.2380e-04, -1.3455e-05,  2.1695e-04],
          [-2.4102e-05, -2.7769e-04,  1.0520e-04,  2.6701e-05,  2.1686e-04]]],


        [[[ 4.7402e-06,  1.4034e-04, -1.2904e-04, -1.2503e-04,  1.2743e-04],
          [ 7.9973e-05,  2.3533e-05,  6.4077e-05, -8.6861e-06, -7.3576e-05],
          [ 1.8203e-05,  1.3732e-04,  5.1365e-05, -6.7090e-05, -5.4283e-05],
          [-3.3222e-05, -1.4354e-05, -6.9170e-05, -8.1077e-05, -2.8865e-05],
          [-8.4329e-05,  4.2711e-05, -8.0428e-05, -8.4353e-05,  6.9795e-05]]],


        [[[-1.4816e-04,  8.3120e-05, -1.3489e-04,  1.0180e-04, -4.3939e-05],
          [-1.1233e-04, -1.1044e-04,  1.8584e-04,  2.2150e-05,  9.2106e-05],
          [ 5.9569e-05, -2.5043e-04, -2.5025e-04,  2.4602e-04, -3.0293e-05],
          [-1.4863e-04,  7.2711e-05, -3.4235e-05, -4.6318e-05, -6.6423e-06],
          [-6.2820e-05, -3.7942e-05, -1.9292e-04,  1.4286e-05,  9.2340e-05]]],


        [[[ 8.9199e-04,  3.5003e-04, -1.1090e-04,  3.2346e-04,  4.3929e-04],
          [ 3.2558e-04,  5.7126e-04,  1.4190e-03,  2.1974e-03,  6.1659e-04],
          [ 1.5843e-04,  8.6452e-03,  7.9122e-01,  7.0849e-03,  2.1305e-03],
          [ 7.7133e-04,  1.4332e+00,  2.1173e+00,  2.8112e-01,  8.1858e-04],
          [ 7.3402e-04,  1.5661e-02,  1.2093e-01,  1.1957e-03, -5.2726e-04]]],


        [[[ 8.3723e-05,  1.3056e-05,  3.0038e-05, -1.0728e-04, -8.6298e-06],
          [-3.8272e-06,  7.2606e-06, -1.0469e-04,  3.9898e-05,  7.7373e-05],
          [-3.6579e-06, -2.1190e-04, -6.9269e-05, -2.1400e-04,  8.1029e-05],
          [ 2.7343e-04, -2.3012e-04,  1.0445e-04, -1.8306e-04, -2.9019e-05],
          [-2.8493e-04,  2.7268e-04,  5.0573e-05,  9.4880e-05, -2.1728e-05]]],


        [[[-1.4107e-04,  1.1108e-04,  2.5265e-05, -3.0733e-05, -5.1754e-06],
          [-1.1139e-04,  7.2473e-05, -3.3034e-05, -6.0105e-05,  1.0817e-05],
          [ 9.7021e-05, -5.8741e-05,  1.5351e-04, -4.9769e-05, -1.0284e-04],
          [-2.2025e-05, -8.6191e-05,  2.4742e-05,  9.6264e-05, -1.3786e-04],
          [ 6.6692e-06,  3.6082e-06, -9.9950e-05,  2.7687e-04, -8.1279e-05]]],


        [[[-9.6527e-05,  2.5725e-04, -2.6209e-04, -1.6692e-04,  8.2805e-05],
          [ 1.1291e-04, -1.1544e-04,  1.3571e-04,  1.0564e-04,  3.1741e-06],
          [ 2.3175e-04, -1.0162e-04, -2.6951e-05, -1.9014e-04, -5.9835e-06],
          [-6.3474e-05,  1.0487e-04, -6.1547e-06, -1.7230e-04,  2.6226e-04],
          [-3.9991e-05,  1.9869e-04,  2.6280e-04,  4.3136e-05,  2.5207e-05]]],


        [[[ 2.1479e-04, -8.2194e-05, -3.0025e-05, -1.8864e-05, -9.6139e-05],
          [ 2.1269e-05,  8.4706e-06, -2.5806e-05,  4.9377e-05,  1.7475e-05],
          [ 3.5629e-04,  7.8064e-07,  2.4377e-04, -2.4187e-04, -8.1308e-05],
          [ 1.5321e-04, -1.2970e-04, -1.1512e-04,  1.7397e-04, -8.0874e-05],
          [-1.5378e-05, -1.1969e-05,  4.4320e-06, -9.2310e-05,  1.7652e-04]]],


        [[[ 6.3652e-05,  2.1791e-04, -8.1293e-05, -9.4428e-05, -3.4071e-05],
          [ 4.9344e-05,  1.3470e-04,  1.2223e-05, -2.6070e-05,  2.6484e-04],
          [-1.5983e-04,  5.1889e-05,  5.7267e-05, -5.1923e-05, -8.9944e-05],
          [ 8.8831e-05, -9.8720e-05, -6.3927e-05,  2.8252e-05, -1.9070e-04],
          [-2.1097e-04,  6.7904e-05,  2.8718e-05, -1.2602e-04, -1.6969e-05]]],


        [[[ 1.5707e-05, -1.0052e-05, -8.2094e-05, -1.6001e-04, -2.3075e-05],
          [-1.8274e-05,  1.1058e-05, -1.8767e-04,  1.0991e-04, -2.3287e-04],
          [ 9.8353e-05,  8.9938e-05, -1.8735e-04, -7.9878e-05, -2.7343e-05],
          [ 5.1401e-05,  1.9636e-05, -7.7194e-05,  2.6555e-05, -8.6514e-05],
          [ 6.1615e-05, -2.6751e-05, -4.7969e-05,  3.5942e-05,  6.1079e-05]]],


        [[[ 1.6641e-04, -1.8515e-04, -6.0714e-05,  4.7493e-05, -1.8173e-04],
          [ 1.0882e-04, -1.3978e-04, -1.1107e-04,  5.5793e-05, -2.8611e-05],
          [ 5.9002e-05,  4.6307e-05,  7.9148e-05,  6.3287e-05, -8.9036e-05],
          [-3.9845e-05,  1.7232e-04,  1.2065e-05, -2.0447e-04, -5.1898e-05],
          [ 7.2120e-05,  2.2814e-05,  1.3781e-04, -3.4597e-04, -4.7318e-05]]],


        [[[-3.3655e-05, -1.4745e-04, -2.4904e-05, -1.3439e-05,  1.5834e-04],
          [ 2.3182e-04,  6.7917e-05, -7.2997e-05, -1.3799e-04,  1.2974e-05],
          [ 1.4129e-04,  2.4488e-04,  2.4345e-04, -2.3142e-05, -1.1844e-04],
          [ 2.0575e-04, -6.9808e-05,  6.9123e-05, -1.0212e-04,  3.5798e-05],
          [ 1.5254e-04, -2.1183e-04,  3.2842e-05, -6.0215e-05,  3.9442e-05]]],


        [[[-1.3917e-04,  1.2337e-04,  1.7388e-04, -1.3765e-04,  2.1911e-05],
          [ 1.6757e-04,  1.5845e-04,  5.7639e-05,  9.5123e-05,  1.1677e-04],
          [ 9.6284e-05, -3.1524e-05, -7.9873e-05,  3.8343e-05,  1.1172e-04],
          [ 3.7177e-05,  9.1061e-06,  2.8948e-05, -1.3281e-04,  1.2068e-04],
          [ 2.6393e-05, -4.7216e-05,  4.4527e-06,  1.2496e-04,  6.4401e-05]]],


        [[[-1.5574e-04, -7.1241e-05, -5.0183e-05,  7.9235e-05, -2.5687e-05],
          [-1.2878e-05,  2.7579e-05, -5.2122e-05, -1.1322e-04, -4.8681e-05],
          [ 2.0547e-04, -2.3654e-04,  1.4765e-04, -9.4655e-05, -1.4744e-04],
          [ 1.6290e-04,  2.2292e-06,  5.4216e-05, -1.7351e-05,  1.3860e-04],
          [-2.0353e-04,  1.5374e-04,  1.0558e-04, -6.7061e-05, -7.6465e-05]]],


        [[[-1.3785e-04, -1.2778e-04,  1.1519e-04,  6.2305e-05,  2.5462e-04],
          [ 5.3007e-05, -1.4137e-04,  2.8001e-04,  1.5439e-04, -5.3267e-05],
          [-4.1180e-05,  6.5074e-06, -1.3681e-04, -2.8306e-05,  7.4515e-05],
          [ 1.6603e-04,  6.4697e-05,  6.8928e-05, -8.7015e-05, -1.1540e-04],
          [ 6.8367e-05, -1.1645e-04, -1.5579e-05, -1.0073e-04,  9.9831e-05]]],


        [[[ 2.8721e-04,  5.8527e-05, -3.8624e-05, -2.0697e-05, -2.5162e-04],
          [ 2.6887e-04, -2.8272e-05, -1.1588e-04,  2.6546e-05, -1.1098e-04],
          [ 5.3163e-05,  4.2378e-05,  7.1427e-05, -5.7125e-05,  2.5771e-04],
          [-4.1049e-05,  1.1673e-04,  4.9242e-05,  8.5058e-05, -6.5949e-05],
          [-7.1708e-05,  2.5797e-04, -5.3205e-05, -2.6887e-04, -1.5675e-05]]],


        [[[-2.0927e-05, -4.6194e-05,  2.9976e-04, -1.2642e-05, -7.8955e-05],
          [ 4.5382e-05,  2.1959e-05, -6.1261e-05,  3.4870e-05, -7.7221e-05],
          [ 7.7592e-05,  7.0747e-06, -1.1142e-04,  7.9518e-05,  1.1505e-04],
          [ 2.5577e-05, -8.0611e-05, -8.4171e-05, -1.3080e-05,  7.7359e-05],
          [ 7.7362e-05,  8.7448e-05,  1.1933e-04, -6.7455e-06,  6.1632e-05]]],


        [[[ 3.3248e-05, -3.3298e-05,  2.2529e-04, -1.2209e-04,  7.8719e-05],
          [-1.4976e-05, -3.7026e-05, -4.0271e-06,  3.3672e-05, -3.0594e-04],
          [ 3.1120e-05,  1.5812e-05,  1.4316e-04, -2.1551e-06,  7.5495e-05],
          [ 3.4444e-05, -1.1591e-04,  2.2573e-04,  1.0490e-04, -8.1011e-05],
          [ 3.0485e-04, -1.8009e-04, -2.4430e-05, -4.5359e-06, -5.7938e-05]]],


        [[[-1.2986e-04,  1.7527e-05, -1.5052e-04, -1.0028e-05, -1.0189e-04],
          [ 9.4116e-05,  2.3005e-05,  8.4937e-05,  9.7605e-05, -8.4935e-05],
          [ 7.3550e-06,  8.6971e-05,  2.9531e-05,  8.9820e-05,  1.7528e-04],
          [ 5.8361e-05,  1.8156e-04,  2.6027e-05,  1.6295e-04, -1.1947e-04],
          [ 1.5053e-04, -9.1504e-05,  1.9839e-04, -9.3786e-05, -7.6092e-05]]],


        [[[-4.4548e-05,  1.3742e-05,  1.2671e-04,  2.5872e-05,  1.3238e-04],
          [-1.0781e-05,  1.1224e-04,  2.0479e-05, -1.2826e-04,  1.6359e-04],
          [ 6.1742e-05, -8.2133e-05,  5.2435e-05,  2.0429e-05, -1.4981e-04],
          [-6.6720e-05,  7.3494e-05, -7.8176e-05, -1.5220e-04, -3.1551e-05],
          [-6.2765e-06,  4.6014e-05, -1.4650e-04, -1.5056e-04, -1.3135e-04]]]],
       device='cuda:0', requires_grad=True)conv1.biasParameter containing:
tensor([-0.0010, -0.0012,  0.0043,  0.0044,  0.0049,  0.0109, -0.0016,  0.0131,
         0.0259,  0.0014, -0.0008,  0.0040,  0.0326, -0.0003, -0.0011,  0.0248,
         0.0299, -0.0008,  0.0044,  0.0111], device='cuda:0',
       requires_grad=True)conv2.weightParameter containing:
tensor([[[[-4.0712e-05,  5.8484e-05,  1.5417e-04, -5.3022e-05,  4.6145e-05],
          [ 1.8888e-04,  5.8956e-05,  7.0569e-05,  1.3092e-05, -1.8866e-04],
          [ 1.1025e-05,  3.7820e-05, -8.4574e-05, -6.8082e-05, -1.7199e-04],
          [-2.4125e-05, -4.1471e-06, -3.2172e-05, -8.6675e-05,  1.3574e-04],
          [ 7.5038e-05,  2.6567e-04,  1.7199e-04, -1.0494e-04, -3.8509e-06]],

         [[-1.1176e-04,  6.3999e-05,  4.4968e-05, -6.3749e-05,  1.1914e-04],
          [ 8.8465e-05,  1.0119e-04,  4.8653e-05,  2.1289e-04, -1.0344e-04],
          [ 3.8134e-05,  2.1504e-05, -2.1282e-04, -5.6156e-05, -9.6421e-05],
          [ 2.9065e-05,  3.6326e-05, -1.7732e-04,  5.3706e-05, -7.6451e-05],
          [-7.6602e-05, -2.1081e-05, -1.0658e-04, -9.1997e-05,  4.6023e-05]],

         [[-1.2901e-04, -5.6095e-05,  2.1050e-06,  1.4564e-04,  1.2609e-04],
          [ 2.6058e-04,  4.7463e-05, -3.9183e-05,  9.1405e-05,  8.3749e-05],
          [ 2.3074e-04,  3.1503e-05,  7.4474e-05,  6.8255e-05,  7.8135e-06],
          [ 8.6344e-05,  1.4189e-04, -1.4567e-04, -1.1521e-04,  4.5855e-05],
          [-6.7792e-05,  4.7665e-05,  4.5476e-05, -5.6927e-05, -2.5800e-04]],

         ...,

         [[-1.0118e-05, -2.6848e-05,  2.5457e-05, -2.6927e-05,  1.4113e-04],
          [ 5.8454e-05, -1.7690e-05, -1.1804e-04,  2.5925e-05, -1.5204e-05],
          [-2.6666e-05,  5.6211e-06,  3.8783e-05, -1.8358e-05,  1.7861e-04],
          [-1.0378e-04, -1.4128e-04,  2.5483e-05, -1.1499e-04, -6.2840e-05],
          [-1.6587e-05,  6.0234e-05,  5.4577e-05,  1.2822e-06,  1.0591e-05]],

         [[ 2.6931e-04,  2.0247e-04,  7.1261e-05, -2.6473e-05,  3.2260e-05],
          [-5.3175e-06, -1.3224e-04, -2.6910e-04,  3.9719e-05, -9.1858e-05],
          [-2.0252e-04, -4.7736e-05,  1.9439e-06,  1.6095e-05,  4.2431e-05],
          [-4.9831e-05,  3.2171e-05,  5.0297e-05, -3.1627e-05, -2.0143e-04],
          [ 6.1394e-05,  5.3545e-05, -3.2166e-05, -5.8457e-05, -5.7393e-05]],

         [[-2.2600e-05,  2.7501e-05, -7.1810e-05,  5.2690e-05,  4.4132e-07],
          [ 9.9713e-07,  2.2584e-05, -5.0193e-05, -3.4577e-05, -8.2280e-05],
          [ 2.2425e-05, -4.8617e-05, -7.2639e-05,  8.3539e-05,  7.6004e-05],
          [ 1.0665e-04,  1.3561e-04,  5.0565e-05, -5.5612e-05,  5.6994e-06],
          [ 8.8251e-05, -2.1146e-04,  4.5993e-06,  4.6774e-05,  3.7801e-05]]],


        [[[ 6.1797e-05,  1.4079e-05, -1.7785e-05,  2.0874e-05, -5.3743e-05],
          [ 2.1540e-05,  3.9896e-05,  1.4530e-04, -4.8225e-05, -5.7538e-05],
          [-1.3357e-04, -2.1632e-05, -7.6072e-06, -6.3606e-05, -4.6268e-05],
          [-1.2737e-04, -9.6268e-05,  5.2901e-05,  2.2756e-05,  3.5771e-05],
          [ 3.9232e-05,  3.7055e-05,  1.2580e-04, -3.3802e-06,  2.2254e-06]],

         [[ 4.6603e-05,  1.5544e-04,  1.3592e-04, -7.8994e-05,  1.1809e-04],
          [-2.3526e-05,  2.4874e-04, -6.2066e-05, -6.3587e-05,  2.7159e-05],
          [-1.1079e-04, -6.5162e-05,  2.8269e-05, -3.2171e-05, -9.8140e-05],
          [-1.2495e-04,  1.6950e-05,  7.8617e-05, -1.2959e-05,  4.9246e-05],
          [ 1.1095e-04,  4.2851e-05,  8.1576e-05, -1.3700e-04,  1.4659e-04]],

         [[ 1.2302e-05,  4.6338e-05,  3.0165e-05, -1.3065e-04,  3.9994e-05],
          [ 5.7991e-06,  2.9861e-05, -5.9221e-06,  5.4425e-05,  2.6148e-04],
          [ 2.3215e-04,  1.3510e-04, -1.0028e-04,  3.0301e-05,  4.5261e-05],
          [ 8.3255e-05,  4.9055e-06, -4.6608e-05, -2.3611e-06,  1.1441e-04],
          [-1.5266e-04,  3.9309e-05, -2.3801e-04, -1.3633e-04,  6.8593e-06]],

         ...,

         [[-4.4909e-05, -5.1570e-05,  1.1022e-04, -7.6197e-05,  5.8911e-06],
          [ 3.2662e-05, -1.0969e-04,  1.0792e-05, -4.4230e-05, -7.3673e-05],
          [ 3.4056e-06, -4.4621e-05, -1.6971e-05,  8.2164e-05,  8.6385e-05],
          [ 2.5799e-05, -4.4180e-05,  9.2723e-05,  3.2305e-05,  7.9677e-05],
          [ 1.3603e-04, -2.0999e-06, -3.4417e-05,  1.1451e-04, -1.4424e-04]],

         [[ 7.4593e-05,  4.1673e-05,  2.2543e-05, -8.0460e-06, -9.3383e-06],
          [ 9.7716e-06,  2.1349e-05, -1.4123e-04,  7.5678e-06,  7.9918e-05],
          [ 9.7231e-06, -1.4584e-04, -2.7468e-04, -1.8150e-04, -8.0274e-05],
          [-4.8767e-05, -2.2064e-05, -1.5676e-04,  6.3818e-05, -9.2625e-05],
          [ 1.4741e-05,  1.4652e-05, -6.8023e-06,  3.8481e-05,  5.0255e-05]],

         [[-1.1865e-04,  1.8910e-05,  1.0459e-04, -6.2457e-06,  1.8847e-05],
          [-4.7682e-05,  7.7715e-05, -1.7471e-04,  8.4795e-06,  2.2363e-05],
          [ 8.2638e-05, -1.3717e-04,  1.0491e-04,  1.1647e-04,  1.0383e-04],
          [-2.3819e-05, -1.1404e-04, -3.1657e-05, -1.6994e-04, -3.0076e-06],
          [ 4.6301e-06, -5.7671e-05, -4.4039e-06,  7.0376e-05, -9.8433e-05]]],


        [[[-1.3928e-05, -1.3918e-04,  1.0024e-05,  1.4814e-04,  4.9937e-05],
          [-4.5294e-05, -7.3840e-05,  4.0312e-05,  5.2737e-05,  1.1177e-05],
          [-2.9894e-05, -4.4845e-05,  1.4094e-04,  3.0436e-05, -1.3254e-05],
          [-1.3236e-04, -1.1253e-05, -2.2246e-05,  2.6378e-04, -1.5261e-05],
          [ 7.3790e-06,  3.1119e-06,  1.0068e-04, -5.3014e-05, -9.6618e-05]],

         [[ 3.3663e-06, -1.2314e-05,  1.3192e-04, -7.9100e-05,  1.3074e-04],
          [-5.8410e-05, -4.7148e-05, -5.6362e-05, -2.5015e-05,  1.2886e-04],
          [-1.0886e-04,  2.7726e-04,  1.2096e-04, -2.3255e-05, -4.9481e-05],
          [-7.8892e-05, -1.0880e-04, -1.9388e-04,  4.9648e-05, -1.0786e-05],
          [ 7.2446e-05, -1.0680e-05,  2.6189e-06,  1.0876e-04, -1.1521e-04]],

         [[ 3.4376e-05,  7.2808e-05, -2.6008e-05,  2.2339e-05,  4.5760e-08],
          [-1.6442e-04, -2.2867e-05,  4.3914e-07, -1.2611e-04, -1.1610e-04],
          [-8.9412e-05, -1.0800e-04,  6.0624e-05, -8.5329e-05,  1.8043e-04],
          [ 4.1655e-06,  9.9838e-05,  9.1394e-06,  9.4684e-05, -6.8028e-05],
          [-9.4400e-05, -7.5588e-05,  5.6692e-05,  9.7950e-05,  7.1740e-05]],

         ...,

         [[ 5.9136e-05, -6.6452e-06,  5.3561e-05,  1.1288e-04, -5.7275e-05],
          [-2.8928e-05, -1.2330e-04,  4.6044e-05,  1.1274e-04,  1.2773e-05],
          [ 8.0928e-05,  1.3373e-05,  1.6638e-04, -9.5242e-05,  5.6859e-05],
          [-7.5002e-05, -9.5773e-05,  1.4259e-04, -2.2214e-05,  4.8266e-05],
          [-1.4179e-04, -1.3087e-04, -1.0287e-04,  1.5611e-05,  4.5944e-08]],

         [[ 1.8054e-05,  3.0445e-05, -1.9805e-04,  8.6139e-05,  1.2809e-04],
          [ 2.1212e-04, -6.1689e-05,  7.2503e-05, -4.2391e-05,  2.8124e-04],
          [ 2.5442e-05, -1.3251e-04, -4.6322e-05,  1.2682e-05, -5.5366e-05],
          [-6.8693e-05,  4.8122e-05,  8.3151e-05, -2.5643e-04, -6.8867e-06],
          [-1.3256e-04,  3.1391e-05, -1.3690e-04,  3.1290e-05,  3.9247e-05]],

         [[-6.3031e-05, -5.5707e-05, -5.5586e-05, -1.6260e-04, -1.4818e-05],
          [ 1.6899e-04,  2.5953e-06, -1.5870e-04,  1.6208e-04, -1.8403e-04],
          [ 1.1195e-04,  5.7362e-05,  7.3644e-05,  3.3498e-05, -3.3149e-05],
          [-4.1048e-05, -4.6675e-05,  2.4194e-05, -1.3229e-04, -9.8397e-05],
          [ 7.7781e-05, -1.1237e-04,  8.9195e-05,  1.4066e-04, -1.2381e-04]]],


        ...,


        [[[ 8.5490e-05, -3.4770e-05,  1.3718e-04, -6.0675e-05, -1.0944e-04],
          [-1.3813e-04, -5.0058e-05, -3.4823e-05,  2.8630e-05, -4.8287e-05],
          [-5.1386e-05, -2.8495e-06,  5.4396e-05,  2.7967e-04,  6.5276e-05],
          [ 9.6321e-05,  2.2317e-04, -7.9792e-05, -3.2748e-05,  6.5345e-05],
          [-9.5581e-05, -9.8754e-05,  1.0647e-04, -4.5008e-05,  7.2909e-05]],

         [[-7.4161e-06,  9.4219e-05,  3.9716e-05,  4.5036e-05, -1.3275e-04],
          [ 7.5629e-05,  5.5530e-05, -2.1343e-05, -3.3301e-05,  4.4390e-05],
          [ 7.0495e-05,  5.5724e-05, -4.3727e-05,  1.0505e-04, -3.3869e-05],
          [ 5.9224e-05, -5.7748e-05, -1.0089e-04,  1.1616e-04,  7.2437e-05],
          [-4.2056e-05,  3.3240e-05,  3.4691e-05, -9.6897e-05,  5.3960e-05]],

         [[ 1.4133e-06, -2.6877e-05,  7.4871e-05,  6.3619e-05,  6.3056e-05],
          [-9.9429e-05,  6.9821e-05, -4.2413e-05,  3.3922e-05, -7.1602e-07],
          [ 7.9742e-06, -7.5105e-05, -4.9701e-05, -3.9904e-05,  1.0432e-04],
          [ 8.5514e-05, -2.1370e-05,  3.9730e-05,  2.7525e-05, -3.6789e-05],
          [-1.7868e-05, -7.9597e-05, -2.5413e-04, -4.7397e-05, -1.0147e-04]],

         ...,

         [[-1.3672e-04, -5.2437e-05, -3.9513e-06,  9.6682e-05,  3.6612e-05],
          [ 4.6898e-05, -4.7664e-05, -3.2933e-05, -2.5823e-07, -1.2806e-04],
          [-4.8239e-05, -6.7729e-05, -1.6715e-05,  1.8382e-05,  1.1728e-04],
          [ 8.1731e-05,  4.7977e-05, -1.1907e-04,  1.7479e-04,  5.4183e-06],
          [-2.0412e-05,  3.2093e-05, -2.9076e-05,  1.1092e-04, -4.1861e-05]],

         [[ 1.3303e-05,  1.1439e-04, -6.1660e-06, -8.5651e-06, -3.9638e-06],
          [ 6.7386e-05,  2.6728e-05, -2.0124e-05,  1.3721e-05, -3.7553e-06],
          [-1.3440e-04, -3.5270e-05,  1.7472e-05,  9.9752e-05,  1.5002e-05],
          [-1.7919e-05,  1.1286e-04, -2.6185e-05,  1.4819e-05, -8.5088e-05],
          [ 6.7783e-05, -4.1373e-05, -3.3560e-05, -5.1522e-05,  2.4056e-04]],

         [[ 6.4862e-06, -1.1072e-04,  8.8067e-07, -9.6563e-05, -1.4644e-05],
          [ 5.8390e-05, -2.5502e-05, -1.5887e-04, -1.9228e-04, -6.0734e-05],
          [-1.2544e-04,  6.8502e-05,  4.8831e-05, -7.0810e-05, -5.8113e-05],
          [-1.4383e-04, -7.0625e-05,  4.0650e-05, -1.1198e-05,  4.3964e-05],
          [ 2.1061e-04,  1.3680e-04, -3.2975e-05, -4.8052e-05,  8.7182e-05]]],


        [[[-7.8193e-05, -1.1789e-04,  3.1564e-05, -8.7318e-06, -9.6115e-05],
          [-1.8944e-04, -2.7143e-05,  3.9426e-06, -6.9254e-05,  4.8013e-05],
          [-6.8516e-06,  6.8311e-05, -8.7069e-05, -3.8142e-05,  1.8949e-04],
          [ 1.4134e-04, -9.7111e-05, -8.4575e-05,  1.4239e-04,  4.1639e-05],
          [ 1.7351e-05, -7.8629e-05, -1.8600e-05, -3.6228e-06,  1.6071e-04]],

         [[ 1.0200e-05,  2.9186e-05, -9.0428e-05,  7.0788e-06, -9.5159e-05],
          [-2.5868e-05, -1.5926e-04, -3.0229e-05, -7.3458e-05,  1.0823e-04],
          [-6.2837e-06,  1.6699e-05, -1.1574e-04, -3.7105e-05, -1.1201e-05],
          [-1.4448e-04, -1.7042e-04, -5.7583e-05, -2.9615e-05, -1.0816e-04],
          [-7.0668e-05,  8.0269e-05, -9.1211e-05, -4.6357e-05, -6.3712e-05]],

         [[ 2.5366e-04,  8.4397e-05,  9.5266e-05, -1.3907e-04, -4.6516e-05],
          [-8.7809e-05, -6.9591e-05,  4.6789e-05,  2.8849e-06, -1.4291e-04],
          [ 6.5979e-06,  9.8533e-07, -3.0269e-05, -4.2917e-05, -3.8407e-05],
          [-3.7915e-05, -6.2729e-05, -4.6520e-05, -9.4760e-06, -1.8888e-04],
          [-1.9403e-04,  1.9137e-04,  8.0578e-05, -6.7422e-05, -1.1432e-04]],

         ...,

         [[-1.0040e-04,  6.5072e-05, -1.1768e-05,  7.4843e-06,  1.0181e-04],
          [-1.6210e-04,  5.2882e-05, -1.3840e-05,  1.0073e-05, -6.5780e-05],
          [ 3.1698e-05,  3.4784e-05,  2.4381e-06,  6.9586e-05,  1.4276e-04],
          [-6.7311e-05,  3.3293e-05, -1.2943e-04,  2.9146e-05, -1.9676e-06],
          [ 2.1034e-04,  1.4685e-04,  1.2769e-05,  1.6238e-04,  1.7705e-04]],

         [[-1.8432e-05,  2.3029e-04, -1.1831e-04,  9.8896e-05, -7.6791e-05],
          [ 7.1880e-05, -3.5140e-05, -8.4631e-05,  1.2849e-04, -1.2495e-04],
          [-2.5003e-05, -1.1929e-04,  1.1057e-04,  3.7605e-05, -5.9629e-06],
          [ 2.8537e-05, -2.5618e-04,  3.6594e-05,  3.2817e-05,  1.3193e-04],
          [ 1.5425e-05, -5.4625e-05, -1.4586e-04, -4.9436e-05, -1.6754e-04]],

         [[ 3.2248e-05, -1.8990e-04, -2.8383e-04, -3.7769e-05,  2.9291e-06],
          [-4.0110e-05,  1.3469e-04,  9.3451e-05,  3.3400e-05,  1.6575e-05],
          [ 8.8857e-05, -3.3748e-05,  7.2257e-05,  5.8079e-05,  3.9784e-05],
          [ 3.3026e-05, -1.6904e-04, -1.0899e-04, -8.7292e-05,  5.9397e-05],
          [ 6.3468e-05,  6.0948e-05, -2.7964e-05, -1.7932e-04,  3.8759e-05]]],


        [[[-1.1446e-04, -7.4334e-05, -5.8079e-05,  1.0627e-04,  3.3751e-05],
          [-2.2165e-04,  6.4615e-05, -1.6538e-04, -1.3795e-05,  5.5079e-05],
          [-5.4778e-05,  1.2792e-04, -3.1774e-05, -5.9824e-06,  1.0628e-04],
          [ 1.8342e-05, -5.5071e-05, -3.5350e-05, -9.1780e-05,  1.5149e-05],
          [-3.9156e-06,  5.4141e-06, -9.8583e-06,  1.3610e-05,  1.8444e-04]],

         [[-5.5125e-05, -1.2752e-04, -1.2296e-04, -1.8554e-04,  3.6817e-06],
          [ 9.2129e-05,  5.6058e-05,  7.5226e-05,  4.8840e-05, -5.5069e-05],
          [-1.5751e-04, -2.7663e-05, -1.3164e-04,  3.1535e-07, -2.2041e-05],
          [-2.3983e-05,  2.6279e-05, -2.1376e-05, -1.5046e-04, -2.6296e-05],
          [-5.2835e-05, -4.8131e-05,  3.7200e-05,  2.2480e-05,  1.7457e-05]],

         [[-1.4897e-04,  1.4048e-04,  8.2079e-05,  4.3605e-05,  1.8456e-04],
          [-1.1905e-04, -8.4365e-05, -7.4288e-05, -2.7159e-05,  3.7426e-06],
          [-2.9298e-05,  2.2673e-04,  8.0189e-05,  5.7528e-05,  9.7475e-05],
          [ 8.2124e-05,  1.1299e-04, -4.1869e-05,  4.2965e-05, -5.6238e-06],
          [ 2.5613e-06, -8.2627e-06,  3.2988e-05, -5.3401e-05, -2.2684e-04]],

         ...,

         [[ 3.1563e-05, -1.2304e-04, -5.5081e-05,  1.9902e-04, -1.7389e-04],
          [-8.0157e-07, -7.5669e-05, -5.9883e-05,  6.0406e-05, -1.5795e-04],
          [-1.9261e-05, -6.5599e-06, -5.3353e-05,  1.0395e-04, -8.6105e-06],
          [-1.1612e-05,  1.3308e-06, -8.5832e-05, -1.7651e-04, -6.0527e-05],
          [ 4.2264e-05, -5.9420e-05,  3.2276e-05,  1.3556e-04, -4.9833e-05]],

         [[ 1.6856e-05,  5.1546e-05, -6.6399e-05,  1.2521e-06,  9.5647e-05],
          [-1.6918e-05, -3.4706e-05, -5.9002e-05, -7.5094e-05, -1.1455e-04],
          [-1.1226e-04, -1.6373e-04,  4.7898e-05, -2.1690e-05, -2.5900e-05],
          [-5.5582e-05,  5.1556e-05,  2.5205e-05,  3.9181e-05, -1.2561e-04],
          [-1.4966e-04,  4.0577e-07, -5.5530e-05, -1.2968e-04,  4.0395e-06]],

         [[ 2.5748e-05, -1.2598e-04,  9.8427e-05, -5.2020e-06, -2.8559e-05],
          [-7.1019e-06,  1.3915e-04,  2.0531e-05,  9.9083e-06,  2.3422e-05],
          [ 5.7822e-06,  4.9302e-05,  6.4763e-05,  1.3084e-04,  3.6469e-06],
          [-1.1486e-04,  1.3784e-06,  1.1558e-04, -3.5117e-05, -7.4715e-05],
          [-6.5480e-05, -6.8412e-05,  6.5558e-05,  9.0231e-06,  1.2672e-04]]]],
       device='cuda:0', requires_grad=True)conv2.biasParameter containing:
tensor([-0.0145, -0.0051, -0.0182, -0.0018, -0.0144, -0.0103, -0.0015, -0.0080,
        -0.0034, -0.0059, -0.0035, -0.0095, -0.0220, -0.0048, -0.4832, -0.0058,
        -0.0094, -0.0100, -0.0074, -0.0214, -0.0047, -0.1389, -0.0046, -0.0086,
        -0.0116, -0.0041, -0.3229, -0.0160, -0.0040, -0.0107, -0.0057, -0.0029,
        -0.0039, -0.0172, -0.0155, -0.0049, -0.0046, -0.0152, -0.0030, -0.0035,
        -0.0247, -0.0069, -0.0247, -0.0077, -0.0067, -0.0102, -0.0050, -0.0033,
         0.0065, -0.0043], device='cuda:0', requires_grad=True)fc1.weightParameter containing:
tensor([[-2.2785e-42, -9.6297e-42,  1.1830e-41,  ...,  4.7820e-05,
         -7.9576e-06,  6.6905e-06],
        [ 2.1342e-41, -1.6664e-40, -1.6782e-40,  ...,  3.3448e-41,
          1.3277e-40,  1.2765e-40],
        [ 1.4988e-40,  5.2926e-41,  1.4644e-40,  ..., -4.7994e-42,
          1.2011e-40, -1.4768e-40],
        ...,
        [ 1.2738e-42,  1.5462e-41,  8.4428e-42,  ..., -1.2225e-05,
         -1.8302e-06,  2.7702e-06],
        [ 1.5210e-40,  3.7647e-41, -3.8488e-40,  ..., -2.0092e-40,
         -1.6976e-40,  2.4504e-40],
        [-6.9701e-42,  1.2665e-41,  6.4880e-42,  ...,  5.2527e-05,
         -1.4547e-05,  4.0425e-06]], device='cuda:0', requires_grad=True)fc1.biasParameter containing:
tensor([-1.4618e-01, -2.1036e-08, -2.8991e-35,  1.4694e-02,  3.4535e-02,
         3.9094e-02,  9.9608e-03,  4.5286e-02, -1.3559e-26,  7.4061e-02,
         8.8506e-39, -7.6455e-42, -2.2636e-05, -3.6939e-06, -2.7052e-04,
         1.0769e-01,  3.2288e-03, -1.6965e-06,  7.3183e-02,  7.3643e-02,
         3.4567e-37, -2.7304e-03, -6.1105e-16, -2.9621e-02, -7.2965e-04,
        -5.3910e-04,  4.9900e-42, -9.5863e-11, -2.2205e-05, -5.5707e-05,
        -6.6799e-03, -5.4085e-02, -3.6339e-03, -1.0211e-41,  1.2458e-42,
        -6.6977e-07, -8.4092e-09, -1.3585e-10, -4.8231e-07,  6.3823e-02,
        -1.2281e-05,  1.2204e-41, -1.0654e-28, -6.6286e-06,  4.5791e-02,
        -5.1455e-07,  5.6608e-02,  2.9438e-37, -1.8466e-09, -1.5344e-05,
        -1.5473e-10, -3.2922e-07, -9.2881e-05,  1.0542e-02, -7.0543e-15,
        -1.1130e-24, -1.4574e-40, -8.4454e-05,  3.6484e-38,  3.1732e-02,
        -7.7047e-04, -1.0383e-06, -1.2588e-27, -6.6367e-03, -8.6243e-21,
         3.8919e-03, -6.4841e-21, -3.2002e-21,  6.9887e-02, -1.0459e-41,
         2.3061e-19, -1.0770e-24,  2.7350e-02, -7.1997e-02, -1.4306e-24,
        -3.4493e-27, -1.4459e-02,  9.3496e-39,  1.5175e-01,  7.2685e-29,
        -1.8707e-23,  2.8416e-02,  9.4798e-42, -2.1134e-06, -8.5876e-08,
        -1.3256e-03, -2.3922e-02, -1.7867e-31, -6.1266e-03, -6.1976e-36,
         9.7563e-02, -9.1807e-13, -2.8277e-32, -7.0833e-18, -5.7821e-12,
        -2.3365e-07, -1.6741e-28, -2.5383e-29,  5.7811e-04,  1.7600e-30,
        -1.8391e-04, -2.8049e-17, -1.4653e-06, -4.2615e-14, -2.4603e-15,
        -1.8215e-08, -5.5049e-05, -1.6156e-02, -5.4502e-02,  9.5653e-42,
        -1.3840e-04,  2.4408e-19,  2.7236e-02,  8.3649e-02, -3.8230e-02,
         2.1979e-03, -5.9574e-22,  6.4151e-42, -5.4399e-02, -8.5438e-03,
         7.5159e-03,  1.2240e-02, -8.1306e-08, -2.2082e-18,  2.3995e-02,
        -2.9711e-04,  3.3119e-02,  1.3566e-02,  4.3869e-02,  7.5388e-02,
         1.8603e-02,  4.4626e-02, -8.7295e-07, -3.8810e-07,  9.4318e-34,
         4.1180e-02, -2.4677e-21,  7.0121e-42, -3.7390e-07, -2.0145e-41,
         7.2082e-02,  6.2428e-42, -3.0334e-02, -1.0810e-41, -2.5930e-04,
         5.8942e-02, -6.4777e-17, -5.5266e-23,  1.3487e-01, -6.1113e-04,
        -1.1288e-08, -6.0703e-07,  1.3705e-04, -2.4624e-20,  2.4776e-02,
        -8.0764e-03, -8.6770e-07, -1.5336e-09, -3.6124e-03,  1.0220e-01,
         1.1811e-01, -9.0362e-09, -3.1198e-05, -1.8153e-02,  4.7022e-02,
        -3.8363e-05, -1.2982e-03,  4.9516e-02,  6.2810e-36, -4.0041e-19,
         9.6801e-02,  1.9051e-39, -7.3928e-10, -2.6186e-03, -3.0307e-08,
        -1.1372e-41,  6.2646e-21, -5.0278e-08, -1.3581e-12, -1.6694e-06,
        -1.4902e-09,  8.3041e-42,  4.5506e-03,  6.1427e-02, -7.5197e-37,
        -1.6797e-22, -7.6133e-03, -8.2812e-12, -9.0775e-28,  1.1695e-03,
         3.3459e-02, -7.3392e-31, -3.2062e-12,  3.7106e-02, -1.5872e-07,
         9.1912e-02, -5.8488e-10, -5.2189e-10, -5.8584e-09, -8.8885e-28,
        -5.4153e-07, -6.1048e-09, -1.7890e-05,  3.2288e-03, -7.7197e-23,
         1.2617e-02,  2.0854e-02,  2.8905e-12, -8.3896e-12, -2.3827e-12,
        -1.5237e-09, -2.5545e-10, -2.2683e-18,  9.7395e-02, -1.0367e-06,
         1.9350e-01, -4.5094e-42, -2.9982e-32, -2.7691e-02,  5.8137e-02,
        -1.3823e-04,  3.3937e-02, -1.8208e-11, -7.6730e-05, -3.7766e-35,
         2.5440e-02, -3.5656e-07, -4.4202e-06, -5.9510e-08, -3.6581e-09,
        -1.8966e-32, -2.6220e-21, -6.7491e-05, -1.8768e-06,  1.0961e-03,
         2.0627e-02,  3.2011e-02,  6.6552e-03,  5.2662e-03,  3.1460e-03,
        -4.5408e-21, -1.0333e-02, -1.4770e-20, -6.3572e-18, -4.9987e-04,
        -1.2662e-03, -3.3006e-07,  5.2967e-02,  8.2577e-02, -9.3517e-10,
        -8.4218e-42, -5.8730e-06, -1.3608e-02, -1.3649e-17,  4.6848e-02,
        -3.3961e-02, -1.2812e-04, -3.3966e-18, -1.2866e-10, -2.5784e-08,
        -6.1885e-05,  9.1014e-42,  9.2104e-03, -2.9249e-25, -5.2846e-06,
         1.6657e-37,  8.9917e-02, -7.5390e-18,  2.7107e-30,  1.6977e-22,
         1.8202e-12, -1.3799e-13, -1.3985e-02, -7.4613e-02, -1.6581e-19,
        -4.6876e-34, -8.4633e-02, -6.4387e-05,  2.7057e-02, -1.1054e-04,
        -3.4597e-12,  6.8101e-02, -4.2651e-04, -6.0482e-02, -5.7988e-02,
        -1.0455e-17, -3.5045e-22, -4.2800e-06, -2.4590e-32, -1.8999e-02,
         9.5090e-04, -3.8911e-03, -1.2296e-26,  1.8691e-07,  9.1388e-02,
        -6.6882e-14,  6.2256e-02, -1.0566e-06,  1.0958e-21, -1.2191e-42,
        -6.3753e-02, -3.9663e-04, -8.3621e-05, -2.6411e-08, -1.0518e-06,
        -1.0533e-23,  2.8151e-03, -6.9374e-04,  3.2689e-02, -3.3872e-02,
        -1.1471e-03, -9.5176e-04, -1.1982e-04, -6.5468e-17, -3.0189e-02,
        -4.3717e-07,  3.9482e-38,  5.1894e-02, -1.0087e-06, -7.7386e-06,
         4.4634e-26, -2.2447e-26, -2.5793e-18,  1.8259e-07, -3.1627e-41,
        -4.6508e-09, -1.1361e-31,  1.2512e-07, -2.9133e-42,  3.5503e-02,
        -1.9968e-04, -5.9716e-15, -2.3748e-06, -4.4493e-05,  1.4752e-01,
        -9.6425e-09, -3.7778e-20,  6.9323e-03, -5.9660e-11, -2.3430e-42,
         6.2485e-02,  2.2060e-05, -2.8724e-03,  2.0297e-01, -1.5135e-05,
        -5.2577e-42, -5.4458e-03, -4.5764e-05, -3.0382e-03, -2.1295e-23,
        -5.5470e-06, -3.4856e-06,  4.0171e-02, -9.3144e-03, -2.8449e-13,
        -3.2454e-08, -3.1269e-09, -1.2208e-06,  9.7474e-42,  4.2182e-02,
        -5.8787e-03, -8.2165e-17, -2.6399e-05, -1.3721e-02,  1.3364e-04,
        -7.6429e-21, -1.1582e-13, -8.3614e-10,  5.0163e-04,  6.6745e-06,
         1.3696e-01, -1.3085e-05, -9.5637e-02, -9.1575e-42,  2.5609e-03,
        -2.3563e-02, -8.8192e-04, -2.2730e-01, -2.8575e-13, -4.2078e-13,
        -2.9981e-10, -1.4178e-17, -7.4215e-14, -2.9501e-03,  5.6736e-02,
        -1.7160e-12, -2.0707e-03,  3.5862e-03, -4.9371e-03, -3.5985e-32,
        -3.9406e-04,  1.3887e-02, -1.4522e-04,  7.9804e-42, -4.6726e-11,
         1.7754e-02, -2.0770e-25, -1.1548e-41, -3.6708e-38, -2.5247e-02,
        -1.3543e-04, -5.3410e-08,  4.1342e-03, -4.2515e-05, -3.0152e-04,
        -1.6746e-08, -6.6153e-04, -1.1838e-41, -4.9389e-05, -8.1191e-42,
        -6.1869e-12, -5.0352e-03,  5.8741e-02, -3.1585e-23,  4.3705e-02,
         7.7161e-02, -2.6268e-04, -9.3347e-14, -6.1578e-07,  1.4159e-02,
        -3.7032e-06, -1.6990e-02, -5.4514e-38,  7.5376e-42, -1.1240e-35,
         5.4276e-03, -1.1071e-08, -1.1756e-28,  1.2190e-02, -1.3727e-01,
        -2.6028e-24, -9.2533e-03, -9.0024e-16, -6.3517e-12,  4.9839e-02,
        -8.7807e-09, -9.5583e-42, -6.5483e-42, -2.2155e-42, -1.7019e-02,
        -2.9887e-04,  2.2673e-42,  1.6631e-01, -8.7301e-43,  4.4914e-07,
        -7.5313e-03, -5.6825e-14, -1.0628e-13, -1.2885e-41, -3.2716e-16,
         8.0655e-03, -1.1564e-08, -5.1350e-06, -1.8809e-16, -3.4428e-05,
         1.1186e-01, -1.4775e-18, -2.0999e-10, -2.9801e-03, -2.6422e-02,
         7.7640e-05,  2.1212e-02, -7.7229e-09, -1.0771e-01, -1.3891e-11,
         1.0454e-41, -3.1230e-09, -8.0301e-17, -1.3076e-31, -1.1628e-09,
        -2.0417e-06,  3.5041e-03, -3.6183e-03,  1.0172e-41, -3.1179e-08,
        -2.3528e-05, -9.9034e-03,  4.8855e-02, -5.1452e-05, -2.0820e-20,
        -2.7048e-18, -3.0841e-06, -1.7322e-02, -2.5677e-05,  5.9641e-07,
         3.8865e-18,  2.7966e-02, -2.9443e-03, -1.2713e-05, -4.9325e-05,
        -9.4490e-04, -5.0094e-09, -1.8727e-09, -3.8466e-05, -4.0331e-05,
        -5.6431e-25, -4.5661e-28, -2.5187e-03, -2.5520e-04, -2.1117e-03],
       device='cuda:0', requires_grad=True)fc2.weightParameter containing:
tensor([[-4.2219e-01, -2.3564e-03, -8.3078e-08,  ...,  1.7251e-01,
          1.8591e-02,  8.3086e-02],
        [ 1.4256e-01,  2.0826e-04, -2.5722e-11,  ..., -5.3123e-02,
         -3.2423e-03, -1.2075e-01],
        [-2.4431e-02,  3.0651e-03, -7.7800e-11,  ..., -3.8869e-02,
          2.3441e-03, -5.9526e-02],
        ...,
        [-3.5486e-02, -7.4139e-03,  6.4178e-06,  ..., -5.2026e-02,
         -1.6057e-02,  1.2198e-01],
        [-6.2219e-01, -3.6568e-03, -1.5769e-07,  ..., -1.4308e-01,
         -4.3299e-03,  1.2836e-01],
        [ 3.2335e-01,  8.3068e-03, -1.6390e-05,  ..., -3.3799e-02,
          1.5320e-02,  1.6740e-01]], device='cuda:0', requires_grad=True)fc2.biasParameter containing:
tensor([-0.0136, -0.0328, -0.0578, -0.1107,  0.0036, -0.0181,  0.0267, -0.0806,
         0.3028, -0.0244], device='cuda:0', requires_grad=True)