conv1.weightParameter containing:
tensor([[[[ 2.6379e-05, -1.8533e-04,  2.9050e-05,  8.1686e-05, -1.6997e-04],
          [-9.3628e-05,  8.3485e-05, -3.3944e-05,  6.0743e-05, -4.7790e-05],
          [ 9.1972e-05,  1.0677e-04, -2.3631e-05,  3.6603e-05, -3.4837e-05],
          [-2.4399e-05, -1.0064e-05,  1.2043e-04, -5.3070e-05, -2.2995e-04],
          [-9.7732e-05, -6.3910e-05,  1.1491e-05, -4.1635e-05,  7.9079e-05]]],


        [[[ 7.9561e-05,  1.8768e-04, -1.1144e-04,  1.8520e-04, -4.7295e-05],
          [-5.1136e-05,  2.4507e-05, -1.9882e-05, -1.6345e-04, -8.1601e-05],
          [ 8.0541e-05, -6.2075e-05, -2.4481e-04, -7.5167e-05, -2.3947e-05],
          [ 2.2585e-05,  5.3349e-05, -4.4314e-05,  2.4375e-05, -6.9726e-05],
          [ 8.0849e-05,  2.3978e-04, -8.1080e-06,  7.4483e-06, -1.5726e-04]]],


        [[[ 5.0261e-05,  1.2244e-04,  1.5764e-04, -1.3820e-05, -1.1656e-04],
          [ 2.1029e-05, -4.1344e-05, -3.5815e-05, -1.0004e-05,  1.0389e-04],
          [-3.7624e-05,  2.1447e-04,  8.8679e-06,  6.2999e-05, -9.6713e-05],
          [ 5.5671e-05,  1.3457e-04,  1.9132e-04,  6.1456e-05,  2.9926e-05],
          [ 5.3630e-05,  2.8733e-05,  1.1269e-04,  1.4328e-05, -1.2468e-04]]],


        [[[ 4.8644e-04,  7.2861e-05,  1.1569e-03,  1.2650e-03,  7.0739e-04],
          [ 6.8334e-04,  1.4648e-03,  5.8896e-04,  2.3382e-04,  2.0304e-04],
          [ 7.1360e-04,  1.9507e-02,  7.5522e-01,  7.8867e-03, -1.2781e-04],
          [ 5.6141e-04,  1.4620e+00,  2.1217e+00,  1.8443e-01,  1.1324e-05],
          [-4.3043e-04,  6.1990e-03,  4.4199e-02,  5.3034e-03,  2.7575e-04]]],


        [[[-1.7871e-04,  4.2549e-05,  2.4678e-04,  1.6355e-05, -6.0747e-05],
          [-6.5508e-05,  1.0963e-05, -1.0119e-04, -1.1593e-04, -1.1014e-04],
          [-2.0256e-05, -1.7879e-05,  5.4823e-05,  6.6348e-06, -1.5062e-06],
          [ 4.8455e-05,  1.0634e-05,  1.9168e-04, -1.3406e-04,  7.6400e-06],
          [-5.4525e-05,  4.7930e-06,  1.0471e-04, -8.8273e-05,  3.7815e-05]]],


        [[[-9.3701e-05, -1.5487e-04,  1.2893e-05,  8.6944e-08,  3.3760e-05],
          [ 1.0870e-04,  5.5273e-05, -6.3386e-05,  2.2167e-05, -2.0382e-04],
          [-2.5465e-05,  4.6674e-05, -3.7749e-05,  4.5351e-05,  7.2404e-05],
          [-8.0813e-05, -8.2725e-05, -1.1279e-04,  4.4640e-05,  2.2923e-05],
          [-6.5629e-05, -1.2001e-04,  2.8832e-05, -6.1797e-05, -2.2522e-05]]],


        [[[ 1.9056e-04,  7.2626e-05,  5.6515e-05,  5.3857e-05, -3.3132e-05],
          [ 2.5458e-04,  1.5065e-05, -1.5018e-04,  2.8010e-05, -1.4473e-05],
          [ 1.0153e-04,  8.8348e-05,  2.3363e-05,  2.1072e-04,  8.6909e-05],
          [-3.6888e-05,  3.4074e-05, -1.4105e-05, -1.3451e-05,  5.2664e-05],
          [ 1.7050e-04, -6.4972e-05,  4.2853e-05,  7.8454e-05,  1.0815e-04]]],


        [[[ 1.5699e-04, -1.5717e-04, -4.5921e-05, -4.4581e-05,  2.4021e-05],
          [ 4.0627e-05, -6.7360e-05,  7.7374e-05, -3.1412e-05, -3.3283e-05],
          [-4.5706e-05,  1.5971e-04,  1.2853e-04,  1.5934e-04, -1.0106e-05],
          [-1.6441e-05,  1.3212e-04, -9.3914e-05,  6.5614e-05, -6.6101e-05],
          [ 7.7021e-05,  4.8950e-05, -5.4076e-05,  2.2026e-04,  5.1573e-05]]],


        [[[-1.0896e-04,  1.5572e-04, -8.1520e-05,  2.4344e-04, -1.0500e-04],
          [-1.1388e-04, -8.3636e-05, -1.0964e-04,  1.4960e-04,  1.1835e-04],
          [-2.7676e-05, -9.5813e-05,  2.0899e-04, -2.5872e-05,  4.2177e-05],
          [ 1.6641e-04,  8.2793e-05,  1.5073e-04, -5.2658e-05, -1.8129e-05],
          [-5.4879e-05,  9.2935e-05,  1.0515e-04,  1.0480e-04,  7.6934e-05]]],


        [[[-2.9324e-05, -9.6128e-05, -3.9556e-05, -7.4698e-05, -1.3165e-04],
          [-1.9664e-04,  6.9975e-05, -5.0306e-05,  1.6942e-04,  2.1958e-05],
          [-2.7193e-05,  3.7482e-06, -9.4880e-05, -1.4185e-05,  9.1046e-07],
          [-2.0213e-05,  1.1742e-04,  6.7147e-05,  9.9495e-06,  4.5664e-05],
          [-1.1844e-04, -2.5876e-04, -8.1047e-05, -1.0436e-04,  3.5386e-05]]],


        [[[ 3.1375e-05,  4.4444e-05, -2.1660e-04,  5.0796e-05,  1.4159e-04],
          [ 6.6069e-05, -1.0951e-04, -2.9949e-05,  2.2893e-04, -1.4705e-04],
          [-2.9300e-04,  1.8043e-06, -3.3885e-05,  1.0149e-05, -4.0126e-06],
          [ 2.4527e-04,  9.4826e-05, -4.7235e-05,  2.7092e-05,  4.8483e-05],
          [-1.4473e-04, -1.8154e-04, -9.1568e-05,  1.9862e-04, -7.1102e-06]]],


        [[[-1.4262e-04, -1.3819e-04, -5.2720e-05, -5.2974e-05, -2.7285e-05],
          [-3.7076e-05,  1.1125e-04,  1.3682e-04,  1.3615e-04,  3.4835e-05],
          [-2.0516e-04, -4.8023e-05,  4.9116e-05,  1.5730e-04, -7.4409e-05],
          [-1.1784e-04,  1.8766e-05,  1.7870e-04,  1.3679e-04,  7.1621e-05],
          [ 7.0251e-05, -3.0740e-05,  1.3400e-04, -2.0671e-04, -5.1358e-05]]],


        [[[-8.5464e-05,  1.3521e-05,  9.2415e-05, -9.0210e-05, -1.4973e-06],
          [ 1.0939e-04,  1.0263e-04, -7.6304e-05, -5.9960e-05,  1.1984e-05],
          [ 1.2136e-04, -2.5308e-05, -2.4636e-05, -9.2393e-05,  7.5392e-05],
          [ 1.3941e-05, -1.0245e-04,  8.8582e-05, -2.8013e-05,  1.9587e-04],
          [ 7.7116e-05,  4.0654e-06, -1.4423e-04, -8.5536e-05, -1.2728e-05]]],


        [[[-1.5251e-05,  1.6107e-04, -1.1156e-04, -9.0494e-05,  8.6119e-05],
          [ 4.8362e-05, -8.8402e-05,  1.1815e-04, -9.1432e-06,  3.9947e-05],
          [-1.8039e-04, -1.8957e-04, -9.9304e-05,  1.1225e-04, -5.5052e-05],
          [-8.8354e-06, -4.5407e-06, -6.5324e-05,  9.1151e-06, -1.0892e-04],
          [-3.2635e-05, -1.4557e-04,  2.0895e-04,  1.3630e-04,  6.3528e-05]]],


        [[[-6.8412e-05, -1.9476e-04,  9.2496e-05, -5.5268e-05, -2.6928e-04],
          [-1.8420e-04,  9.1960e-05,  3.6188e-05,  1.7161e-05,  3.6965e-06],
          [ 6.3226e-05,  1.3399e-05,  5.2581e-05, -2.6544e-04,  5.3943e-05],
          [ 2.0287e-06,  2.8783e-06,  2.3892e-04,  3.4508e-05,  2.0061e-05],
          [ 2.9768e-05, -2.0754e-05,  1.6250e-05,  6.4960e-05,  5.6734e-05]]],


        [[[ 4.1422e-05,  1.2904e-04,  1.1303e-05,  1.0727e-04, -8.9954e-05],
          [-1.6248e-06, -7.0177e-05,  3.2026e-05, -1.2435e-04, -8.7305e-05],
          [-3.3272e-04, -1.7724e-04,  1.8954e-04, -2.1583e-05, -6.9030e-05],
          [ 1.7262e-04, -3.9018e-05,  2.2300e-05, -4.0114e-05,  3.4297e-05],
          [ 1.2425e-04,  6.7919e-06,  1.9085e-05,  3.2823e-06, -1.1044e-04]]],


        [[[-2.2862e-04, -9.9880e-06, -1.1412e-06,  8.5810e-05, -1.4717e-04],
          [ 2.4927e-05, -1.6409e-04, -2.3163e-04,  9.2379e-05,  9.7819e-05],
          [-3.0048e-05,  4.3399e-05,  4.8788e-06,  4.7066e-06,  4.7990e-05],
          [ 2.3547e-05,  8.7997e-05, -2.9818e-06, -4.0584e-06, -1.7056e-05],
          [ 1.6694e-04,  9.9836e-06, -1.0922e-04,  5.0650e-05,  5.0293e-05]]],


        [[[-5.9344e-05,  1.7277e-05, -8.1683e-05,  3.1151e-05,  4.5903e-05],
          [-1.1855e-04,  6.7343e-05, -8.8559e-05, -4.8174e-05,  6.0035e-05],
          [ 8.8147e-05, -5.2642e-05,  4.2182e-06, -1.8250e-04,  2.9249e-05],
          [-4.4330e-05, -3.4730e-05,  3.2218e-05, -7.1621e-05, -1.6535e-04],
          [-1.5585e-04,  1.2182e-04,  1.0687e-05, -9.7827e-05, -1.3920e-04]]],


        [[[-1.3544e-05,  9.2758e-05, -2.9296e-05, -1.5551e-05, -1.9181e-04],
          [-3.0214e-05,  1.4292e-04,  7.2903e-05,  1.6788e-04,  8.5234e-05],
          [-8.2866e-05,  2.1827e-05,  3.2823e-04,  3.6790e-05,  1.7713e-04],
          [-2.2018e-05,  3.3749e-05, -5.6936e-05, -7.9523e-05, -2.3267e-04],
          [ 1.0315e-04,  2.8147e-04,  1.9073e-04,  2.2765e-05, -1.9014e-04]]],


        [[[ 3.1358e-05,  6.9472e-05,  1.5502e-04, -8.0873e-07,  9.1166e-05],
          [-9.2421e-06, -7.8669e-05, -7.6873e-05,  2.1615e-05,  3.5068e-05],
          [ 1.1516e-05,  1.1513e-04, -1.3080e-04,  2.1828e-04, -5.3852e-05],
          [-1.6349e-04,  2.6514e-05, -9.7727e-05,  7.0440e-05, -1.8494e-05],
          [-2.0503e-05,  1.6734e-04,  2.1713e-05,  1.3112e-04,  1.4436e-05]]]],
       device='cuda:0', requires_grad=True)conv1.biasParameter containing:
tensor([ 0.0101,  0.0181,  0.0111,  0.0027,  0.0187,  0.0248, -0.0007,  0.0220,
         0.0169, -0.0005,  0.0468,  0.0481,  0.0099,  0.0358,  0.0473,  0.0136,
        -0.0012,  0.0054,  0.0082, -0.0006], device='cuda:0',
       requires_grad=True)conv2.weightParameter containing:
tensor([[[[ 9.4301e-05,  5.5553e-05,  3.3713e-06,  8.5454e-05,  1.0807e-04],
          [ 7.6676e-05,  1.9264e-05,  2.9736e-05,  1.3821e-04,  7.3203e-05],
          [-8.7957e-06, -2.0405e-05,  5.5155e-05, -1.1170e-04, -8.6692e-05],
          [-8.6558e-05,  2.0130e-05, -2.1852e-04,  8.8236e-05, -2.3403e-06],
          [ 9.3941e-05,  2.5556e-05,  3.6157e-05, -8.3962e-05, -3.8489e-06]],

         [[-8.6316e-06,  5.6538e-05,  5.0450e-05, -7.6706e-05, -7.0531e-05],
          [-8.5380e-06,  5.4642e-05,  1.2255e-05,  1.2261e-05, -8.3224e-05],
          [-5.3640e-05, -1.1441e-04,  1.1526e-04, -1.0138e-04, -3.8668e-05],
          [-5.6270e-05,  5.3004e-05,  1.3476e-04, -1.1413e-05, -7.2741e-05],
          [ 9.6342e-05, -9.9266e-05, -1.2019e-06,  8.3246e-05, -1.1197e-04]],

         [[ 7.2881e-05, -4.5041e-05, -6.7867e-05, -1.3667e-05, -9.8461e-05],
          [-3.5702e-05, -6.5818e-05, -7.6829e-06, -1.4165e-05,  9.4057e-06],
          [-1.6173e-05, -3.6015e-05, -1.0216e-04, -8.4887e-05, -7.1828e-06],
          [-1.0121e-04, -3.6990e-05, -8.1161e-05,  1.3235e-05,  1.4075e-04],
          [-7.3020e-05, -8.8097e-05, -6.0234e-05,  1.0296e-04, -7.2923e-06]],

         ...,

         [[-4.5133e-05,  5.2380e-05,  9.8323e-05, -6.2881e-05,  4.4149e-05],
          [ 1.2717e-04,  1.3435e-04,  1.4055e-05, -2.4888e-05, -3.8737e-05],
          [ 6.0745e-05,  4.6062e-05, -5.3955e-05, -2.1561e-05, -1.7568e-04],
          [-1.3785e-04,  3.5609e-05,  4.6107e-05,  8.5724e-05, -1.8715e-04],
          [ 1.2120e-04, -1.1950e-04,  2.9713e-07, -9.7436e-05, -5.3304e-05]],

         [[-4.6849e-05, -8.3588e-05,  6.1695e-05,  8.4736e-05,  1.6987e-05],
          [ 1.3215e-04, -1.1978e-04, -6.7423e-05,  1.3608e-05, -1.2390e-05],
          [-1.5390e-04, -1.5566e-04, -5.8200e-05, -1.2382e-04, -1.8037e-04],
          [-1.8024e-04,  9.8140e-05,  6.9465e-05,  5.6696e-05, -1.6795e-05],
          [ 9.8125e-05, -4.0477e-05, -1.8741e-05, -9.1423e-05,  8.2846e-05]],

         [[ 4.9550e-05, -1.7524e-04, -3.9841e-05,  6.1803e-05,  6.2733e-05],
          [ 3.8323e-05, -1.7512e-04, -4.6677e-05,  6.1533e-05,  9.1415e-06],
          [ 1.5643e-05, -1.1709e-05,  2.4075e-04,  3.1655e-05, -4.9522e-05],
          [-4.3663e-06,  6.6372e-05, -1.4888e-05, -1.2829e-04,  9.0861e-05],
          [-1.3617e-04,  1.6303e-04, -1.6482e-04, -6.4116e-05, -1.4568e-04]]],


        [[[-1.8741e-04,  1.1450e-04,  3.5891e-05, -3.1492e-05,  7.3247e-05],
          [-4.6798e-06,  8.4403e-05, -3.1832e-05, -5.9405e-05,  8.0852e-05],
          [ 7.5277e-05,  7.1893e-05, -8.0180e-05,  7.4319e-05, -1.9593e-05],
          [-1.4710e-04,  1.3753e-05, -1.1841e-05,  3.6295e-05,  1.6557e-05],
          [-3.9340e-06,  6.9951e-05,  8.0844e-05,  1.4299e-04, -1.2329e-04]],

         [[ 6.4510e-05, -9.2006e-05,  1.3841e-04,  6.4018e-05, -3.2752e-05],
          [-2.0313e-04, -3.7201e-05,  1.5681e-04, -3.0676e-05,  5.5796e-06],
          [-4.6085e-05,  1.8496e-04, -4.7415e-05, -2.2310e-04,  2.1972e-05],
          [ 4.2747e-05, -3.7364e-05, -3.0742e-05,  2.6398e-05, -2.1844e-05],
          [ 2.2757e-05, -1.8731e-04,  4.2597e-05,  6.1182e-06, -2.3680e-05]],

         [[-2.7311e-05,  2.2291e-05,  1.8931e-04, -6.0178e-05,  1.5019e-04],
          [ 8.9635e-05, -4.6664e-05,  1.6157e-04,  2.2400e-06,  6.9740e-05],
          [ 2.7390e-05,  2.7384e-05,  3.5958e-05,  1.5451e-06,  7.2493e-05],
          [ 4.0362e-05, -9.2056e-05,  7.8591e-05, -1.1571e-04,  4.5151e-05],
          [-3.0481e-07, -1.0997e-05,  5.7124e-05, -5.9102e-05, -1.1210e-04]],

         ...,

         [[ 1.5149e-06,  1.0925e-04,  1.2514e-04,  2.5503e-05, -9.6784e-05],
          [-5.3505e-05,  4.5293e-05,  6.6581e-06,  2.3888e-05,  8.7602e-05],
          [ 8.7405e-05, -6.7084e-05,  4.1302e-05, -1.1283e-04,  4.7373e-05],
          [-1.6547e-04, -6.4035e-06,  2.3433e-05,  4.5174e-05,  1.7092e-04],
          [ 3.0353e-05,  2.3025e-05, -2.4408e-06,  1.1742e-04, -2.4033e-05]],

         [[-4.8447e-05,  1.4467e-04,  1.7098e-05,  8.1810e-05,  3.6350e-05],
          [ 1.0357e-07,  1.6252e-04,  1.3636e-04,  5.7345e-05, -1.1209e-04],
          [ 5.7721e-05, -1.6685e-05,  2.3680e-06, -2.1815e-05,  1.7257e-04],
          [ 8.7479e-05, -9.3926e-06,  8.7493e-05, -1.0252e-05,  2.5352e-06],
          [-3.5335e-05,  2.5691e-06, -6.7259e-05, -1.0144e-04,  1.1099e-04]],

         [[-1.1735e-05,  7.9050e-05,  7.9816e-05,  2.7285e-05, -6.4793e-05],
          [ 6.3956e-06, -1.8949e-04,  5.3108e-05, -1.1946e-04,  4.7271e-05],
          [-6.0063e-05,  1.1806e-04, -6.3837e-05,  6.1022e-05,  1.1109e-04],
          [-7.9620e-06,  8.3897e-05, -2.4692e-05, -9.3939e-05,  6.0161e-05],
          [-1.8841e-04,  7.5067e-05, -1.0892e-04, -5.9902e-05,  8.9937e-06]]],


        [[[ 3.4979e-05,  4.9947e-05,  3.4720e-05,  7.8901e-05, -8.5667e-05],
          [-1.0614e-05, -5.7880e-05, -1.1474e-04,  1.3728e-05,  1.3225e-04],
          [ 2.7265e-05, -1.0477e-05,  9.4329e-05,  8.5062e-06,  1.0879e-05],
          [-1.2991e-04, -5.0528e-06, -2.3544e-06, -4.6124e-05, -6.1546e-05],
          [ 6.8695e-05, -2.3768e-05, -1.0167e-04, -2.6932e-05,  7.9049e-05]],

         [[ 3.7104e-05, -1.6687e-05, -1.7094e-05,  2.8641e-05,  1.1226e-04],
          [-2.5431e-05,  2.7860e-05,  2.8430e-05, -1.8545e-05,  1.3298e-04],
          [ 1.7339e-04,  3.3900e-06,  1.1192e-04,  5.8939e-05,  7.1711e-05],
          [ 2.6733e-05,  5.7643e-05,  6.0176e-05,  1.1134e-04,  1.5636e-05],
          [ 5.0598e-05,  1.8631e-04, -1.9757e-04,  1.6843e-05,  3.2648e-06]],

         [[-1.1112e-04,  1.1552e-04,  1.1521e-04,  3.1467e-05,  2.7477e-06],
          [-4.4091e-05, -4.7172e-05, -5.7291e-05, -2.1322e-04,  8.1621e-06],
          [-7.9315e-05, -1.3344e-04,  6.8301e-05, -6.8220e-05, -1.4968e-04],
          [-3.9953e-05, -7.2031e-06, -6.8400e-05,  1.0541e-05, -9.1838e-05],
          [ 8.7058e-05, -1.1085e-04,  2.5844e-04, -5.2267e-05,  8.2109e-05]],

         ...,

         [[ 1.1883e-06,  4.6572e-05,  1.9380e-05,  7.9403e-05,  4.9102e-05],
          [ 4.8020e-05, -6.7572e-05, -2.4585e-05,  3.7345e-05,  9.4633e-05],
          [-1.4529e-05,  2.1733e-04, -2.1553e-05,  6.0701e-05, -1.2256e-04],
          [-9.2887e-05, -5.5675e-05, -2.1769e-04,  5.2190e-06,  8.4054e-05],
          [ 4.2477e-05,  1.0798e-04, -1.0423e-04,  8.8729e-05,  8.3069e-05]],

         [[-2.0375e-04,  3.7537e-05,  3.1458e-05, -4.2889e-05, -3.9718e-05],
          [ 3.7337e-05, -6.7525e-06,  2.0212e-04, -8.7801e-05,  1.1924e-04],
          [-1.4332e-04, -1.4162e-04, -9.1957e-05, -2.5958e-04,  8.8983e-05],
          [ 7.1713e-05,  1.0858e-04,  7.6863e-05,  1.1808e-04, -2.5908e-05],
          [-1.7519e-05,  2.0193e-04, -1.0610e-04,  6.7851e-05,  4.7032e-05]],

         [[ 3.7448e-05,  1.0771e-04,  1.0759e-04,  3.4766e-05, -5.3266e-05],
          [-1.7801e-04, -1.6341e-05,  2.2820e-05, -1.8521e-04,  4.7498e-05],
          [-2.0355e-04,  6.1831e-05, -4.4083e-05, -3.0643e-05, -9.1424e-05],
          [-2.0303e-04, -3.6572e-05, -3.6571e-05, -3.0332e-05, -2.0568e-04],
          [ 4.5242e-05,  1.0660e-04, -5.3728e-05,  1.0047e-05,  1.1727e-04]]],


        ...,


        [[[-1.1312e-04,  2.6812e-05, -8.0869e-05,  1.5337e-06, -3.8038e-06],
          [ 6.6830e-07,  2.6752e-05,  4.8162e-05, -1.0772e-04, -1.0051e-04],
          [ 7.6203e-06,  9.6951e-05, -1.7219e-04,  3.6550e-05, -1.5529e-05],
          [ 5.0450e-05, -9.2567e-05,  5.3850e-05,  2.6438e-06,  3.3267e-05],
          [-2.4670e-04, -9.6486e-05,  2.7438e-05, -1.1893e-04,  2.2151e-05]],

         [[ 4.5936e-05,  1.6471e-04, -8.2690e-05, -4.2128e-05, -4.6409e-05],
          [-9.6534e-05, -1.1783e-04,  5.0360e-06,  2.3462e-04,  9.9052e-05],
          [-6.3779e-05, -1.0902e-04,  4.0016e-05,  2.1584e-04, -2.3514e-05],
          [-7.2266e-08, -2.3283e-06, -7.5323e-06,  3.3641e-06, -7.2591e-05],
          [-6.5687e-05,  1.4743e-04, -1.3541e-05,  3.4045e-05,  1.9374e-05]],

         [[-1.1245e-05,  5.2540e-05,  8.4165e-05,  1.2995e-04, -1.3339e-04],
          [ 5.4595e-05, -7.7862e-05, -1.5315e-05, -3.8109e-05,  5.3786e-05],
          [ 5.9565e-05,  5.5965e-05,  4.4301e-05, -8.1505e-05, -3.8285e-05],
          [-5.5055e-05, -2.7447e-06, -4.3955e-05,  1.0340e-04, -1.0201e-04],
          [-9.7454e-05,  1.1390e-04,  5.8578e-05, -1.1327e-05,  2.0302e-04]],

         ...,

         [[ 9.3963e-05,  1.2527e-04,  7.8544e-05, -1.3541e-04, -9.7730e-05],
          [ 1.5351e-05,  1.1248e-04,  5.0020e-05,  2.0516e-05, -1.0233e-04],
          [-3.5147e-06, -9.3917e-06,  1.0765e-04,  7.0377e-05, -1.4778e-04],
          [-1.0933e-04, -1.0679e-05,  8.0687e-06, -4.5052e-05,  1.1295e-04],
          [ 7.8436e-05, -5.6894e-07, -6.9163e-05, -1.3585e-04,  1.2020e-04]],

         [[ 1.0433e-04,  3.1487e-05, -2.6973e-05, -4.3910e-05, -1.4431e-05],
          [-8.5867e-05, -4.9663e-05,  8.1883e-05, -5.3535e-06,  9.2217e-05],
          [ 3.2816e-05,  1.3393e-05, -8.8590e-05,  3.3608e-05, -7.4222e-05],
          [ 5.7758e-05,  1.2228e-04, -6.7363e-05, -1.6671e-04,  6.6954e-05],
          [-1.2515e-04,  3.2348e-05, -8.3146e-05, -1.0023e-04, -3.2439e-05]],

         [[-2.2600e-04,  1.7044e-05,  8.5817e-07,  1.8245e-05,  1.9817e-05],
          [ 1.6315e-07, -2.6574e-04,  5.6080e-05,  1.8537e-05,  2.5573e-05],
          [-2.3167e-05, -6.0857e-05,  7.5758e-05,  1.6163e-06, -5.4045e-05],
          [-1.8152e-05, -5.2511e-06, -6.2461e-05, -5.7492e-06,  1.1247e-04],
          [-1.6898e-04,  1.1907e-04,  1.1128e-06,  1.0562e-05,  1.9266e-05]]],


        [[[ 2.1950e-04, -9.7706e-05,  1.2245e-04,  1.1484e-04, -1.0135e-04],
          [ 5.0892e-06, -1.5318e-05,  7.7669e-05, -5.0886e-05,  3.8206e-05],
          [-6.3888e-05, -9.1498e-05,  1.4385e-04,  7.7733e-05, -1.2034e-04],
          [-1.1343e-04,  4.8871e-06,  1.1640e-04,  1.3372e-05,  4.8559e-05],
          [ 1.3395e-04,  1.5303e-06,  1.5384e-06, -7.9856e-06, -2.9104e-05]],

         [[ 7.0918e-05,  8.5842e-05, -6.0433e-05, -1.8306e-05, -1.8189e-04],
          [ 8.9839e-05, -5.7187e-05, -1.5830e-05, -1.3450e-04, -3.1754e-05],
          [ 2.8245e-05,  3.0121e-05,  6.1548e-05,  4.9653e-05, -4.5865e-05],
          [ 3.0698e-06,  1.6012e-04, -5.1462e-05,  1.3179e-04,  2.1275e-06],
          [-6.1466e-06, -4.8081e-05,  2.8854e-05, -1.5737e-04, -1.1579e-04]],

         [[ 1.0284e-04, -1.7446e-04,  1.0163e-04, -5.3222e-05,  2.8921e-05],
          [-1.7262e-04, -1.1102e-04,  4.0041e-05,  4.0625e-05, -8.0793e-05],
          [-2.2671e-04,  2.2872e-06,  7.0983e-06,  2.3796e-04, -2.4151e-04],
          [-2.4496e-04,  1.6210e-04,  1.0447e-04,  6.8553e-05,  8.5955e-05],
          [ 2.7344e-05, -2.2114e-05,  8.0364e-05,  9.3005e-05, -5.0253e-05]],

         ...,

         [[ 7.0347e-05, -3.1206e-05, -5.3302e-05,  4.0226e-05,  4.0394e-05],
          [-7.1049e-05,  8.2777e-05, -7.1216e-05,  7.2253e-05,  4.4636e-05],
          [-8.9772e-05, -6.9175e-05,  8.1485e-05, -1.2565e-04, -2.0090e-04],
          [-1.1309e-04, -5.0143e-05, -1.2982e-05, -8.6007e-05, -7.3758e-05],
          [-5.4163e-05,  7.3143e-05,  1.4547e-04, -8.4218e-05,  1.8258e-05]],

         [[ 2.0685e-06, -6.2538e-05,  5.5917e-06, -9.6752e-05, -1.2552e-05],
          [-3.7696e-05, -1.0811e-04,  5.8056e-05, -9.4522e-05,  1.6590e-04],
          [-4.6313e-05,  5.0568e-05,  7.6459e-05, -1.0340e-04, -2.0731e-06],
          [ 1.8080e-05, -9.4889e-05, -8.2452e-05, -8.1823e-06, -1.5436e-04],
          [-5.0400e-06, -1.4546e-05,  9.7170e-06,  8.3981e-05,  1.1052e-04]],

         [[-3.5627e-06, -1.4806e-05,  8.2541e-05,  5.8642e-05, -5.8575e-05],
          [ 2.8107e-05, -1.2740e-04,  1.2836e-04, -3.6045e-05,  3.6387e-05],
          [-2.0270e-04,  2.7405e-04,  1.3228e-04,  5.0289e-05,  3.7171e-05],
          [-6.9080e-05, -1.1155e-04, -5.5313e-05,  4.4794e-05,  3.6861e-05],
          [ 8.8393e-05,  3.1769e-05,  8.7003e-05, -4.0026e-05,  3.2795e-05]]],


        [[[ 4.7657e-05, -2.3084e-05, -1.7048e-04,  1.2238e-04, -2.2513e-05],
          [ 6.4893e-06, -7.7278e-05, -4.2686e-06,  8.7489e-05, -1.7037e-04],
          [-1.2711e-04, -9.8870e-05, -6.4105e-05, -2.6274e-05,  5.2776e-06],
          [-8.7132e-05,  6.3402e-05,  7.3777e-05, -1.5078e-05, -5.7179e-05],
          [ 1.2050e-04, -8.2779e-07,  1.6383e-04,  1.0201e-04, -1.5109e-05]],

         [[ 1.9179e-05, -3.9536e-06, -7.3261e-05, -1.0980e-04,  8.9746e-05],
          [-2.0168e-05,  7.1443e-05,  2.4489e-04, -4.5366e-05,  6.2213e-06],
          [ 7.2512e-05,  3.9259e-05, -6.9609e-05, -1.0997e-04,  9.2104e-05],
          [ 2.4636e-05,  1.0436e-04,  4.7774e-05,  7.0626e-05, -4.5807e-07],
          [-1.1495e-04,  7.0911e-06,  3.9367e-05, -7.0913e-06,  2.6415e-05]],

         [[ 7.2458e-05, -5.7051e-05, -1.4361e-04, -8.6070e-05,  5.4613e-05],
          [ 1.1010e-04, -1.2209e-04,  2.0367e-04,  2.5440e-05, -1.9562e-04],
          [ 2.0680e-05,  8.3164e-06, -3.4273e-05, -1.6153e-04,  1.1376e-04],
          [-1.2480e-04,  1.9800e-05,  1.3288e-04, -2.8898e-05, -1.2470e-04],
          [-1.6179e-04,  8.3756e-05, -3.7273e-05, -1.5365e-04,  1.0074e-04]],

         ...,

         [[-3.4762e-05,  5.2339e-06, -4.6082e-05, -1.0030e-05,  1.5566e-05],
          [-5.4428e-06,  9.5223e-06, -8.3634e-05, -2.6012e-04, -1.3462e-04],
          [-6.6074e-05,  6.5836e-05,  2.4740e-06, -1.1538e-05,  5.2425e-05],
          [ 6.0002e-06, -1.0765e-04, -5.1595e-05, -3.4879e-05,  3.2805e-05],
          [-5.1201e-05, -2.3952e-05,  5.9532e-05, -1.1088e-04,  1.6790e-05]],

         [[-7.4450e-05,  2.7119e-04,  7.2003e-05, -9.6820e-06, -7.9383e-05],
          [ 9.1288e-06, -1.3086e-05,  8.3049e-05, -3.9518e-05,  1.1982e-05],
          [ 5.5548e-05,  9.4111e-05, -9.7398e-05, -1.3307e-05,  2.1582e-04],
          [ 1.2519e-04, -7.9066e-05, -1.4314e-05, -6.8596e-05, -7.4513e-05],
          [ 8.7401e-05,  5.2741e-05,  9.9589e-05, -8.0105e-05,  2.3107e-05]],

         [[ 7.7046e-05,  1.5870e-04, -1.7361e-06, -6.2125e-05, -1.7332e-04],
          [ 2.3006e-05,  3.5128e-05,  1.6385e-05, -1.1900e-04,  1.8398e-05],
          [-6.6312e-06,  1.4696e-04,  9.1062e-05, -3.5222e-05, -5.8963e-05],
          [-5.5480e-05,  1.5671e-04,  1.0640e-05, -9.9348e-06,  1.4680e-04],
          [-4.4260e-08,  2.4001e-05, -1.4151e-04,  1.4173e-04, -5.0695e-05]]]],
       device='cuda:0', requires_grad=True)conv2.biasParameter containing:
tensor([-0.0073, -0.0102, -0.0056, -0.0061, -0.0181, -0.0032, -0.0033, -0.0233,
        -0.0038, -0.0054, -0.0116, -0.0126, -0.0059, -0.0165, -0.4965, -0.0145,
        -0.0062, -0.0026, -0.0049, -0.0068, -0.0055, -0.1430, -0.0234, -0.0091,
        -0.0045, -0.0171, -0.3022, -0.0057, -0.0060, -0.0098, -0.0158, -0.0127,
        -0.0181, -0.0206, -0.0031, -0.0058, -0.0104, -0.0032, -0.0134, -0.0030,
        -0.0042, -0.0038, -0.0029, -0.0053, -0.0036, -0.0033, -0.0157, -0.0074,
         0.0060, -0.0080], device='cuda:0', requires_grad=True)fc1.weightParameter containing:
tensor([[-1.2183e-41,  1.6678e-41, -1.9243e-41,  ...,  4.3833e-42,
          1.4834e-41, -1.3782e-41],
        [ 1.6504e-41, -1.9754e-40, -6.3807e-41,  ...,  1.2394e-40,
          2.0940e-40,  2.0580e-40],
        [-2.3786e-40, -7.1587e-41, -1.8288e-41,  ..., -1.3198e-40,
          6.6014e-41, -1.2533e-40],
        ...,
        [-9.3172e-42, -3.1365e-41,  1.8357e-43,  ...,  3.4567e-41,
         -4.1784e-41,  5.1272e-41],
        [-5.0700e-41, -1.8052e-40, -1.1883e-41,  ..., -3.8941e-41,
         -1.3071e-40,  1.9064e-40],
        [-2.2146e-41,  2.0333e-41,  8.6824e-42,  ..., -1.5050e-41,
         -2.0078e-41,  1.8941e-41]], device='cuda:0', requires_grad=True)fc1.biasParameter containing:
tensor([-1.4178e-01, -6.4442e-16, -6.3393e-07,  1.2782e-02,  3.7062e-02,
         3.6901e-02,  4.2770e-03,  4.6901e-02,  9.6370e-38,  8.0398e-02,
        -2.5534e-07, -8.6191e-35, -1.3249e-10, -1.0062e-10, -1.2143e-06,
         1.0214e-01, -4.1195e-03, -1.5547e-22,  6.7631e-02,  6.7354e-02,
        -8.2171e-24,  9.1480e-05, -1.3621e-04, -3.1898e-02,  2.5997e-16,
        -2.3776e-41, -2.9593e-08, -1.8122e-40, -1.0835e-30, -5.1928e-04,
        -5.1212e-11, -5.1043e-02, -1.1266e-02, -5.4457e-10, -2.1532e-07,
        -1.5657e-19, -8.9350e-11, -1.0604e-08, -2.6492e-31,  6.5872e-02,
        -3.5148e-09, -2.3485e-05, -8.5778e-03, -7.4863e-04, -5.3089e-27,
        -1.6428e-11,  6.3059e-02, -8.5006e-27, -6.5449e-03, -6.5597e-05,
        -6.3549e-42, -6.0050e-05, -1.4257e-03,  2.9002e-02, -3.6841e-08,
        -5.7510e-10, -1.5552e-11, -1.6625e-13, -1.3275e-03,  3.4961e-02,
        -5.4422e-03, -2.9249e-06, -3.7396e-07, -3.7319e-31, -5.4684e-03,
        -3.1342e-06, -1.2203e-05, -3.4376e-12,  6.9862e-02,  4.5791e-32,
        -1.7184e-13, -1.7159e-08,  8.2567e-03, -8.5170e-02,  7.6921e-03,
        -5.4858e-26, -1.3711e-02, -7.8058e-04,  1.6415e-01, -3.3157e-22,
        -7.2321e-37,  2.8016e-02, -2.0960e-03, -1.3354e-16, -1.4655e-06,
        -7.8441e-05, -2.3422e-02, -3.1738e-41, -8.4985e-03, -4.9725e-06,
         2.8817e-02, -5.5734e-13, -1.6913e-04, -1.2765e-05, -2.1051e-08,
        -1.1605e-22, -2.4731e-29,  8.1836e-43, -8.0341e-03, -1.4149e-19,
        -1.0069e-23, -3.7223e-03, -3.4894e-10, -1.0262e-16, -3.0857e-07,
        -3.4814e-05, -2.5503e-32, -6.7866e-04, -5.1802e-02, -9.1725e-27,
        -1.8575e-05, -2.6258e-06,  1.2168e-02,  8.7604e-02, -5.1773e-02,
        -4.3642e-03, -2.5104e-07, -7.2678e-19, -4.9594e-02, -2.1149e-02,
        -1.2567e-03,  1.4088e-02, -5.9328e-14, -1.2473e-13, -7.6785e-30,
        -1.0115e-05,  2.8521e-02,  2.3904e-02,  3.2221e-02,  8.5071e-02,
         1.1854e-02,  3.6009e-02, -2.4739e-30, -2.6824e-06, -7.4000e-07,
         5.2919e-02, -1.3483e-41, -2.1696e-03, -7.0487e-35, -3.1570e-21,
         6.8469e-02, -8.0235e-26, -3.8965e-02,  7.6286e-39, -4.9765e-07,
         8.3317e-04,  2.2458e-26, -6.5379e-09,  1.3049e-01, -5.7574e-05,
        -2.0473e-05,  5.6984e-06, -1.8726e-02,  6.0644e-24,  3.1348e-02,
        -1.7073e-04, -5.8540e-07, -1.4537e-07, -2.8896e-05,  9.6846e-02,
         1.1715e-01, -4.1567e-29, -1.4038e-15, -1.6317e-02,  3.7342e-02,
        -4.0339e-06,  8.9809e-42,  1.1678e-02, -1.0664e-04, -6.8925e-08,
         9.8143e-02, -4.9571e-11, -3.8163e-15, -1.6833e-06, -1.5188e-28,
         3.0464e-42,  9.2332e-42, -2.2762e-14, -7.3439e-10,  6.9074e-33,
        -4.4639e-10, -1.6747e-06,  5.3514e-03,  6.1419e-02, -3.9321e-09,
        -6.1384e-25, -4.4587e-04, -4.2242e-11,  9.1967e-42,  3.3222e-30,
         4.3591e-02, -3.0885e-09, -3.5571e-07,  3.6607e-02, -4.2018e-06,
         9.1489e-02, -2.9064e-33, -6.8758e-09, -8.1027e-06,  5.5871e-29,
        -2.1923e-16, -6.0238e-08, -9.3279e-04, -1.8171e-22,  1.2267e-02,
        -7.6158e-04, -2.2489e-03, -6.5142e-24,  4.1864e-35,  6.4620e-17,
        -1.0287e-41, -2.9432e-04, -2.5849e-05,  8.6248e-02,  1.3070e-25,
         1.9411e-01, -1.6004e-09, -4.6554e-07, -2.9620e-02,  5.4400e-02,
        -1.5299e-08,  3.7863e-02, -7.7162e-08, -1.1945e-19, -2.0518e-10,
         1.2315e-02, -3.5175e-06, -6.4949e-09, -2.1433e-33, -2.4514e-11,
        -1.2053e-34, -3.2996e-08, -1.6418e-07, -3.3921e-04, -1.3192e-06,
         2.8880e-02,  4.6805e-02,  9.5281e-03, -2.3254e-03, -1.4814e-03,
        -7.0336e-25, -1.9635e-02, -1.2055e-31, -2.3400e-06, -2.3007e-03,
        -9.6951e-08, -2.8701e-17,  4.1446e-02,  9.4657e-02, -2.3599e-15,
        -2.1455e-10, -1.1973e-41, -4.7535e-03,  8.6736e-41,  3.7893e-02,
        -1.5640e-02, -2.4371e-12, -9.6191e-08, -1.4053e-17, -2.0382e-08,
        -6.0287e-04,  1.2665e-40,  1.9369e-03, -5.8930e-13, -3.0292e-07,
        -1.8302e-06,  1.0559e-01, -6.0884e-09, -5.6319e-04, -5.2201e-09,
        -3.6221e-05, -4.6569e-10, -7.0814e-03, -8.2671e-02, -3.8269e-09,
         5.3970e-08, -9.2394e-02, -1.7368e-12,  2.4234e-02, -3.1845e-07,
        -1.7153e-05,  7.3941e-02, -8.9232e-06, -6.1917e-02, -7.1437e-02,
        -6.2503e-08, -2.5734e-11, -5.9531e-14, -8.7447e-04, -1.7967e-02,
        -9.0473e-13,  1.3105e-07, -3.8847e-26, -1.3645e-16,  9.4076e-02,
         1.1065e-05,  5.2940e-02, -4.5459e-06, -3.1755e-08, -4.8452e-13,
        -5.9600e-02, -1.0707e-05, -9.6447e-10, -6.3719e-16, -7.6007e-04,
        -3.7535e-12, -1.4832e-03, -3.2281e-17,  2.5860e-02, -2.8241e-02,
        -2.5920e-41, -5.8984e-03, -2.4562e-06, -4.1217e-10, -3.1784e-02,
        -6.3952e-08, -2.0827e-14,  4.8663e-02, -6.3100e-17, -3.4836e-34,
        -9.0792e-06,  1.3785e-20, -8.5589e-11,  2.5039e-33, -3.3239e-11,
        -2.4536e-09, -5.2303e-09, -6.2870e-07, -1.7417e-07, -4.9249e-04,
        -1.0870e-05,  6.5525e-34, -7.1725e-06, -1.2392e-28,  1.6198e-01,
        -5.2222e-04, -1.1591e-05, -6.6075e-33, -6.0853e-05, -2.6512e-04,
         7.3933e-02, -6.1609e-10, -6.5342e-26,  2.0969e-01, -1.5220e-02,
        -4.0936e-22, -1.5190e-04, -1.4466e-12, -3.8669e-13, -1.2614e-41,
        -3.8391e-13, -1.3909e-10,  5.3384e-02, -1.7697e-02, -2.1362e-06,
        -3.8770e-05,  5.2857e-42, -1.5641e-06, -1.2650e-05,  3.2655e-02,
        -3.7175e-11,  2.5920e-23, -5.6659e-07, -6.5444e-03,  4.6004e-17,
         5.6885e-39,  8.0294e-42, -1.1664e-14, -8.4985e-05, -1.5397e-06,
         1.3563e-01, -8.4467e-18, -1.0378e-01, -1.4054e-04, -5.5059e-10,
        -2.1612e-02, -9.2153e-18, -2.3884e-01, -1.1578e-07, -5.4496e-42,
        -1.2829e-30,  6.3920e-03, -3.1912e-05, -1.4552e-12,  6.5403e-02,
        -4.3696e-07, -4.0253e-29, -5.6758e-08,  8.1132e-04, -5.4621e-13,
        -1.2691e-05,  1.7759e-02,  4.5449e-20, -1.4332e-05,  1.0746e-02,
         1.7266e-02, -1.3433e-09, -1.2039e-12, -7.4900e-05, -3.3516e-02,
        -4.9764e-17, -1.7755e-03, -3.1182e-06, -8.5708e-31, -3.6924e-05,
         1.8509e-25, -1.1669e-13,  5.6124e-16,  4.5488e-36, -2.9116e-05,
        -2.7912e-17, -7.3744e-33,  6.5926e-02,  3.9093e-30,  1.9164e-02,
         6.6968e-02, -1.6985e-21, -1.6428e-03, -8.2579e-14,  4.5623e-03,
        -6.5343e-03, -4.2215e-04, -9.3864e-06, -1.0396e-04, -2.7737e-26,
         1.5840e-02, -4.6236e-10, -1.0744e-40,  1.0624e-02, -1.3981e-01,
        -5.6666e-23, -7.8304e-03, -3.3272e-14, -3.1551e-03,  4.8204e-02,
        -1.2129e-04, -1.0994e-10, -4.8916e-14, -1.4517e-04, -2.5393e-02,
        -3.8245e-05, -1.2892e-10,  1.7272e-01, -1.0443e-07, -1.3681e-07,
        -1.4516e-02,  1.1088e-28,  4.8875e-05, -7.1218e-09, -4.8556e-32,
        -4.6478e-03, -1.1785e-02, -6.3280e-17, -8.7469e-09, -1.6186e-05,
         1.0868e-01, -4.4714e-07,  6.4276e-34, -2.9806e-03, -2.9546e-02,
        -2.7989e-16,  3.0574e-02,  5.5122e-08, -1.1584e-01,  3.4871e-32,
         4.7544e-22,  4.4127e-42, -1.2953e-03, -2.3428e-06, -5.8403e-15,
         1.5910e-40,  6.9189e-03,  3.7113e-26, -1.8378e-10,  1.2561e-25,
        -8.7000e-07, -1.2293e-02,  5.0721e-02, -9.3758e-09, -4.9339e-04,
        -1.5400e-12, -1.3042e-06, -2.8472e-02, -8.2668e-25, -4.0404e-03,
        -1.7524e-05,  7.3071e-03, -1.5979e-03, -3.4541e-09, -1.1485e-23,
        -7.9329e-13, -5.8531e-17, -3.1385e-28, -1.8837e-19, -5.9745e-09,
        -1.7654e-28, -3.1317e-18, -3.1763e-05, -1.1311e-11,  3.7027e-04],
       device='cuda:0', requires_grad=True)fc2.weightParameter containing:
tensor([[-3.7940e-01, -1.6632e-03, -4.0619e-07,  ...,  8.9645e-05,
          2.3828e-06,  9.1168e-02],
        [ 1.5400e-01,  2.4251e-04,  1.3636e-09,  ...,  9.2784e-05,
         -6.5972e-08, -1.0543e-01],
        [-7.7878e-02, -6.2684e-06, -2.0457e-07,  ...,  2.3556e-06,
         -4.4308e-04, -6.8463e-02],
        ...,
        [-1.3682e-02,  1.7173e-04,  1.9451e-07,  ..., -2.2641e-05,
          4.8375e-06,  1.2423e-01],
        [-6.1205e-01,  5.0503e-04, -6.4710e-09,  ...,  1.7871e-04,
          2.7651e-04,  1.2370e-01],
        [ 2.9847e-01,  7.3474e-05, -3.8535e-08,  ..., -7.2378e-05,
         -2.8241e-05,  1.6709e-01]], device='cuda:0', requires_grad=True)fc2.biasParameter containing:
tensor([-0.0129, -0.0170, -0.0558, -0.1062,  0.0054, -0.0146,  0.0285, -0.0833,
         0.2918, -0.0322], device='cuda:0', requires_grad=True)