conv1.weightParameter containing:
tensor([[[[-2.3223e-05, -9.8175e-05,  2.9832e-05, -4.5754e-05, -3.3385e-05],
          [-4.3082e-05, -4.1554e-05, -7.3014e-05, -1.8916e-04, -4.4314e-05],
          [ 2.2696e-05,  7.6783e-05, -1.1042e-04,  1.0775e-04, -1.2348e-04],
          [ 6.2245e-05, -1.0109e-04,  1.0757e-06,  3.5907e-05, -1.3351e-04],
          [ 3.1410e-05,  1.3460e-04, -2.8188e-04, -2.6284e-04, -9.0301e-05]]],


        [[[ 4.3119e-05,  1.1405e-04,  1.2505e-04,  5.9391e-05,  9.2426e-05],
          [-1.5751e-04, -6.2369e-05, -1.2151e-04,  7.0072e-05, -8.4264e-05],
          [ 6.8450e-05, -1.9639e-04,  1.9900e-05, -3.2823e-05,  5.0954e-06],
          [-1.3667e-04, -8.8458e-05, -9.6968e-05,  7.4730e-06,  8.8028e-05],
          [ 1.3652e-04,  1.2709e-04,  8.1896e-05,  9.8088e-05, -3.3820e-05]]],


        [[[ 1.1159e-04, -1.3588e-04,  4.0855e-05, -2.4674e-05,  1.1602e-04],
          [ 2.6207e-05, -4.7313e-05,  1.6809e-04, -4.2688e-05, -2.5061e-05],
          [-9.8760e-05,  1.9062e-04, -4.6791e-05, -4.1777e-05, -9.3393e-05],
          [-6.9239e-05, -4.8713e-05, -4.4415e-05,  1.4599e-05,  2.6587e-05],
          [-2.2693e-06,  1.1409e-04,  2.8038e-04, -8.7747e-05, -1.6727e-05]]],


        [[[-1.8363e-04,  6.2148e-05, -1.5449e-04,  1.0290e-04,  3.4923e-04],
          [-3.2608e-05, -5.8145e-04, -2.9458e-04,  1.7360e-04,  2.0127e-03],
          [-1.2478e-03,  3.8996e-01,  6.0503e-01,  3.9625e-03,  1.1849e-03],
          [ 7.3483e-03,  2.0068e+00,  2.3634e+00,  5.6976e-01, -2.7667e-04],
          [ 2.5228e-03,  1.3118e-01,  1.5132e+00,  7.6413e-01, -4.4522e-04]]],


        [[[ 1.6151e-04, -4.1622e-05, -4.6925e-06,  3.3722e-05,  1.4430e-04],
          [ 1.4652e-04,  6.0238e-05, -3.3986e-05,  5.9984e-05, -1.2651e-04],
          [-5.0703e-05, -4.0004e-05, -1.9878e-04,  3.2832e-06, -3.2272e-05],
          [ 1.1867e-04, -1.3608e-04, -1.4622e-04,  8.1267e-05, -5.0028e-05],
          [ 1.4859e-04,  1.1579e-05,  1.2523e-04,  1.3289e-04,  5.7879e-05]]],


        [[[-1.0704e-04, -7.9920e-05,  2.0270e-04,  2.2885e-04, -2.4141e-05],
          [ 9.1913e-05,  3.0553e-05, -1.7406e-04,  1.5307e-05, -5.1799e-05],
          [ 7.4090e-05, -1.5751e-04,  5.6015e-05, -1.9584e-04,  1.2525e-04],
          [-1.1048e-05,  1.0001e-04,  5.1869e-05,  4.7907e-05,  4.2829e-05],
          [ 6.2373e-05,  5.5763e-05, -1.0578e-04,  7.3589e-05, -1.8801e-04]]],


        [[[-1.1853e-04, -1.9355e-05,  1.7761e-05,  1.7867e-04, -9.1873e-05],
          [ 7.4061e-06, -1.3616e-04, -1.5006e-04,  1.1512e-04, -1.3433e-04],
          [-1.0871e-04, -4.0497e-05, -2.6225e-04, -3.9282e-05, -8.0298e-06],
          [ 1.9883e-04,  2.1207e-04, -2.6176e-04, -9.7217e-05,  4.4109e-05],
          [-3.9835e-05, -4.2624e-06, -2.1166e-05,  1.8011e-04,  8.9098e-05]]],


        [[[-1.3931e-04, -1.1676e-04,  5.7676e-05, -2.4603e-05, -6.2823e-06],
          [-6.9036e-05,  2.5865e-05, -1.4635e-05,  5.6617e-05, -2.4980e-04],
          [-5.4718e-05,  4.9876e-05,  9.2918e-05, -6.3326e-07,  3.0011e-05],
          [-3.3617e-06, -1.5808e-04,  6.5832e-06, -3.3664e-04,  2.2265e-04],
          [-8.7394e-05, -4.7093e-05,  4.2679e-05, -2.0774e-04, -1.0441e-04]]],


        [[[ 1.5970e-04, -1.4428e-05, -1.8048e-05, -2.6393e-04,  1.1799e-04],
          [ 3.7573e-05,  4.9697e-05,  2.1722e-04, -1.1254e-05, -9.6973e-05],
          [-2.3460e-04,  1.1638e-04,  3.1724e-05, -8.2491e-05, -3.2000e-04],
          [ 5.3909e-05, -1.4437e-04,  6.5826e-05,  2.0262e-05, -7.2007e-05],
          [-5.5579e-05, -3.5347e-06, -5.3420e-06, -2.3039e-04, -9.5477e-06]]],


        [[[ 5.6135e-05, -3.2933e-05, -8.7201e-05, -1.0515e-04,  6.9714e-07],
          [-4.8318e-05, -1.3739e-05, -9.2593e-05, -1.1882e-04, -1.4322e-04],
          [-8.4067e-06, -1.0260e-04,  1.3231e-05,  1.2714e-04, -1.6697e-05],
          [ 2.3730e-04,  2.8691e-04, -1.1141e-04,  1.2021e-04,  5.5091e-05],
          [-9.5186e-05,  2.8991e-05, -8.9496e-05,  3.4406e-05,  2.1703e-05]]],


        [[[ 4.1586e-05, -1.3935e-04,  1.1740e-04,  9.0113e-05, -1.0735e-04],
          [-1.7824e-04,  1.9640e-05, -4.2470e-05,  3.2543e-05, -1.6532e-04],
          [-2.0933e-04,  8.1028e-05,  2.2262e-04,  4.0447e-05, -8.5746e-05],
          [-4.9603e-06, -3.5328e-05,  1.2911e-04,  1.2338e-04,  2.6707e-04],
          [-2.3646e-05,  8.4159e-05,  1.3872e-04, -1.1270e-04,  2.2103e-05]]],


        [[[-8.3655e-05,  2.0272e-04, -1.3667e-04, -4.2905e-05,  3.6877e-05],
          [-1.3507e-04, -2.0683e-04, -9.5481e-05,  1.8454e-04, -8.9504e-06],
          [ 5.6393e-06,  1.1642e-04,  2.8811e-05,  8.4932e-05,  5.7761e-05],
          [ 1.3998e-04, -1.3949e-04, -1.4782e-04, -3.2476e-05,  9.5874e-05],
          [-4.4451e-05,  2.0974e-04,  2.9656e-05,  4.9075e-05, -1.0137e-04]]],


        [[[ 1.5147e-04,  4.3330e-05, -1.2723e-04, -1.2045e-04, -1.4937e-04],
          [-1.5173e-05,  7.1093e-05,  1.3354e-05, -3.9837e-06, -2.2464e-04],
          [ 5.6209e-05,  1.5173e-04, -3.0052e-05,  5.5676e-05,  3.1810e-05],
          [ 5.5697e-05,  1.3691e-04, -2.1551e-04, -5.9655e-05, -1.6298e-04],
          [ 2.7263e-05, -2.1370e-05,  7.5515e-05, -3.9891e-06, -8.3878e-05]]],


        [[[ 1.7228e-04,  6.9418e-05, -9.7925e-05,  3.1585e-05, -9.5565e-05],
          [-2.4963e-04,  3.0637e-05, -5.4634e-06, -1.0299e-04,  5.4689e-05],
          [-1.1601e-04, -1.7015e-04,  4.7154e-05,  9.5772e-06, -3.2098e-05],
          [-5.5186e-05, -9.0281e-06, -1.2138e-04, -6.0519e-05, -1.2097e-04],
          [-1.2038e-05,  5.4375e-05, -8.2657e-05,  4.9849e-05,  4.9579e-05]]],


        [[[ 7.3484e-05, -1.1805e-04, -1.8255e-04, -1.6254e-06, -5.4793e-05],
          [ 1.1972e-04,  9.8156e-05,  1.1204e-04,  1.3226e-04, -7.6711e-05],
          [ 1.8262e-04,  1.7906e-04,  7.3896e-05,  1.7743e-04, -3.2359e-05],
          [-5.4057e-05,  1.0212e-04, -1.4556e-04,  9.8908e-05,  6.9121e-05],
          [-1.7895e-04,  8.8876e-05, -9.3375e-05,  8.6423e-05, -7.1457e-05]]],


        [[[-1.0198e-05, -9.2191e-05,  6.4101e-05,  5.1762e-05, -1.9956e-05],
          [ 9.9023e-05, -4.6991e-05, -1.1316e-05,  4.3992e-06,  2.0430e-04],
          [ 4.9309e-05, -2.3168e-04,  1.9653e-04, -3.4245e-06,  6.8617e-05],
          [ 2.5930e-06,  7.8883e-06, -7.7029e-05, -6.1190e-05,  9.9472e-05],
          [ 6.8946e-05, -1.5202e-04, -6.3264e-05, -1.4565e-04, -3.3589e-05]]],


        [[[-4.9210e-05,  8.7994e-05,  2.7724e-05,  3.5519e-05, -1.3865e-05],
          [ 1.9409e-05,  3.3600e-05,  3.2164e-05, -3.0312e-05, -2.1760e-04],
          [ 1.4640e-05,  2.6201e-06, -2.1146e-04, -1.2010e-04, -1.4034e-05],
          [-2.0538e-04, -8.5864e-05, -2.4344e-04,  9.3618e-05,  6.7551e-06],
          [-7.5558e-05,  1.2451e-04, -9.5633e-06,  3.2802e-05,  6.4668e-05]]],


        [[[ 2.7972e-06, -2.6241e-05, -6.7184e-05, -7.7554e-05,  2.3415e-04],
          [ 4.4788e-05, -4.6762e-05,  4.3859e-05,  1.4651e-04, -9.3834e-05],
          [-5.7186e-05,  5.1689e-05, -2.3122e-04, -1.0974e-04,  1.5093e-04],
          [-2.3718e-04, -1.6198e-04,  6.0347e-06, -2.5420e-04,  9.3545e-05],
          [-3.2803e-06,  6.1953e-05, -7.8677e-05, -9.8642e-05, -8.1266e-05]]],


        [[[-2.0816e-04,  8.8414e-05,  1.4400e-04,  1.6444e-04,  1.0671e-04],
          [ 1.2713e-04,  1.0349e-04, -5.3293e-05, -3.2777e-05,  7.7628e-06],
          [ 1.5317e-04,  2.5613e-05,  1.2518e-04, -4.4380e-05,  4.8230e-05],
          [ 7.9071e-05,  1.3579e-06, -1.2633e-04,  4.1646e-05, -1.2636e-05],
          [ 7.7266e-05, -6.4042e-05, -1.1509e-04,  8.6952e-05,  7.6975e-05]]],


        [[[ 1.2817e-06,  2.7306e-05, -2.6830e-05,  6.7487e-05,  8.3604e-05],
          [ 4.9652e-05,  1.7782e-05, -3.1913e-05,  1.9491e-04, -7.0763e-05],
          [-1.6102e-04, -9.9812e-05, -6.4064e-05, -7.6867e-05, -6.1708e-05],
          [ 6.9893e-05, -9.7983e-06, -3.9156e-05,  1.5813e-05, -2.8405e-05],
          [-7.7071e-05,  5.3453e-05,  2.5962e-05,  2.7923e-05, -1.2319e-04]]]],
       device='cuda:0', requires_grad=True)conv1.biasParameter containing:
tensor([-0.0008,  0.0014,  0.0012,  0.0011, -0.0013,  0.0021, -0.0012, -0.0009,
        -0.0006,  0.0032,  0.0008,  0.0040, -0.0007, -0.0011,  0.0069, -0.0010,
         0.0006,  0.0042, -0.0005, -0.0013], device='cuda:0',
       requires_grad=True)conv2.weightParameter containing:
tensor([[[[ 5.7282e-05,  3.8403e-05, -7.4473e-05, -9.2938e-05, -1.0607e-04],
          [ 5.4591e-05, -2.8888e-06, -5.2412e-05,  1.0182e-05, -2.3050e-04],
          [-1.0617e-04, -3.0188e-05, -4.5377e-05,  1.0653e-04, -2.8917e-05],
          [-1.8288e-05, -4.7274e-07,  3.6396e-05, -1.0926e-04,  1.3517e-04],
          [-4.1621e-05,  2.4621e-05, -1.0627e-04,  1.0817e-04, -2.3063e-04]],

         [[ 1.1787e-04, -5.6444e-05,  3.8872e-05,  6.3514e-05, -6.2461e-05],
          [-4.2882e-05, -8.7011e-05, -2.7581e-05,  9.9357e-06,  5.6448e-05],
          [ 7.2207e-05, -8.1361e-05, -2.5260e-04, -1.1435e-05,  4.1865e-05],
          [-1.1738e-04, -1.8843e-04,  7.5979e-06, -2.5492e-04,  5.1094e-05],
          [-2.3342e-04,  3.8963e-05,  6.7924e-05,  5.3673e-06,  1.3185e-04]],

         [[-1.0351e-04, -2.5784e-04,  1.3415e-04,  1.4810e-04,  6.2969e-05],
          [ 1.2928e-04, -6.1904e-06, -2.1652e-05,  1.5789e-05, -3.4574e-05],
          [-2.8609e-06, -9.4935e-05,  3.7309e-06, -2.8641e-05,  6.4486e-05],
          [-1.3671e-04,  1.6658e-04, -6.3137e-08,  2.2237e-06,  1.2574e-04],
          [ 2.2945e-04,  2.5255e-04,  9.5811e-05,  1.5283e-05,  8.7231e-06]],

         ...,

         [[-5.2080e-06,  9.3938e-05,  7.8033e-06, -6.0266e-05, -7.2407e-05],
          [ 2.6586e-07, -5.7844e-05, -1.3059e-05, -8.2252e-06, -9.0028e-05],
          [ 7.0804e-05,  7.7808e-05,  1.6602e-05,  3.7970e-06, -6.3020e-05],
          [ 9.3496e-05,  4.7517e-05, -6.7393e-05, -3.9792e-05, -4.6558e-05],
          [-1.3737e-04,  2.4659e-04,  8.3573e-05,  1.3550e-04,  3.7820e-05]],

         [[-9.8026e-05, -9.2935e-06, -3.6852e-05,  1.1791e-04,  3.3393e-05],
          [ 1.6089e-05, -9.9370e-06, -3.6673e-05, -1.0167e-04,  1.1757e-05],
          [-1.2254e-04,  5.3026e-05, -1.1536e-04, -7.8674e-05,  5.8042e-05],
          [ 9.1803e-05, -6.8187e-05, -1.9402e-04,  3.3580e-05, -3.0408e-05],
          [-3.0756e-05,  1.1619e-05,  1.0019e-05,  1.0167e-04, -1.0182e-04]],

         [[-1.0298e-04, -9.2594e-05, -2.9678e-06, -1.7429e-05,  4.2344e-05],
          [-6.3531e-05, -1.3807e-04,  1.1831e-04, -1.8896e-05,  9.6014e-05],
          [ 1.0972e-06, -1.1473e-05,  1.5382e-05,  2.8054e-05, -9.8268e-05],
          [ 1.2724e-04, -5.5372e-05,  9.6324e-05, -3.6219e-05, -1.1831e-04],
          [ 4.6116e-05, -1.7961e-05,  1.0287e-04, -3.4270e-06, -1.7936e-05]]],


        [[[ 1.3384e-04,  8.4632e-05,  8.2004e-05, -1.0176e-04,  1.0588e-04],
          [-3.1305e-05, -1.9571e-05, -2.1409e-05, -3.4814e-05, -4.9084e-05],
          [ 3.9717e-05, -1.0062e-05,  4.3646e-05, -5.5539e-05, -1.8950e-05],
          [-6.4478e-05,  2.3547e-05, -5.5367e-05,  5.2422e-05,  5.6993e-06],
          [-1.8751e-04,  1.5377e-04, -1.0928e-05,  2.0837e-04,  3.2136e-05]],

         [[-7.2582e-06, -8.1598e-05,  4.4247e-05,  1.3553e-04, -6.1832e-05],
          [-1.9772e-04, -2.7930e-04,  8.0256e-05,  2.9533e-05, -1.3752e-05],
          [-1.0212e-04,  1.0485e-04, -3.4977e-05, -1.9466e-06,  2.5132e-05],
          [ 6.2223e-05,  1.8678e-06, -2.2970e-05,  9.6136e-06,  1.1446e-04],
          [-7.4844e-05,  1.7765e-04,  5.8204e-05, -6.2693e-05,  1.7825e-04]],

         [[-3.6797e-06, -2.5639e-05,  8.2511e-05,  3.1829e-05, -9.3721e-05],
          [ 9.9424e-05,  9.9756e-05,  1.3014e-05, -7.6397e-05, -1.7174e-05],
          [ 5.7711e-05,  4.2145e-05,  9.1592e-05, -3.5796e-05, -6.2233e-05],
          [-7.4955e-05,  4.9321e-05, -4.7392e-05,  4.8257e-05, -5.6959e-05],
          [-1.4089e-07,  9.9404e-05,  2.0178e-05, -1.3004e-04, -8.1653e-05]],

         ...,

         [[-5.8542e-05,  2.8152e-05, -5.0008e-05,  3.1675e-05,  1.2244e-04],
          [ 5.8829e-05,  8.1768e-05, -2.9018e-05, -1.4756e-04,  1.7526e-04],
          [ 1.0765e-04,  8.3811e-07, -1.0748e-04,  1.4476e-04,  2.6739e-04],
          [ 1.0255e-04,  5.9563e-07, -7.9323e-05, -9.0161e-05, -2.8131e-05],
          [ 4.1701e-05,  5.7036e-05, -2.6770e-04,  6.1110e-06, -4.4341e-05]],

         [[ 6.8706e-05, -2.7602e-05, -1.4344e-05, -3.5287e-06,  5.4398e-05],
          [ 8.0350e-05, -2.1881e-05,  9.4248e-05, -9.5282e-05,  2.8459e-05],
          [-1.3903e-04, -4.8819e-05, -1.8609e-04, -2.9507e-05, -6.6226e-05],
          [ 1.3676e-04, -8.3616e-05,  3.4721e-05, -1.0512e-04, -7.9988e-05],
          [ 6.9250e-05,  4.2620e-05, -9.9465e-05, -8.1305e-05, -8.0031e-05]],

         [[-2.6533e-05,  9.1725e-05, -7.1974e-05, -1.6142e-04,  2.3687e-05],
          [-2.1884e-05,  5.4175e-05,  7.2610e-05, -8.0665e-05,  2.7905e-04],
          [-5.8559e-05,  2.2951e-04,  6.9293e-05, -2.2673e-04, -8.7378e-06],
          [ 7.6354e-05,  1.4501e-04, -1.3613e-04,  1.1309e-05, -6.9515e-05],
          [ 3.8016e-05,  6.3624e-06, -9.8656e-05,  5.8021e-05, -3.7179e-05]]],


        [[[ 4.1625e-06,  8.1737e-05,  1.6917e-04,  1.8334e-04,  1.4147e-04],
          [ 1.9682e-04,  2.4988e-05, -2.9696e-05,  1.3084e-04, -6.7047e-06],
          [ 1.2625e-04,  6.9802e-05,  5.6623e-05, -6.9831e-05, -3.1537e-05],
          [-1.2061e-04, -1.1223e-04,  5.2192e-05, -1.0848e-04,  1.0528e-04],
          [ 3.1823e-05, -7.7142e-05,  5.2641e-05,  9.3915e-05, -1.1440e-04]],

         [[ 1.3103e-05, -9.2935e-06,  1.1753e-04,  2.3538e-05, -1.6268e-05],
          [-7.5671e-05,  1.3399e-05,  1.1249e-04, -7.5618e-05, -1.1659e-04],
          [-1.0142e-04,  5.7611e-05, -1.0040e-04, -3.5701e-05, -8.5633e-05],
          [ 3.0641e-06, -1.4103e-05,  6.2639e-06, -4.7631e-05, -2.2014e-05],
          [ 3.7170e-05, -1.0678e-04,  4.0480e-05, -6.2157e-05, -6.7361e-05]],

         [[ 1.3705e-04, -1.0053e-04, -4.6836e-06,  4.9757e-05,  8.4606e-07],
          [-1.4943e-04,  4.8642e-05, -5.5184e-05,  1.4006e-05,  8.3494e-05],
          [ 1.5928e-04,  1.1963e-04,  2.3601e-05, -1.3245e-04, -2.4888e-06],
          [ 1.2187e-04,  1.0732e-05, -1.4433e-04,  3.6878e-05,  1.1207e-04],
          [ 5.5790e-05, -2.7453e-05, -8.4968e-05, -3.4338e-05, -6.1183e-05]],

         ...,

         [[-2.4921e-04, -1.0948e-04,  8.7078e-05,  1.1136e-05,  1.5560e-04],
          [ 3.3475e-06,  7.6411e-05,  1.9334e-04,  5.5464e-05,  9.8692e-05],
          [ 5.8508e-05,  5.3972e-05,  7.3236e-05,  2.0237e-05, -4.4878e-05],
          [ 7.2410e-05,  4.1002e-05, -1.8774e-04, -1.9210e-05, -4.1683e-05],
          [ 7.5425e-05, -7.0187e-05,  4.4051e-05, -1.7964e-05, -1.9549e-04]],

         [[ 1.1347e-05,  6.0036e-05,  6.2583e-06,  1.9159e-04,  2.8898e-06],
          [-7.6376e-05, -2.3267e-04,  7.0189e-05,  3.3835e-05,  1.5234e-04],
          [-5.6169e-05, -7.9196e-05,  1.9646e-04,  1.3084e-04,  2.7968e-05],
          [ 1.1599e-04, -5.2454e-05, -2.2991e-06, -9.3427e-06,  6.9898e-05],
          [ 6.2549e-05,  5.2668e-05,  8.7595e-05,  3.5255e-05,  4.3098e-05]],

         [[ 7.9637e-05,  7.8280e-05,  2.8246e-06,  1.1118e-04,  1.0222e-04],
          [-1.6873e-04,  9.0654e-06,  5.0912e-05, -2.4185e-05, -2.9689e-05],
          [-1.4354e-05,  3.1864e-05,  3.5518e-05, -7.8966e-05,  5.7274e-05],
          [-1.1379e-05,  2.4869e-06,  1.6052e-04, -1.0432e-04, -1.7616e-05],
          [-3.6720e-05,  1.2535e-04,  3.1095e-05, -7.9062e-05,  5.7952e-05]]],


        ...,


        [[[-1.7050e-05, -3.5486e-05,  2.8076e-04, -1.0526e-04,  1.6571e-06],
          [-1.9869e-04,  1.9867e-04,  1.3753e-04, -2.4379e-05,  9.6045e-05],
          [-2.6273e-05, -2.0053e-04, -9.4439e-05,  6.3202e-06,  1.3373e-04],
          [ 9.7875e-05,  1.3373e-04, -1.5378e-06, -3.4999e-05, -2.5472e-05],
          [ 3.1599e-05,  1.6952e-05,  1.1785e-04,  3.3556e-05,  8.8664e-05]],

         [[ 5.9582e-05, -1.8666e-05,  1.3860e-04, -6.8662e-05,  1.6915e-04],
          [-7.9148e-05, -7.6119e-05,  3.2510e-05,  8.1222e-05, -6.6874e-05],
          [-9.1303e-05,  4.3686e-05,  1.0371e-04, -1.5918e-05,  1.2011e-04],
          [ 7.4619e-05, -6.1051e-06, -8.2212e-05,  8.7750e-05, -6.9929e-05],
          [ 7.8533e-05,  8.7031e-05,  7.0942e-05,  7.6084e-05,  7.6338e-05]],

         [[ 5.6706e-05,  5.6848e-05,  1.4126e-04,  1.6694e-04,  5.1793e-05],
          [ 4.1891e-05,  1.0771e-04,  5.6092e-06, -7.9440e-05,  2.4221e-05],
          [-3.9145e-05, -1.0075e-04, -1.7694e-04, -5.8259e-05,  5.5082e-05],
          [-5.4811e-06,  1.0121e-04, -5.0864e-05,  1.2292e-04,  6.5927e-05],
          [ 2.1385e-05, -7.3778e-05,  5.1889e-05, -1.3822e-04, -6.3394e-05]],

         ...,

         [[-2.9562e-05, -1.4925e-04, -5.5703e-05,  3.9264e-06,  4.1572e-05],
          [ 1.6950e-04,  4.9923e-06, -5.5668e-05,  3.4996e-05, -8.7579e-06],
          [ 1.4154e-04, -4.2094e-05, -7.8550e-05, -9.7010e-05,  1.2149e-04],
          [-5.2187e-06, -1.0500e-04, -2.0960e-05, -7.6141e-05, -8.5681e-05],
          [-2.3334e-05, -3.9452e-05, -1.4430e-04, -5.6366e-06,  2.5006e-05]],

         [[-1.9386e-04,  1.9442e-04, -6.3789e-06,  1.7064e-04,  8.7232e-05],
          [ 8.3972e-05,  1.7850e-04, -1.3091e-04, -4.6320e-05, -6.4722e-05],
          [-1.4352e-04,  2.2755e-05, -6.6421e-05, -1.1350e-05,  5.5295e-05],
          [-6.2157e-05, -1.3898e-04, -5.3663e-05,  1.2634e-05, -6.9159e-05],
          [-2.4932e-05, -6.8427e-05, -1.2545e-04,  1.0817e-04,  1.1123e-04]],

         [[-6.9767e-05,  7.6557e-05,  6.8181e-05,  1.0402e-04,  7.7691e-05],
          [-4.2719e-05, -1.4585e-04, -7.6735e-05, -6.2275e-06, -1.2505e-04],
          [-3.3053e-05,  1.4539e-04,  1.4894e-04,  5.1653e-05, -5.5137e-05],
          [ 7.8417e-05, -3.3843e-05, -1.1732e-04,  3.4541e-05,  5.5955e-05],
          [-5.6946e-05,  1.1945e-05, -1.0036e-04, -2.2460e-04, -2.4422e-05]]],


        [[[ 7.3011e-07, -1.7304e-05,  1.8205e-04, -1.7658e-06,  4.5552e-05],
          [ 5.3167e-05, -2.1491e-04, -6.7194e-05,  1.3663e-04,  2.2918e-05],
          [-1.0183e-05, -5.2621e-05, -4.8086e-05, -1.3006e-04,  5.9955e-05],
          [ 2.3131e-05, -7.5900e-05,  6.4400e-05, -1.1906e-06,  6.9104e-05],
          [ 2.3646e-05,  6.4467e-05, -9.4610e-05,  9.6955e-06,  1.9085e-04]],

         [[-1.1577e-04, -9.1630e-06,  7.7137e-05, -5.3726e-05,  7.6943e-05],
          [ 2.4470e-05,  4.3920e-05, -6.2806e-05, -8.3013e-06, -2.1565e-05],
          [ 9.0043e-05,  1.0872e-05,  1.3032e-04,  1.5487e-04,  3.1910e-05],
          [ 1.5916e-04, -1.1479e-05,  1.1608e-04,  8.9593e-06, -5.6063e-05],
          [-9.3892e-05,  2.4659e-05, -1.6882e-04, -2.8595e-05,  4.2552e-05]],

         [[ 2.4953e-06,  3.4267e-05,  3.4883e-05, -1.1020e-04, -9.4164e-06],
          [-1.2679e-05, -1.2188e-04, -1.0590e-04,  9.5662e-05,  9.1745e-05],
          [ 1.5264e-04,  3.4259e-05,  8.1618e-05,  1.8253e-04, -1.8988e-04],
          [-3.8339e-05, -4.9687e-05,  3.4205e-05, -1.9046e-05, -1.1414e-04],
          [ 9.2420e-05,  1.5655e-05,  1.9445e-05, -2.0082e-05,  1.2888e-04]],

         ...,

         [[ 6.4314e-05,  9.3278e-05,  4.6314e-05, -4.6255e-05, -2.4577e-05],
          [-2.0126e-05,  9.0811e-05, -5.6200e-05,  3.3864e-05, -8.5361e-06],
          [ 5.0267e-08, -1.3499e-04, -2.6847e-04,  1.5500e-04,  3.1258e-05],
          [ 1.2023e-04, -5.5617e-05, -1.4502e-04,  1.1882e-04, -1.2070e-04],
          [ 8.2539e-06, -7.7107e-05, -7.2567e-05, -2.9636e-05, -3.3430e-05]],

         [[ 1.1846e-05, -4.9374e-05, -9.0918e-05, -6.2824e-05, -7.2272e-05],
          [-1.4319e-04,  1.1764e-04, -5.6588e-05,  1.7870e-05, -7.4101e-06],
          [ 1.4021e-04, -1.3204e-04, -1.6656e-04, -6.3774e-05,  6.3811e-05],
          [-5.3649e-05, -7.2355e-05,  1.1135e-04,  5.3259e-05, -2.0856e-04],
          [-7.8768e-05,  7.8469e-05, -1.2644e-04,  5.6285e-05, -4.4936e-05]],

         [[-5.4332e-06, -9.3948e-06, -1.8917e-04, -7.4613e-05, -4.5900e-05],
          [ 2.1379e-06,  7.4980e-05,  3.6585e-05, -1.3058e-04,  6.5406e-05],
          [-1.1749e-04, -9.3419e-05, -1.0190e-04, -1.1228e-04,  7.3405e-05],
          [ 6.6582e-06, -1.1233e-04, -5.2578e-05, -2.7305e-05,  6.5341e-05],
          [-9.7235e-05,  2.3873e-05,  3.1403e-05, -2.7019e-05, -1.2458e-04]]],


        [[[ 2.2277e-05,  2.3497e-06,  6.8742e-06, -1.6760e-05, -5.4850e-05],
          [-3.1795e-05, -6.5333e-05, -2.8409e-04, -7.9881e-06, -1.2856e-05],
          [ 3.1498e-05,  1.9683e-05, -2.8185e-05, -5.7256e-05, -1.1740e-04],
          [ 3.3219e-06, -2.8506e-04, -8.9552e-05, -6.3044e-06,  2.0603e-05],
          [ 5.3317e-05, -1.6434e-05, -5.3118e-05,  7.6159e-05, -5.0971e-05]],

         [[-7.3298e-05, -3.4013e-05, -1.0830e-04,  4.7507e-06, -7.6554e-05],
          [ 7.6752e-05, -2.2279e-05,  4.2310e-05, -2.8289e-05, -2.7008e-05],
          [-1.1610e-04, -1.0039e-05,  2.6080e-07,  6.6965e-05,  1.1485e-04],
          [-4.6808e-05, -9.8620e-05,  9.2506e-05,  7.1177e-05,  6.3409e-05],
          [-2.3119e-05, -3.2771e-08,  1.1614e-04,  2.8474e-05, -2.4731e-05]],

         [[-6.9023e-07,  3.4085e-05,  2.4444e-05, -1.7969e-04,  8.1964e-05],
          [-6.9962e-05,  1.0168e-04,  1.8121e-05,  1.2839e-04, -1.7282e-04],
          [ 6.1984e-05, -1.4678e-04, -7.5393e-05, -2.7907e-05, -7.8548e-05],
          [-8.6909e-07, -1.8868e-04,  1.1449e-04,  1.0836e-04,  3.4352e-05],
          [ 1.6782e-05, -4.1938e-07,  3.9350e-05,  5.4783e-05, -1.3775e-05]],

         ...,

         [[ 4.7196e-05, -3.6156e-05, -1.0816e-04, -8.2168e-06,  9.1498e-05],
          [ 4.1903e-05,  5.7622e-05,  1.4633e-04,  5.8894e-06, -8.4540e-05],
          [ 1.8175e-04,  1.1724e-04,  5.8910e-06, -1.4638e-04,  5.7977e-05],
          [ 4.6387e-05, -1.3276e-06,  2.0230e-05,  1.5285e-05,  2.1276e-06],
          [-3.8763e-05, -1.4226e-04,  1.2861e-04,  8.2809e-05, -8.2630e-06]],

         [[ 1.2693e-04,  9.0198e-05,  5.9891e-05, -2.9974e-05, -4.9722e-05],
          [ 8.3921e-05,  5.7669e-05,  5.4394e-05,  3.0432e-06,  4.5776e-05],
          [ 2.6212e-04,  5.4688e-05,  2.1094e-04, -5.5640e-05,  5.8606e-05],
          [-7.2148e-05,  4.1741e-05,  4.7585e-05,  1.8502e-04,  5.5387e-05],
          [-9.1322e-05, -1.0237e-05, -1.2223e-04, -1.1660e-04,  2.8342e-05]],

         [[ 8.5964e-05,  4.7209e-05, -6.2236e-05, -1.7122e-04,  2.5268e-07],
          [-6.6331e-05, -4.5919e-05,  7.2085e-05, -9.0710e-05, -2.8555e-05],
          [-1.8667e-06, -9.6656e-05, -2.9584e-06, -9.2962e-05, -7.4171e-05],
          [-9.5656e-05,  7.6675e-05, -1.1357e-04, -1.4235e-05,  4.9958e-06],
          [-1.0283e-04,  1.0722e-04,  4.5584e-05, -1.0122e-04,  2.0487e-05]]]],
       device='cuda:0', requires_grad=True)conv2.biasParameter containing:
tensor([-0.0048, -0.0177, -0.0078, -0.0157, -0.0070, -0.0095, -0.0063, -0.0054,
        -0.0054, -0.0069, -0.0049, -0.0110, -0.0044, -0.0040, -0.5054,  0.0407,
        -0.0092, -0.0145, -0.0163, -0.0095, -0.0052, -0.3712, -0.0137, -0.0221,
        -0.4194, -0.0053, -0.0063, -0.0048, -0.0063, -0.0204, -0.0268, -0.4192,
        -0.0119, -0.0052, -0.0249, -0.0244, -0.0152,  0.0043, -0.0093, -0.0404,
        -0.0044, -0.0054, -0.0053, -0.0065, -0.0255, -0.0061, -0.0047, -0.0154,
        -0.0272, -0.0168], device='cuda:0', requires_grad=True)fc1.weightParameter containing:
tensor([[ 5.0604e-08, -2.0427e-05,  2.1765e-04,  ..., -2.7821e-18,
         -2.5146e-21, -1.5709e-37],
        [ 8.1106e-41,  2.7184e-37,  5.5404e-36,  ...,  2.0064e-41,
          1.2279e-40,  1.9233e-40],
        [ 5.7592e-41, -1.6297e-42,  2.6190e-41,  ...,  1.6739e-41,
          1.5491e-40, -3.6266e-41],
        ...,
        [ 5.3808e-41, -3.0253e-41, -1.6140e-41,  ...,  1.7677e-40,
         -7.5670e-42,  7.2279e-41],
        [-1.2884e-40,  9.7876e-41, -1.7998e-40,  ...,  1.1462e-40,
         -1.9424e-40,  3.9542e-41],
        [-1.9567e-40,  6.4238e-24, -2.1741e-23,  ...,  1.2302e-40,
         -1.3032e-40,  6.5044e-41]], device='cuda:0', requires_grad=True)fc1.biasParameter containing:
tensor([-5.7286e-02, -5.8108e-05, -9.9774e-08, -2.3423e-02,  3.4232e-02,
         3.2545e-03, -1.9777e-07,  1.3241e-41, -1.5370e-37, -3.3482e-22,
        -6.3180e-13, -1.1463e-08,  4.0718e-30, -5.3580e-35,  1.1977e-41,
        -1.8308e-13, -5.0610e-16,  1.2152e-41, -1.5142e-02,  5.6502e-02,
        -3.6191e-04,  8.6782e-42,  6.7178e-42,  1.0905e-05, -7.3500e-14,
         4.0415e-34,  1.8715e-05,  5.4024e-02, -3.6754e-09, -2.7357e-08,
         8.9249e-42, -3.0352e-42,  1.2768e-02, -1.1332e-19,  1.2749e-41,
        -7.8206e-42, -4.0326e-06, -7.6137e-03, -1.1685e-41,  3.1692e-02,
         5.2735e-37,  6.7783e-15, -4.6175e-09, -1.2106e-22,  1.5213e-36,
        -2.1928e-11, -2.4247e-06, -2.4501e-23, -1.7293e-03, -5.3280e-20,
        -3.3829e-09, -7.1364e-05, -9.0407e-03,  1.9324e-42, -2.8386e-02,
         1.1987e-01, -3.1536e-03, -9.0301e-22, -4.2377e-21,  4.5312e-26,
        -4.5202e-04, -3.2026e-08, -3.8124e-03, -9.2794e-42,  1.0168e-32,
        -3.6363e-02, -1.7747e-03, -3.3023e-05,  3.5129e-02, -3.6206e-05,
        -2.2148e-26,  4.9432e-38,  3.4946e-02, -2.7393e-15, -1.7327e-37,
        -3.4148e-38,  1.3964e-02, -6.3747e-06, -2.4702e-03, -1.4837e-13,
        -7.5431e-07,  8.3223e-32, -1.7819e-04, -7.3013e-11, -1.1234e-09,
        -6.1065e-05, -3.3805e-03, -6.7686e-39,  1.1967e-02, -3.8830e-08,
         1.1510e-01, -3.4276e-42, -1.2995e-04, -1.2106e-41, -6.4334e-03,
        -3.2323e-06,  3.5276e-28, -1.5245e-04, -3.8297e-35,  1.5107e-32,
         1.2704e-02,  8.1879e-03, -1.3223e-02, -8.2550e-42, -1.0214e-02,
         1.3537e-42, -4.7814e-03, -2.6625e-42, -7.0500e-02,  4.4141e-42,
        -6.3090e-07, -2.9128e-09, -6.1559e-42, -2.5655e-20, -5.4715e-02,
        -3.6683e-26,  9.4307e-43, -1.7315e-04, -9.6974e-04, -5.0072e-04,
        -1.4544e-08, -8.5619e-42, -8.4835e-42,  3.1109e-43,  4.1618e-02,
        -1.9607e-21, -1.0632e-04, -1.1793e-06, -8.6267e-29,  7.8953e-34,
         9.2500e-42, -1.0622e-04,  2.3175e-22, -1.0232e-08,  2.6799e-02,
        -5.3844e-06,  9.2177e-42, -4.5332e-42, -2.3540e-30,  8.4540e-42,
         3.9648e-02, -3.2181e-07,  4.6664e-03, -5.9207e-09, -9.4682e-09,
        -4.2165e-03, -4.3482e-07, -2.9212e-04,  6.8659e-02, -2.8389e-03,
        -3.4935e-21, -9.5355e-08, -8.6046e-06, -8.4465e-13, -4.8882e-21,
        -1.0511e-03, -4.3938e-07, -2.2449e-42, -1.2914e-05, -4.4898e-42,
        -1.2308e-07, -2.5549e-10, -4.7997e-22, -1.0720e-02,  4.1571e-02,
         6.2976e-05, -3.5410e-39, -3.8719e-03, -3.3441e-16,  1.7365e-04,
        -2.3127e-22, -1.0643e-16, -8.3388e-14, -6.4299e-06, -1.0886e-24,
         1.0053e-02, -7.3861e-15,  1.0229e-42, -1.9039e-10, -8.6939e-07,
        -1.2190e-06, -1.0174e-06,  8.6857e-03,  5.7399e-03, -5.8303e-11,
        -2.3940e-07, -5.2894e-06, -8.2248e-03, -8.7290e-31, -7.2270e-05,
        -1.4154e-06,  3.1193e-42,  1.3235e-41, -7.3387e-03, -8.7912e-27,
         3.4357e-02, -9.1264e-06, -1.0800e-35,  2.8434e-03, -9.9066e-25,
         1.0837e-02,  1.4955e-29, -1.7211e-16,  2.9751e-24, -2.6966e-22,
         9.7403e-23, -4.1759e-20, -1.7448e-04, -1.9060e-03, -8.6712e-42,
        -4.2318e-06, -2.0624e-16, -3.8802e-16,  1.0087e-02, -4.9400e-07,
         1.1474e-02, -3.9362e-42, -6.4390e-07,  8.9146e-31, -4.9924e-10,
         1.2582e-25,  7.7408e-42, -2.3451e-08,  1.1807e-37, -8.2697e-12,
        -4.0612e-06, -1.2611e-05, -2.4235e-13, -7.4723e-13, -9.1477e-04,
        -1.6632e-02, -1.5958e-13,  1.2825e-41, -2.3109e-05, -1.9027e-07,
        -6.7649e-22,  1.8192e-02, -1.0576e-05,  4.8155e-02, -6.7447e-20,
         4.2796e-04,  8.4406e-03,  9.3352e-35,  1.4729e-02, -2.3820e-30,
        -5.4635e-08, -3.3203e-23, -1.2503e-07, -6.0823e-03, -4.2227e-03,
         1.0975e-02, -2.1817e-29, -6.2821e-03, -1.1760e-06, -7.3130e-05,
        -8.0029e-39,  1.0704e-26,  3.1207e-42,  9.5358e-42,  2.3743e-02,
        -1.0661e-21,  1.6093e-40,  7.6999e-03, -6.2955e-33, -3.1316e-07,
        -3.2664e-42, -1.3889e-12,  7.1270e-42,  3.3682e-33, -2.4439e-11,
         1.2018e-41, -4.7139e-37, -2.0981e-16,  3.6552e-04, -1.1008e-15,
        -1.6015e-20, -1.4450e-08, -1.4932e-14,  4.1583e-02, -1.2944e-02,
         1.4597e-37,  1.1600e-02, -1.6955e-06, -2.4804e-02, -3.4741e-09,
        -7.4404e-26, -1.8194e-28, -9.5221e-03,  1.2760e-02,  1.2500e-42,
         5.7330e-30, -1.7726e-42, -9.0661e-10,  1.8567e-42, -7.3341e-25,
        -3.4117e-38, -1.6739e-13, -4.1639e-30, -1.3950e-02, -9.6883e-07,
         1.6928e-42,  1.2277e-41, -9.4841e-09, -3.3979e-20, -4.4073e-07,
        -1.2093e-05, -1.2027e-04,  1.0955e-32,  6.1839e-42, -2.9419e-07,
        -3.5131e-10, -2.6112e-02, -4.7131e-08,  1.3642e-41, -2.2102e-02,
         1.0620e-02,  1.8963e-21,  1.8556e-19, -6.0572e-04,  1.3841e-41,
         1.5301e-02, -1.3603e-08, -2.3631e-15, -1.9128e-17, -3.4796e-31,
        -1.6348e-15,  6.6997e-03, -1.7266e-05,  1.7330e-23,  5.4232e-02,
        -1.6630e-06, -1.0667e-41, -3.6401e-39,  5.3190e-03,  7.3781e-02,
        -2.1647e-29, -8.1414e-09, -2.3969e-26,  1.2253e-41,  2.1005e-02,
         6.2199e-02, -7.3476e-17,  2.7185e-43, -1.3599e-16, -5.5930e-04,
         1.6910e-39, -1.2370e-32, -8.0951e-11, -5.0166e-43, -1.3371e-41,
        -4.4227e-03, -1.8594e-07, -5.2889e-25, -1.0135e-15, -4.0820e-42,
        -1.3051e-05, -2.3406e-30, -1.3135e-14, -1.1683e-41,  3.6148e-02,
        -9.9268e-42,  1.0504e-41,  7.2783e-42,  1.5710e-02, -1.2823e-05,
        -1.7821e-02,  3.0089e-05, -9.6477e-12, -2.6059e-04, -2.8537e-19,
         4.7788e-02, -9.1444e-32, -4.4172e-05, -1.0773e-41, -1.5190e-06,
        -6.2476e-04, -6.4596e-11, -4.3616e-02, -4.6254e-15, -1.5402e-07,
        -5.8052e-28, -8.7301e-17, -1.0629e-04, -9.0006e-36,  1.3819e-40,
        -3.2758e-31,  3.5733e-43,  2.3996e-02, -4.5010e-42,  1.1818e-09,
        -3.7824e-10, -1.5344e-42, -1.6548e-06, -6.7290e-02, -1.0522e-03,
         1.2112e-02,  1.1566e-41, -9.2299e-16, -1.6801e-30,  4.9868e-03,
        -7.0373e-42, -1.3633e-07, -3.5242e-06,  9.7260e-02, -3.5552e-04,
        -3.2034e-06,  2.1816e-02,  5.5039e-03, -1.4593e-06, -5.5754e-22,
        -3.3863e-08, -2.0563e-02, -9.8705e-03,  1.5947e-42, -2.7662e-42,
        -6.1201e-07, -1.4786e-39, -1.0107e-18, -3.0955e-42, -2.1866e-02,
         3.8935e-02,  2.3817e-35, -1.1793e-08, -9.0302e-07, -8.2789e-42,
         3.9251e-02,  3.4906e-42, -2.8805e-05,  1.1582e-41, -4.2593e-03,
         9.8304e-26, -7.2238e-08, -4.5378e-13, -1.3833e-24,  4.3725e-02,
        -3.5154e-06, -4.5464e-19, -1.4075e-02, -1.1457e-20, -3.5433e-05,
        -1.3081e-25, -2.1522e-05,  8.4701e-02, -2.4677e-42,  6.7332e-42,
        -1.6760e-04,  8.9465e-03, -2.0962e-22, -1.1344e-25,  1.4469e-16,
        -1.9691e-08, -1.4135e-02, -1.5006e-39, -3.6237e-02, -3.9855e-27,
         2.5145e-02, -1.5698e-16, -8.8666e-04,  9.3495e-42,  1.5796e-02,
        -9.0770e-13, -2.3609e-02, -2.7986e-06, -5.8307e-20, -2.2536e-14,
         5.1470e-42, -4.9215e-24,  4.3661e-06,  7.9722e-17, -1.4237e-07,
         2.4902e-05,  6.2904e-04,  7.0875e-27, -5.5067e-03, -2.8195e-17,
        -2.3031e-04,  2.2878e-02,  5.8241e-02,  3.4444e-42, -3.7517e-18,
        -1.2635e-17,  8.8478e-42, -2.0232e-06, -8.7021e-43, -3.7527e-03,
        -8.0855e-43, -4.2817e-03,  4.0596e-42,  1.0974e-31, -1.8748e-39,
        -2.4018e-29, -1.0989e-41, -1.2906e-25, -5.1267e-07,  5.5561e-32,
         4.5402e-43, -8.1683e-07, -5.8329e-30, -1.9463e-08, -5.0632e-10],
       device='cuda:0', requires_grad=True)fc2.weightParameter containing:
tensor([[-7.1048e-02, -4.0517e-03,  6.6962e-07,  ..., -9.3389e-11,
          2.6231e-04, -4.0312e-04],
        [ 1.4519e-02,  1.1988e-02,  8.0342e-22,  ...,  3.7065e-09,
          1.2639e-03,  2.8308e-03],
        [ 9.6142e-03, -5.4142e-03, -5.9724e-06,  ..., -1.7391e-07,
         -7.7169e-03, -4.5366e-03],
        ...,
        [-6.6027e-02,  1.0970e-02, -2.5121e-13,  ..., -4.5129e-05,
          4.5929e-04, -7.3502e-03],
        [-6.2501e-01,  2.1163e-03,  2.1412e-05,  ...,  2.0376e-04,
         -2.8745e-03,  4.3509e-03],
        [ 2.6992e-01, -6.6480e-03, -4.5629e-11,  ...,  1.2119e-04,
         -4.1227e-03, -3.6263e-04]], device='cuda:0', requires_grad=True)fc2.biasParameter containing:
tensor([ 0.0104, -0.0186, -0.0168, -0.0332,  0.0164, -0.0005, -0.0189, -0.0556,
         0.1582, -0.0406], device='cuda:0', requires_grad=True)