conv1.weightParameter containing:
tensor([[[[ 0.0000e+00,  0.0000e+00,  0.0000e+00,  0.0000e+00,  0.0000e+00],
          [ 0.0000e+00,  0.0000e+00,  0.0000e+00,  0.0000e+00,  0.0000e+00],
          [ 0.0000e+00,  0.0000e+00,  0.0000e+00,  0.0000e+00,  0.0000e+00],
          [ 0.0000e+00,  0.0000e+00,  0.0000e+00,  0.0000e+00,  0.0000e+00],
          [ 0.0000e+00,  0.0000e+00,  0.0000e+00,  0.0000e+00,  0.0000e+00]]],


        [[[ 0.0000e+00,  0.0000e+00,  0.0000e+00,  0.0000e+00,  0.0000e+00],
          [ 0.0000e+00,  0.0000e+00,  0.0000e+00,  0.0000e+00,  0.0000e+00],
          [ 0.0000e+00,  0.0000e+00,  0.0000e+00,  0.0000e+00,  0.0000e+00],
          [ 0.0000e+00,  0.0000e+00,  0.0000e+00,  0.0000e+00,  0.0000e+00],
          [ 0.0000e+00,  0.0000e+00,  0.0000e+00,  0.0000e+00,  0.0000e+00]]],


        [[[ 0.0000e+00,  0.0000e+00,  0.0000e+00,  0.0000e+00,  0.0000e+00],
          [ 0.0000e+00,  0.0000e+00,  0.0000e+00,  0.0000e+00,  0.0000e+00],
          [ 0.0000e+00,  0.0000e+00,  0.0000e+00,  0.0000e+00,  0.0000e+00],
          [ 0.0000e+00,  0.0000e+00,  0.0000e+00,  0.0000e+00,  0.0000e+00],
          [ 0.0000e+00,  0.0000e+00,  0.0000e+00,  0.0000e+00,  0.0000e+00]]],


        [[[ 3.5283e-04, -1.6656e-03, -2.9037e-02, -3.7774e-02, -3.2326e-03],
          [ 1.8078e-03,  1.6705e-04,  1.9195e-04,  1.2580e-03, -1.8193e-04],
          [ 4.1323e-01,  8.8478e-01,  6.7592e-01,  8.9603e-02,  4.9284e-04],
          [ 1.4878e-01,  1.3469e+00,  1.6403e+00,  6.1810e-01,  3.2304e-04],
          [-2.0988e-04,  4.6601e-01,  9.6251e-01,  5.7852e-01,  3.3955e-03]]],


        [[[ 0.0000e+00,  0.0000e+00,  0.0000e+00,  0.0000e+00,  0.0000e+00],
          [ 0.0000e+00,  0.0000e+00,  0.0000e+00,  0.0000e+00,  0.0000e+00],
          [ 0.0000e+00,  0.0000e+00,  0.0000e+00,  0.0000e+00,  0.0000e+00],
          [ 0.0000e+00,  0.0000e+00,  0.0000e+00,  0.0000e+00,  0.0000e+00],
          [ 0.0000e+00,  0.0000e+00,  0.0000e+00,  0.0000e+00,  0.0000e+00]]],


        [[[ 0.0000e+00,  0.0000e+00,  0.0000e+00,  0.0000e+00,  0.0000e+00],
          [ 0.0000e+00,  0.0000e+00,  0.0000e+00,  0.0000e+00,  0.0000e+00],
          [ 0.0000e+00,  0.0000e+00,  0.0000e+00,  0.0000e+00,  0.0000e+00],
          [ 0.0000e+00,  0.0000e+00,  0.0000e+00,  0.0000e+00,  0.0000e+00],
          [ 0.0000e+00,  0.0000e+00,  0.0000e+00,  0.0000e+00,  0.0000e+00]]],


        [[[ 0.0000e+00,  0.0000e+00,  0.0000e+00,  0.0000e+00,  0.0000e+00],
          [ 0.0000e+00,  0.0000e+00,  0.0000e+00,  0.0000e+00,  0.0000e+00],
          [ 0.0000e+00,  0.0000e+00,  0.0000e+00,  0.0000e+00,  0.0000e+00],
          [ 0.0000e+00,  0.0000e+00,  0.0000e+00,  0.0000e+00,  0.0000e+00],
          [ 0.0000e+00,  0.0000e+00,  0.0000e+00,  0.0000e+00,  0.0000e+00]]],


        [[[ 0.0000e+00,  0.0000e+00,  0.0000e+00,  0.0000e+00,  0.0000e+00],
          [ 0.0000e+00,  0.0000e+00,  0.0000e+00,  0.0000e+00,  0.0000e+00],
          [ 0.0000e+00,  0.0000e+00,  0.0000e+00,  0.0000e+00,  0.0000e+00],
          [ 0.0000e+00,  0.0000e+00,  0.0000e+00,  0.0000e+00,  0.0000e+00],
          [ 0.0000e+00,  0.0000e+00,  0.0000e+00,  0.0000e+00,  0.0000e+00]]],


        [[[ 0.0000e+00,  0.0000e+00,  0.0000e+00,  0.0000e+00,  0.0000e+00],
          [ 0.0000e+00,  0.0000e+00,  0.0000e+00,  0.0000e+00,  0.0000e+00],
          [ 0.0000e+00,  0.0000e+00,  0.0000e+00,  0.0000e+00,  0.0000e+00],
          [ 0.0000e+00,  0.0000e+00,  0.0000e+00,  0.0000e+00,  0.0000e+00],
          [ 0.0000e+00,  0.0000e+00,  0.0000e+00,  0.0000e+00,  0.0000e+00]]],


        [[[ 0.0000e+00,  0.0000e+00,  0.0000e+00,  0.0000e+00,  0.0000e+00],
          [ 0.0000e+00,  0.0000e+00,  0.0000e+00,  0.0000e+00,  0.0000e+00],
          [ 0.0000e+00,  0.0000e+00,  0.0000e+00,  0.0000e+00,  0.0000e+00],
          [ 0.0000e+00,  0.0000e+00,  0.0000e+00,  0.0000e+00,  0.0000e+00],
          [ 0.0000e+00,  0.0000e+00,  0.0000e+00,  0.0000e+00,  0.0000e+00]]],


        [[[ 0.0000e+00,  0.0000e+00,  0.0000e+00,  0.0000e+00,  0.0000e+00],
          [ 0.0000e+00,  0.0000e+00,  0.0000e+00,  0.0000e+00,  0.0000e+00],
          [ 0.0000e+00,  0.0000e+00,  0.0000e+00,  0.0000e+00,  0.0000e+00],
          [ 0.0000e+00,  0.0000e+00,  0.0000e+00,  0.0000e+00,  0.0000e+00],
          [ 0.0000e+00,  0.0000e+00,  0.0000e+00,  0.0000e+00,  0.0000e+00]]],


        [[[ 0.0000e+00,  0.0000e+00,  0.0000e+00,  0.0000e+00,  0.0000e+00],
          [ 0.0000e+00,  0.0000e+00,  0.0000e+00,  0.0000e+00,  0.0000e+00],
          [ 0.0000e+00,  0.0000e+00,  0.0000e+00,  0.0000e+00,  0.0000e+00],
          [ 0.0000e+00,  0.0000e+00,  0.0000e+00,  0.0000e+00,  0.0000e+00],
          [ 0.0000e+00,  0.0000e+00,  0.0000e+00,  0.0000e+00,  0.0000e+00]]],


        [[[ 0.0000e+00,  0.0000e+00,  0.0000e+00,  0.0000e+00,  0.0000e+00],
          [ 0.0000e+00,  0.0000e+00,  0.0000e+00,  0.0000e+00,  0.0000e+00],
          [ 0.0000e+00,  0.0000e+00,  0.0000e+00,  0.0000e+00,  0.0000e+00],
          [ 0.0000e+00,  0.0000e+00,  0.0000e+00,  0.0000e+00,  0.0000e+00],
          [ 0.0000e+00,  0.0000e+00,  0.0000e+00,  0.0000e+00,  0.0000e+00]]],


        [[[ 0.0000e+00,  0.0000e+00,  0.0000e+00,  0.0000e+00,  0.0000e+00],
          [ 0.0000e+00,  0.0000e+00,  0.0000e+00,  0.0000e+00,  0.0000e+00],
          [ 0.0000e+00,  0.0000e+00,  0.0000e+00,  0.0000e+00,  0.0000e+00],
          [ 0.0000e+00,  0.0000e+00,  0.0000e+00,  0.0000e+00,  0.0000e+00],
          [ 0.0000e+00,  0.0000e+00,  0.0000e+00,  0.0000e+00,  0.0000e+00]]],


        [[[ 9.7200e-04,  1.7136e-03,  1.7002e-01,  3.3542e-01,  4.3305e-01],
          [ 1.1805e-01,  5.6930e-01,  5.9921e-01,  4.4813e-01,  1.2404e-01],
          [ 4.8231e-02,  1.4718e-01,  3.0676e-03,  2.6038e-03,  3.9555e-04],
          [-1.5082e-03, -1.9839e-01, -3.8669e-01, -5.6221e-01, -4.3285e-01],
          [-1.5975e-01, -5.1230e-01, -4.4432e-01, -1.3873e-01,  1.1042e-03]]],


        [[[ 0.0000e+00,  0.0000e+00,  0.0000e+00,  0.0000e+00,  0.0000e+00],
          [ 0.0000e+00,  0.0000e+00,  0.0000e+00,  0.0000e+00,  0.0000e+00],
          [ 0.0000e+00,  0.0000e+00,  0.0000e+00,  0.0000e+00,  0.0000e+00],
          [ 0.0000e+00,  0.0000e+00,  0.0000e+00,  0.0000e+00,  0.0000e+00],
          [ 0.0000e+00,  0.0000e+00,  0.0000e+00,  0.0000e+00,  0.0000e+00]]],


        [[[ 0.0000e+00,  0.0000e+00,  0.0000e+00,  0.0000e+00,  0.0000e+00],
          [ 0.0000e+00,  0.0000e+00,  0.0000e+00,  0.0000e+00,  0.0000e+00],
          [ 0.0000e+00,  0.0000e+00,  0.0000e+00,  0.0000e+00,  0.0000e+00],
          [ 0.0000e+00,  0.0000e+00,  0.0000e+00,  0.0000e+00,  0.0000e+00],
          [ 0.0000e+00,  0.0000e+00,  0.0000e+00,  0.0000e+00,  0.0000e+00]]],


        [[[ 0.0000e+00,  0.0000e+00,  0.0000e+00,  0.0000e+00,  0.0000e+00],
          [ 0.0000e+00,  0.0000e+00,  0.0000e+00,  0.0000e+00,  0.0000e+00],
          [ 0.0000e+00,  0.0000e+00,  0.0000e+00,  0.0000e+00,  0.0000e+00],
          [ 0.0000e+00,  0.0000e+00,  0.0000e+00,  0.0000e+00,  0.0000e+00],
          [ 0.0000e+00,  0.0000e+00,  0.0000e+00,  0.0000e+00,  0.0000e+00]]],


        [[[ 0.0000e+00,  0.0000e+00,  0.0000e+00,  0.0000e+00,  2.2257e-02],
          [ 0.0000e+00,  1.3307e-04,  0.0000e+00,  6.7271e-02,  0.0000e+00],
          [ 0.0000e+00,  1.4617e-04,  3.8760e-02,  5.1520e-02,  1.0466e-04],
          [ 0.0000e+00,  0.0000e+00,  1.1071e-03,  0.0000e+00,  0.0000e+00],
          [ 0.0000e+00,  0.0000e+00,  0.0000e+00,  0.0000e+00,  0.0000e+00]]],


        [[[ 0.0000e+00,  0.0000e+00,  0.0000e+00,  0.0000e+00,  0.0000e+00],
          [ 0.0000e+00,  0.0000e+00,  0.0000e+00,  0.0000e+00,  0.0000e+00],
          [ 0.0000e+00,  0.0000e+00,  0.0000e+00,  0.0000e+00,  0.0000e+00],
          [ 0.0000e+00,  0.0000e+00,  0.0000e+00,  0.0000e+00,  0.0000e+00],
          [ 0.0000e+00,  0.0000e+00,  0.0000e+00,  0.0000e+00,  0.0000e+00]]]],
       device='cuda:0', requires_grad=True)conv1.biasParameter containing:
tensor([ 0.0337,  0.0004, -0.0688,  0.0032,  0.0371,  0.0345,  0.0048,  0.0326,
        -0.0323,  0.0348,  0.0177,  0.0235,  0.0077,  0.0345,  0.1187,  0.0196,
         0.0389,  0.0338, -0.1580,  0.0338], device='cuda:0',
       requires_grad=True)conv2.weightParameter containing:
tensor([[[[ 0.0000,  0.0000,  0.0000,  0.0000,  0.0000],
          [ 0.0000,  0.0000,  0.0000,  0.0000,  0.0000],
          [ 0.0000,  0.0000,  0.0000,  0.0000,  0.0000],
          [ 0.0000,  0.0000,  0.0000,  0.0000,  0.0000],
          [ 0.0000,  0.0000,  0.0000,  0.0000,  0.0000]],

         [[ 0.0000,  0.0000,  0.0000,  0.0000,  0.0000],
          [ 0.0000,  0.0000,  0.0000,  0.0000,  0.0000],
          [ 0.0000,  0.0000,  0.0000,  0.0000,  0.0000],
          [ 0.0000,  0.0000,  0.0000,  0.0000,  0.0000],
          [ 0.0000,  0.0000,  0.0000,  0.0000,  0.0000]],

         [[ 0.0000,  0.0000,  0.0000,  0.0000,  0.0000],
          [ 0.0000,  0.0000,  0.0000,  0.0000,  0.0000],
          [ 0.0000,  0.0000,  0.0000,  0.0000,  0.0000],
          [ 0.0000,  0.0000,  0.0000,  0.0000,  0.0000],
          [ 0.0000,  0.0000,  0.0000,  0.0000,  0.0000]],

         ...,

         [[ 0.0000,  0.0000,  0.0000,  0.0000,  0.0000],
          [ 0.0000,  0.0000,  0.0000,  0.0000,  0.0000],
          [ 0.0000,  0.0000,  0.0000,  0.0000,  0.0000],
          [ 0.0000,  0.0000,  0.0000,  0.0000,  0.0000],
          [ 0.0000,  0.0000,  0.0000,  0.0000,  0.0000]],

         [[ 0.0000,  0.0000,  0.0000,  0.0000,  0.0000],
          [ 0.0000,  0.0000,  0.0000,  0.0000,  0.0000],
          [ 0.0000,  0.0000,  0.0000,  0.0000,  0.0000],
          [ 0.0000,  0.0000,  0.0000,  0.0000,  0.0000],
          [ 0.0000,  0.0000,  0.0000,  0.0000,  0.0000]],

         [[ 0.0000,  0.0000,  0.0000,  0.0000,  0.0000],
          [ 0.0000,  0.0000,  0.0000,  0.0000,  0.0000],
          [ 0.0000,  0.0000,  0.0000,  0.0000,  0.0000],
          [ 0.0000,  0.0000,  0.0000,  0.0000,  0.0000],
          [ 0.0000,  0.0000,  0.0000,  0.0000,  0.0000]]],


        [[[ 0.0000,  0.0000,  0.0000,  0.0000,  0.0000],
          [ 0.0000,  0.0000,  0.0000,  0.0000,  0.0000],
          [ 0.0000,  0.0000,  0.0000,  0.0000,  0.0000],
          [ 0.0000,  0.0000,  0.0000,  0.0000,  0.0000],
          [ 0.0000,  0.0000,  0.0000,  0.0000,  0.0000]],

         [[ 0.0000,  0.0000,  0.0000,  0.0000,  0.0000],
          [ 0.0000,  0.0000,  0.0000,  0.0000,  0.0000],
          [ 0.0000,  0.0000,  0.0000,  0.0000,  0.0000],
          [ 0.0000,  0.0000,  0.0000,  0.0000,  0.0000],
          [ 0.0000,  0.0000,  0.0000,  0.0000,  0.0000]],

         [[ 0.0000,  0.0000,  0.0000,  0.0000,  0.0000],
          [ 0.0000,  0.0000,  0.0000,  0.0000,  0.0000],
          [ 0.0000,  0.0000,  0.0000,  0.0000,  0.0000],
          [ 0.0000,  0.0000,  0.0000,  0.0000,  0.0000],
          [ 0.0000,  0.0000,  0.0000,  0.0000,  0.0000]],

         ...,

         [[ 0.0000,  0.0000,  0.0000,  0.0000,  0.0000],
          [ 0.0000,  0.0000,  0.0000,  0.0000,  0.0000],
          [ 0.0000,  0.0000,  0.0000,  0.0000,  0.0000],
          [ 0.0000,  0.0000,  0.0000,  0.0000,  0.0000],
          [ 0.0000,  0.0000,  0.0000,  0.0000,  0.0000]],

         [[ 0.0000,  0.0000,  0.0000,  0.0000,  0.0000],
          [ 0.0000,  0.0000,  0.0000,  0.0000,  0.0000],
          [ 0.0000,  0.0000,  0.0000,  0.0000,  0.0000],
          [ 0.0000,  0.0000,  0.0000,  0.0000,  0.0000],
          [ 0.0000,  0.0000,  0.0000,  0.0000,  0.0000]],

         [[ 0.0000,  0.0000,  0.0000,  0.0000,  0.0000],
          [ 0.0000,  0.0000,  0.0000,  0.0000,  0.0000],
          [ 0.0000,  0.0000,  0.0000,  0.0000,  0.0000],
          [ 0.0000,  0.0000,  0.0000,  0.0000,  0.0000],
          [ 0.0000,  0.0000,  0.0000,  0.0000,  0.0000]]],


        [[[-0.0001,  0.0000,  0.0000,  0.0000,  0.0000],
          [-0.0002,  0.0000,  0.0000, -0.0001, -0.0001],
          [ 0.0000,  0.0000,  0.0000,  0.0000, -0.0002],
          [ 0.0000,  0.0000,  0.0000,  0.0000,  0.0000],
          [ 0.0001,  0.0000,  0.0000,  0.0000,  0.0000]],

         [[ 0.0001,  0.0002, -0.0001, -0.0001, -0.0002],
          [ 0.0000,  0.0000,  0.0000,  0.0000, -0.0002],
          [ 0.0001,  0.0000, -0.0002,  0.0000,  0.0000],
          [ 0.0000,  0.0001,  0.0000,  0.0000,  0.0000],
          [ 0.0001,  0.0000,  0.0000,  0.0000,  0.0000]],

         [[-0.0002, -0.0001,  0.0000,  0.0000,  0.0000],
          [ 0.0000,  0.0000,  0.0000,  0.0000,  0.0001],
          [ 0.0000,  0.0000,  0.0000,  0.0000,  0.0000],
          [-0.0001, -0.0001,  0.0000,  0.0000,  0.0000],
          [ 0.0000,  0.0000,  0.0000,  0.0000,  0.0000]],

         ...,

         [[ 0.0000,  0.0000,  0.0000,  0.0000,  0.0000],
          [-0.0002,  0.0000,  0.0000,  0.0000,  0.0000],
          [ 0.0002,  0.0000,  0.0000,  0.0000,  0.0000],
          [ 0.0000,  0.0000,  0.0000, -0.0002,  0.0000],
          [ 0.0001,  0.0000,  0.0000,  0.0000,  0.0000]],

         [[ 0.0000,  0.0000,  0.0000,  0.0000,  0.0000],
          [-0.0001, -0.0001,  0.0000,  0.0000,  0.0000],
          [ 0.0000,  0.0000,  0.0000,  0.0000,  0.0000],
          [ 0.0000,  0.0000,  0.0000,  0.0000,  0.0000],
          [ 0.0001,  0.0000,  0.0000,  0.0000,  0.0000]],

         [[ 0.0000, -0.0002,  0.0000, -0.0002,  0.0001],
          [-0.0002,  0.0000, -0.0001, -0.0002,  0.0000],
          [ 0.0000,  0.0000,  0.0000,  0.0000,  0.0000],
          [ 0.0000,  0.0000,  0.0000,  0.0000,  0.0000],
          [ 0.0000,  0.0000,  0.0000,  0.0000,  0.0000]]],


        ...,


        [[[ 0.0000,  0.0000,  0.0000,  0.0000,  0.0000],
          [ 0.0000,  0.0000,  0.0000,  0.0000,  0.0000],
          [ 0.0000,  0.0000,  0.0000,  0.0000,  0.0000],
          [ 0.0000,  0.0000,  0.0000,  0.0000,  0.0000],
          [ 0.0000,  0.0000,  0.0000,  0.0000,  0.0000]],

         [[ 0.0000,  0.0000,  0.0000,  0.0000,  0.0000],
          [ 0.0000,  0.0000,  0.0000,  0.0000,  0.0000],
          [ 0.0000,  0.0000,  0.0000,  0.0000,  0.0000],
          [ 0.0000,  0.0000,  0.0000,  0.0000,  0.0000],
          [ 0.0000,  0.0000,  0.0000,  0.0000,  0.0000]],

         [[ 0.0000,  0.0000,  0.0000,  0.0000,  0.0000],
          [ 0.0000,  0.0000,  0.0000,  0.0000,  0.0000],
          [ 0.0000,  0.0000,  0.0000,  0.0000,  0.0000],
          [ 0.0000,  0.0000,  0.0000,  0.0000,  0.0000],
          [ 0.0000,  0.0000,  0.0000,  0.0000,  0.0000]],

         ...,

         [[ 0.0000,  0.0000,  0.0000,  0.0000,  0.0000],
          [ 0.0000,  0.0000,  0.0000,  0.0000,  0.0000],
          [ 0.0000,  0.0000,  0.0000,  0.0000,  0.0000],
          [ 0.0000,  0.0000,  0.0000,  0.0000,  0.0000],
          [ 0.0000,  0.0000,  0.0000,  0.0000,  0.0000]],

         [[ 0.0000,  0.0000,  0.0000,  0.0000,  0.0000],
          [ 0.0000,  0.0000,  0.0000,  0.0000,  0.0000],
          [ 0.0000,  0.0000,  0.0000,  0.0000,  0.0000],
          [ 0.0000,  0.0000,  0.0000,  0.0000,  0.0000],
          [ 0.0000,  0.0000,  0.0000,  0.0000,  0.0000]],

         [[ 0.0000,  0.0000,  0.0000,  0.0000,  0.0000],
          [ 0.0000,  0.0000,  0.0000,  0.0000,  0.0000],
          [ 0.0000,  0.0000,  0.0000,  0.0000,  0.0000],
          [ 0.0000,  0.0000,  0.0000,  0.0000,  0.0000],
          [ 0.0000,  0.0000,  0.0000,  0.0000,  0.0000]]],


        [[[ 0.0000,  0.0000,  0.0000,  0.0000,  0.0000],
          [ 0.0000,  0.0000,  0.0000,  0.0000,  0.0000],
          [ 0.0000,  0.0000,  0.0000,  0.0000,  0.0000],
          [ 0.0000,  0.0000,  0.0000,  0.0000,  0.0000],
          [ 0.0000,  0.0000,  0.0000,  0.0000,  0.0000]],

         [[ 0.0000,  0.0000,  0.0000,  0.0000,  0.0000],
          [ 0.0000,  0.0000,  0.0000,  0.0000,  0.0000],
          [ 0.0000,  0.0000,  0.0000,  0.0000,  0.0000],
          [ 0.0000,  0.0000,  0.0000,  0.0000,  0.0000],
          [ 0.0000,  0.0000,  0.0000,  0.0000,  0.0000]],

         [[ 0.0000,  0.0000,  0.0000,  0.0000,  0.0000],
          [ 0.0000,  0.0000,  0.0000,  0.0000,  0.0000],
          [ 0.0000,  0.0000,  0.0000,  0.0000,  0.0000],
          [ 0.0000,  0.0000,  0.0000,  0.0000,  0.0000],
          [ 0.0000,  0.0000,  0.0000,  0.0000,  0.0000]],

         ...,

         [[ 0.0000,  0.0000,  0.0000,  0.0000,  0.0000],
          [ 0.0000,  0.0000,  0.0000,  0.0000,  0.0000],
          [ 0.0000,  0.0000,  0.0000,  0.0000,  0.0000],
          [ 0.0000,  0.0000,  0.0000,  0.0000,  0.0000],
          [ 0.0000,  0.0000,  0.0000,  0.0000,  0.0000]],

         [[ 0.0000,  0.0000,  0.0000,  0.0000,  0.0000],
          [ 0.0000,  0.0000,  0.0000,  0.0000,  0.0000],
          [ 0.0000,  0.0000,  0.0000,  0.0000,  0.0000],
          [ 0.0000,  0.0000,  0.0000,  0.0000,  0.0000],
          [ 0.0000,  0.0000,  0.0000,  0.0000,  0.0000]],

         [[ 0.0000,  0.0000,  0.0000,  0.0000,  0.0000],
          [ 0.0000,  0.0000,  0.0000,  0.0000,  0.0000],
          [ 0.0000,  0.0000,  0.0000,  0.0000,  0.0000],
          [ 0.0000,  0.0000,  0.0000,  0.0000,  0.0000],
          [ 0.0000,  0.0000,  0.0000,  0.0000,  0.0000]]],


        [[[ 0.0000,  0.0000,  0.0000,  0.0000,  0.0000],
          [ 0.0000,  0.0000,  0.0000,  0.0000,  0.0000],
          [ 0.0000,  0.0000,  0.0000,  0.0000,  0.0000],
          [ 0.0000,  0.0000,  0.0000,  0.0000,  0.0000],
          [ 0.0000,  0.0000,  0.0000,  0.0000,  0.0000]],

         [[ 0.0000,  0.0000,  0.0000,  0.0000,  0.0000],
          [ 0.0000,  0.0000,  0.0000,  0.0000,  0.0000],
          [ 0.0000,  0.0000,  0.0000,  0.0000,  0.0000],
          [ 0.0000,  0.0000,  0.0000,  0.0000,  0.0000],
          [ 0.0000,  0.0000,  0.0000,  0.0000,  0.0000]],

         [[ 0.0000,  0.0000,  0.0000,  0.0000,  0.0000],
          [ 0.0000,  0.0000,  0.0000,  0.0000,  0.0000],
          [ 0.0000,  0.0000,  0.0000,  0.0000,  0.0000],
          [ 0.0000,  0.0000,  0.0000,  0.0000,  0.0000],
          [ 0.0000,  0.0000,  0.0000,  0.0000,  0.0000]],

         ...,

         [[ 0.0000,  0.0000,  0.0000,  0.0000,  0.0000],
          [ 0.0000,  0.0000,  0.0000,  0.0000,  0.0000],
          [ 0.0000,  0.0000,  0.0000,  0.0000,  0.0000],
          [ 0.0000,  0.0000,  0.0000,  0.0000,  0.0000],
          [ 0.0000,  0.0000,  0.0000,  0.0000,  0.0000]],

         [[ 0.0000,  0.0000,  0.0000,  0.0000,  0.0000],
          [ 0.0000,  0.0000,  0.0000,  0.0000,  0.0000],
          [ 0.0000,  0.0000,  0.0000,  0.0000,  0.0000],
          [ 0.0000,  0.0000,  0.0000,  0.0000,  0.0000],
          [ 0.0000,  0.0000,  0.0000,  0.0000,  0.0000]],

         [[ 0.0000,  0.0000,  0.0000,  0.0000,  0.0000],
          [ 0.0000,  0.0000,  0.0000,  0.0000,  0.0000],
          [ 0.0000,  0.0000,  0.0000,  0.0000,  0.0000],
          [ 0.0000,  0.0000,  0.0000,  0.0000,  0.0000],
          [ 0.0000,  0.0000,  0.0000,  0.0000,  0.0000]]]], device='cuda:0',
       requires_grad=True)conv2.biasParameter containing:
tensor([-0.0164, -0.0044, -0.0546, -0.0147, -0.0042, -0.0023, -0.0043, -0.0086,
        -0.0105, -0.0052, -0.0051, -0.0034, -0.0049, -0.0267, -0.0178, -0.0519,
        -0.0285, -0.0034, -0.0114, -0.0156, -0.2044, -0.3311, -0.0046, -0.0151,
        -0.3066, -0.0062, -0.0045, -0.0100, -0.0138, -0.0088, -0.0043, -0.1403,
        -0.0045, -0.0248, -0.0138, -0.0283, -0.0079, -0.2155, -0.0089, -0.0990,
        -0.0071, -0.0195, -0.0060, -0.0145, -0.0053, -0.0098, -0.0241, -0.0192,
        -0.0055, -0.0029], device='cuda:0', requires_grad=True)fc1.weightParameter containing:
tensor([[ 0.0000,  0.0000, -0.0002,  ...,  0.0000,  0.0000,  0.0000],
        [ 0.0000,  0.0000,  0.0000,  ...,  0.0000,  0.0000,  0.0000],
        [ 0.0000,  0.0000,  0.0000,  ...,  0.0000,  0.0000,  0.0000],
        ...,
        [ 0.0000,  0.0000,  0.0000,  ...,  0.0000,  0.0000,  0.0000],
        [ 0.0000,  0.0000,  0.0000,  ...,  0.0000,  0.0000,  0.0000],
        [ 0.0000,  0.0000,  0.0000,  ...,  0.0000,  0.0000,  0.0000]],
       requires_grad=True)fc1.biasParameter containing:
tensor([-1.8001e-02, -8.5529e-04, -2.7300e-06, -2.0474e-02,  2.4706e-02,
        -1.2803e-02, -2.9469e-42, -8.0890e-08, -8.2906e-04, -1.5599e-22,
        -1.8021e-03, -7.3269e-03, -1.3182e-41, -1.4953e-05,  2.6500e-02,
         2.2906e-03, -1.4902e-12,  4.6302e-38, -7.1297e-18,  2.9552e-02,
        -1.2768e-02, -4.4912e-23,  1.8790e-02, -3.6004e-03, -2.6194e-04,
        -4.2661e-10,  2.9663e-27,  3.6237e-02, -8.4624e-29, -4.4476e-41,
        -6.1573e-03, -3.9616e-03,  1.2470e-04, -2.4810e-09, -1.3346e-03,
        -3.6013e-42, -3.4918e-21,  5.1690e-03, -9.6910e-05,  2.5811e-02,
        -3.9248e-08, -2.1025e-23,  9.2242e-06, -4.4167e-26,  1.9554e-04,
        -3.1866e-08, -4.2257e-04, -1.8931e-20, -9.8319e-10,  7.0579e-05,
        -1.3104e-06, -4.1230e-23, -2.4159e-19, -5.1780e-38, -4.3884e-03,
         8.3196e-02, -1.7317e-02, -8.1542e-04, -3.4122e-18, -1.9961e-20,
         3.6897e-17, -4.1955e-42,  3.6616e-42, -1.2662e-07,  1.0056e-02,
        -1.8966e-02, -6.7219e-23, -2.4320e-03,  2.8950e-02, -6.6267e-05,
         1.3593e-41, -1.6355e-03,  1.5860e-02, -1.8869e-03, -1.2320e-07,
        -1.0176e-03,  8.4129e-04,  1.2214e-41,  3.3721e-02,  6.0592e-42,
         4.8513e-42,  3.5789e-42,  2.1422e-36, -6.4789e-07, -2.9511e-04,
        -3.2891e-03,  1.5451e-02, -4.1959e-07,  6.2275e-03,  5.8889e-06,
         9.1021e-02, -6.4863e-05,  2.0096e-20,  4.3913e-03, -2.2509e-02,
        -3.7972e-04, -1.8894e-04, -9.4958e-09, -6.4962e-09,  4.7084e-42,
        -1.3807e-02, -1.9487e-02, -2.0044e-03, -3.3669e-07,  5.5652e-03,
        -1.0158e-06, -1.0488e-35,  6.9817e-29, -3.9643e-02, -1.2324e-41,
        -7.6963e-26, -4.1529e-31, -4.7479e-04, -1.4233e-08, -5.6584e-02,
        -2.1417e-22,  1.6437e-02, -2.2836e-10, -4.1287e-02, -2.5836e-02,
        -3.3988e-08, -2.4533e-04, -6.4450e-09, -1.2656e-05,  2.4070e-02,
        -5.1610e-42,  3.0107e-04, -3.5473e-03,  4.9389e-03, -1.2997e-41,
        -1.1219e-03, -1.1490e-23, -2.6926e-27, -4.6145e-07,  1.3628e-02,
         2.6130e-02, -7.2716e-04, -2.3787e-36, -2.3244e-03,  6.6501e-03,
         5.2544e-02,  4.6831e-42, -9.5423e-03, -1.3033e-41,  2.5360e-02,
         5.3399e-02,  5.4748e-40,  6.1951e-42,  5.0586e-02, -5.0691e-15,
        -3.3309e-42, -1.3310e-41,  1.8703e-04, -1.4182e-06, -4.4326e-25,
        -2.1930e-03,  1.4690e-12, -3.1382e-11, -5.3670e-42,  4.4396e-20,
         1.6479e-42,  3.5965e-13, -3.7483e-07,  2.5979e-02,  3.6100e-02,
        -1.1725e-34, -4.6170e-21,  5.5400e-02, -5.1496e-18, -9.9997e-42,
         9.4087e-03,  6.6902e-38, -1.2620e-41,  2.1146e-03,  1.1389e-02,
        -5.8285e-03, -1.4404e-02,  2.5326e-37, -1.3807e-07, -9.1345e-03,
        -3.5281e-14, -3.3519e-17,  5.0563e-03, -1.8038e-03, -9.5050e-42,
         5.6935e-42, -1.5757e-12, -6.4194e-03,  3.1767e-42, -2.1433e-03,
        -3.4094e-04, -2.9641e-02, -5.2523e-06, -2.1014e-03, -1.5847e-02,
         3.3096e-02, -4.0343e-42,  2.8630e-34, -8.5992e-06, -4.8395e-16,
         2.1325e-02,  2.1984e-35, -3.6948e-09,  7.7697e-03,  7.9210e-03,
        -1.0127e-41,  1.6082e-02,  2.3774e-28, -2.6566e-04, -9.2556e-08,
        -3.9834e-09,  2.7465e-42, -1.6211e-18,  4.9501e-03,  1.5539e-02,
         5.5631e-02, -3.1113e-12, -1.1483e-02, -2.1527e-03,  6.2344e-42,
        -2.4905e-02, -3.7062e-12, -1.3756e-08, -1.1549e-02,  3.0343e-02,
        -1.8834e-08,  1.0363e-41, -6.0079e-04, -4.9218e-06,  3.9629e-42,
         8.9714e-03, -1.7229e-41,  3.1909e-26, -1.2674e-04, -7.5914e-10,
         4.5640e-42,  1.7416e-02, -9.0819e-18,  3.1839e-02, -7.0986e-03,
         9.6690e-42, -2.0450e-03, -2.2967e-03,  1.2165e-02, -5.5464e-35,
        -1.1396e-02, -3.1093e-13, -3.3052e-03, -1.5631e-02,  3.9138e-42,
        -1.0906e-02,  1.2311e-38, -1.2679e-02, -8.0578e-04,  1.8785e-02,
         1.3179e-41,  1.3548e-05, -5.1105e-05,  4.2224e-03, -1.3101e-02,
        -9.4687e-22, -2.9732e-04,  5.3568e-03,  1.1349e-02, -4.1228e-07,
         2.3497e-21,  2.1229e-02,  9.3280e-12, -6.8713e-11, -3.1914e-05,
        -7.9110e-06,  6.0018e-42,  8.0743e-42, -2.2905e-02,  4.7522e-04,
        -1.4333e-02,  6.5216e-42, -1.8141e-07,  2.8424e-04, -2.2304e-02,
         1.6980e-28,  1.7223e-02, -6.8568e-03, -3.0294e-02, -1.7915e-14,
        -3.5613e-11,  1.1139e-41,  9.7975e-04,  1.3432e-02,  3.6532e-03,
         6.2474e-04, -1.2144e-41, -1.0669e-41, -5.4706e-20, -3.7712e-04,
        -7.6711e-05, -9.4264e-03, -2.7828e-08,  9.2799e-03, -1.5301e-38,
         7.8543e-42, -4.3426e-03, -2.4314e-02, -3.4612e-42,  3.6840e-42,
        -3.4672e-03, -3.4689e-03, -1.0025e-07,  6.8173e-03,  1.4589e-41,
        -4.6026e-15, -2.2934e-04,  2.7492e-02, -7.6277e-08, -2.0597e-02,
         1.0548e-02, -1.0275e-03,  1.2782e-02,  7.2969e-04, -3.8677e-03,
         3.0845e-02, -7.3670e-08,  8.6390e-42, -1.1631e-38,  2.5328e-02,
        -2.9182e-17,  2.5673e-04,  8.4125e-03, -2.3823e-03,  6.0703e-02,
         9.4307e-43, -5.7709e-13, -1.5116e-06, -1.0457e-02,  6.9348e-02,
        -6.4611e-03,  2.7605e-35, -7.9989e-03,  6.2769e-03,  2.1962e-02,
         7.0880e-02,  1.0648e-41,  6.6888e-03, -2.7521e-06, -6.6593e-03,
        -3.9568e-04,  2.5070e-03, -7.0613e-07,  1.0983e-03,  1.1390e-41,
        -3.2580e-02, -3.3409e-09, -1.9248e-06, -2.0035e-15, -3.5571e-26,
         9.3562e-03, -1.0607e-06,  1.8508e-02, -5.5059e-15,  2.6746e-02,
         1.7408e-03,  1.5823e-02, -3.7950e-05, -1.7869e-02, -1.0339e-26,
        -2.3423e-04, -1.0825e-41,  9.5019e-30,  1.4791e-02, -1.5842e-20,
         4.4738e-02,  2.3052e-02, -2.7698e-02,  1.4740e-37, -1.4195e-02,
        -8.7327e-03,  1.3916e-41, -6.3128e-02,  1.4905e-21,  5.0755e-42,
        -5.8812e-42,  3.5460e-14, -2.1145e-15,  2.8909e-42,  1.1194e-41,
        -6.0153e-15,  9.7865e-40,  1.8707e-02,  1.0229e-02,  2.0181e-02,
         2.0206e-31, -3.4508e-04,  1.0175e-02, -2.5451e-02,  1.7089e-07,
        -8.8213e-03,  5.8588e-03, -1.3206e-02, -3.2093e-03,  3.5877e-02,
        -7.0550e-25,  1.5929e-03, -2.3915e-03,  6.3110e-02, -2.4790e-26,
        -7.3103e-12, -1.4325e-02, -5.8037e-04,  4.2648e-03,  1.1079e-41,
        -2.3780e-17, -2.1810e-17, -1.3043e-02, -1.3433e-12,  2.6552e-02,
         2.1972e-02, -6.8644e-07, -1.2189e-31, -1.4209e-42,  3.4373e-03,
         3.6948e-02,  5.0388e-04, -1.2938e-41, -6.6669e-04, -1.2206e-12,
         1.1851e-02, -7.5778e-06, -4.2434e-12, -1.8226e-03, -2.5927e-02,
        -8.8882e-15, -1.9989e-08, -1.5137e-24,  1.3347e-41, -3.5203e-04,
         1.0865e-29,  2.5146e-06, -1.2467e-17,  7.5670e-03, -7.6596e-25,
         4.7491e-04, -4.5288e-04,  7.0201e-02, -5.2941e-42, -9.2960e-08,
        -6.7279e-09,  1.9366e-02, -6.4686e-28,  2.9144e-03, -9.2000e-19,
        -1.1508e-02, -1.3222e-04,  8.3945e-16, -3.0682e-02, -1.8573e-07,
         2.4348e-02,  1.7722e-02,  8.3793e-41,  1.9053e-02,  2.1840e-02,
        -1.7471e-08, -1.5860e-02, -7.7240e-42, -5.2852e-10, -2.4573e-27,
        -3.6201e-06, -1.0660e-15, -6.6173e-06, -1.4945e-24, -9.4921e-20,
         8.0123e-04, -1.4998e-02,  1.8585e-04, -4.0322e-03, -5.2219e-05,
        -3.7604e-03,  8.6879e-03,  6.3389e-02,  4.1963e-03, -5.7540e-25,
        -4.3293e-25, -6.5366e-03, -1.0392e-40,  6.5735e-42,  1.1024e-02,
        -2.7643e-18,  4.5634e-04,  7.9140e-23, -2.8867e-43, -7.7043e-42,
        -4.8182e-05,  2.7549e-35,  1.4721e-02, -3.9058e-33, -5.6748e-08,
        -1.7085e-18, -2.8484e-08,  9.7133e-03, -1.3264e-10,  6.7529e-08],
       device='cuda:0', requires_grad=True)fc2.weightParameter containing:
tensor([[-7.0400e-02, -2.6036e-04, -5.9679e-03,  ...,  4.4376e-02,
         -1.1427e-04,  0.0000e+00],
        [ 6.9342e-03, -1.8754e-03, -5.3107e-03,  ..., -1.4518e-01,
          0.0000e+00,  0.0000e+00],
        [ 4.4000e-02, -7.9722e-04,  1.6970e-03,  ...,  1.8890e-02,
          3.2522e-03,  0.0000e+00],
        ...,
        [-1.5798e-02,  1.9773e-04, -7.5338e-03,  ..., -5.5513e-02,
          1.3992e-03,  2.3958e-03],
        [-4.7319e-01, -1.2192e-03,  1.1001e-02,  ..., -1.3796e-01,
         -1.4380e-03,  0.0000e+00],
        [ 1.5383e-01,  1.7758e-02, -1.6107e-04,  ..., -9.1571e-02,
          5.1044e-04,  1.0465e-03]], requires_grad=True)fc2.biasParameter containing:
tensor([-0.0352, -0.0526, -0.0148, -0.0688,  0.0041,  0.0425, -0.0308, -0.0428,
         0.1840, -0.0232], device='cuda:0', requires_grad=True)