conv1.weightParameter containing:
tensor([[[[-1.4337e-04, -1.5272e-04,  9.7960e-05,  6.8569e-05, -1.1629e-04],
          [-1.2345e-04, -1.1493e-04, -5.8964e-05, -1.5160e-04, -3.6729e-05],
          [-2.1517e-05,  5.6773e-05,  1.0327e-04, -1.1107e-04, -4.2892e-05],
          [-8.4697e-06, -1.0323e-04, -1.6512e-04,  6.3708e-05, -1.3741e-06],
          [ 5.4657e-05,  1.2024e-04,  1.3725e-04, -3.3701e-05, -9.2657e-06]]],


        [[[ 6.2894e-05, -2.3982e-04,  2.9741e-05,  1.4805e-04, -2.4356e-04],
          [-1.3695e-04,  4.4711e-05,  4.1931e-06,  9.1150e-05,  4.6522e-05],
          [-4.6527e-06, -8.5099e-05,  1.3502e-04,  3.5358e-05,  6.9231e-05],
          [ 1.4592e-04, -7.4595e-06,  7.5478e-05,  8.4857e-05,  5.7651e-05],
          [ 1.6970e-04,  6.3577e-05,  7.7031e-05, -4.3745e-05,  1.7086e-04]]],


        [[[ 3.4788e-05, -1.2785e-05, -3.4630e-06,  2.6129e-05,  1.2304e-05],
          [-2.1122e-04, -1.4851e-04,  2.3145e-04, -3.4251e-05, -9.6264e-05],
          [-1.7409e-04,  1.0817e-04, -9.2251e-05,  3.7539e-05, -7.5823e-05],
          [-1.1985e-04, -3.6742e-05,  9.0638e-05,  2.5426e-04,  4.6283e-05],
          [ 1.2078e-04, -3.1971e-05,  7.0229e-05, -1.4848e-05,  7.7916e-05]]],


        [[[-1.4193e-03, -3.9044e-04, -1.6516e-04, -1.5021e-05, -4.5291e-04],
          [-7.1680e-04,  2.5494e-03,  2.3129e-03,  2.4962e-04, -1.5397e-03],
          [ 3.0965e-03,  5.7363e-01,  7.2018e-01,  3.9035e-03,  6.0160e-04],
          [ 3.9331e-03,  1.9944e+00,  2.3443e+00,  7.5014e-01, -2.2610e-04],
          [ 3.4445e-04,  3.5308e-01,  1.4454e+00,  6.6966e-01,  1.9703e-03]]],


        [[[ 7.0678e-05, -1.2892e-04, -5.4605e-05,  1.3498e-05, -1.2714e-05],
          [-1.8596e-04, -1.3868e-04,  2.5845e-04, -2.3914e-04,  1.0050e-05],
          [-4.8355e-05, -1.2643e-04, -1.9683e-04, -1.0561e-04, -1.0123e-04],
          [ 7.8896e-05,  8.0523e-05, -4.8390e-05,  1.3037e-04,  4.1578e-05],
          [-7.8911e-05,  2.2222e-05,  7.6275e-05,  7.9482e-05, -2.4146e-04]]],


        [[[ 4.1694e-05,  2.6279e-05, -2.0562e-04,  2.1600e-04, -9.2529e-05],
          [ 1.5922e-05,  9.0876e-05,  2.2551e-05, -1.8481e-04,  1.9505e-04],
          [ 2.2194e-05, -2.1533e-05,  1.1358e-04,  1.0396e-04,  3.4535e-05],
          [-3.3700e-05, -2.5963e-04,  2.6502e-05, -1.3537e-04,  1.0391e-04],
          [-1.2549e-05,  2.4732e-04,  1.0857e-04,  2.0801e-05, -1.9376e-04]]],


        [[[ 1.3269e-04,  4.8217e-05,  6.2964e-05, -4.6318e-05, -1.7869e-04],
          [ 2.4089e-04,  1.1891e-04, -6.1585e-06,  2.1694e-04,  1.0459e-04],
          [ 1.3012e-04, -2.7358e-05,  9.7841e-05, -8.8068e-05,  1.3265e-04],
          [-6.1466e-05,  1.6468e-06,  4.4146e-05, -5.9661e-05,  1.5134e-04],
          [ 2.4305e-04, -1.0875e-05, -6.5734e-05,  1.8728e-05, -2.1326e-05]]],


        [[[-1.1670e-04, -6.9209e-05,  2.0127e-04,  7.7464e-05, -4.3192e-05],
          [-2.1281e-05,  8.5465e-06,  4.2029e-06, -2.2111e-05,  3.3218e-05],
          [ 3.7708e-05,  1.8651e-05,  1.5387e-04,  6.1317e-05, -2.8109e-05],
          [ 5.5602e-05,  2.5764e-04,  4.5165e-05,  1.8393e-04, -4.9386e-05],
          [-2.6214e-05,  1.5269e-04, -8.6253e-05,  2.9164e-05, -2.7434e-05]]],


        [[[-8.4049e-05, -3.6106e-04, -1.0706e-04,  3.9079e-05, -3.8134e-05],
          [ 1.3928e-05, -5.7551e-05,  3.0180e-04, -1.7366e-04,  2.5821e-05],
          [-1.3699e-04, -3.6502e-05,  4.0045e-06,  5.2517e-05,  9.6593e-05],
          [ 1.7599e-04, -2.3736e-04, -1.0640e-04, -1.7913e-04, -5.2900e-05],
          [-4.8462e-05, -1.6657e-05,  1.1036e-04, -2.4037e-06,  3.1997e-05]]],


        [[[-7.0115e-05,  1.4764e-04, -1.0062e-04,  8.5434e-05,  1.2742e-04],
          [-1.5255e-05, -5.5618e-05, -4.1987e-06, -3.4008e-05, -1.5168e-04],
          [ 2.9768e-04, -1.1259e-04,  6.1375e-05, -6.3275e-07,  4.6775e-05],
          [ 2.1191e-08, -1.2616e-04,  1.4710e-04,  7.3351e-06,  9.0034e-06],
          [ 1.1449e-04, -1.1386e-04,  1.0051e-04, -8.4362e-05, -4.2205e-05]]],


        [[[ 9.5104e-06,  1.0867e-04, -6.1991e-05,  1.5693e-04, -2.2292e-04],
          [ 1.8234e-05,  9.1975e-05,  4.2682e-05, -1.6799e-04,  3.2520e-05],
          [ 1.5197e-04,  1.7976e-05,  4.9510e-05,  2.2325e-04,  4.0228e-05],
          [-3.4375e-05,  3.4764e-05, -2.4376e-05, -5.0869e-05,  3.2836e-05],
          [ 1.8124e-04,  1.7950e-04,  1.9491e-04,  2.3094e-04,  2.1295e-05]]],


        [[[ 1.1737e-04, -1.4100e-04, -3.5925e-05, -1.7230e-04, -8.8658e-05],
          [ 1.8722e-05, -1.0771e-04,  9.3556e-05,  1.7926e-04,  1.7692e-07],
          [ 1.7671e-04, -3.6203e-05, -1.4593e-04,  1.1691e-06,  3.0910e-05],
          [-2.0994e-07,  1.7791e-04, -1.1883e-04,  1.4517e-04,  6.8039e-05],
          [-1.1371e-04, -4.7164e-06,  5.4939e-05,  1.0532e-05, -6.6777e-05]]],


        [[[ 6.4665e-05,  3.7626e-05,  2.5552e-06,  2.0225e-05, -9.7549e-05],
          [ 5.0634e-05, -2.9835e-05,  1.6842e-04,  4.8405e-05, -4.3256e-05],
          [-5.8930e-06,  2.0534e-05,  1.0296e-04, -7.0928e-05, -1.0772e-04],
          [-2.7193e-05, -4.6626e-05,  8.3895e-05,  2.6334e-05, -9.9321e-05],
          [ 3.4975e-05, -8.5236e-05, -6.3360e-05,  1.3615e-05, -3.3181e-05]]],


        [[[ 9.7638e-05,  1.6457e-05, -5.5674e-05, -5.1413e-05, -2.8926e-05],
          [ 6.6340e-05, -4.5835e-05, -8.8938e-05, -2.1580e-04, -4.1559e-05],
          [-2.3464e-04,  2.5641e-05, -2.2144e-05,  1.1372e-04, -2.2276e-05],
          [ 1.6302e-04, -5.5840e-05, -2.0335e-04, -2.9331e-06,  5.6877e-05],
          [-5.3003e-05,  1.1846e-04,  1.9904e-05,  1.7385e-04,  8.9785e-05]]],


        [[[ 1.8055e-04,  8.7569e-05, -5.6765e-05,  4.3076e-05,  7.0459e-05],
          [ 5.1019e-05,  1.0099e-04, -2.0004e-04,  4.2556e-05, -4.0979e-05],
          [ 8.7276e-05, -1.0981e-04, -1.2975e-04, -6.7687e-05, -1.8090e-04],
          [ 5.4816e-05, -3.8639e-05,  4.0476e-05, -6.1849e-05,  2.1461e-05],
          [-1.0750e-06, -8.8069e-05,  1.9375e-04,  8.3361e-05,  4.7975e-05]]],


        [[[-2.2783e-05, -9.8819e-05,  2.3227e-04,  4.6538e-05,  1.2900e-04],
          [-1.8769e-05,  8.9774e-05,  2.4284e-04,  1.2851e-04,  1.1415e-04],
          [ 1.5050e-04, -1.8431e-05, -1.4296e-04, -1.6293e-04,  9.3846e-05],
          [-3.4917e-05,  3.1684e-04, -1.6552e-04,  1.4668e-04,  2.0390e-04],
          [ 1.4876e-06,  5.1170e-05, -1.1531e-04,  7.9135e-05, -3.0117e-05]]],


        [[[-8.0211e-06, -1.4908e-04,  1.1084e-04,  4.6557e-05, -2.2105e-06],
          [ 2.8973e-05, -5.9497e-05,  3.7646e-05,  1.1039e-04, -9.5624e-06],
          [-9.5964e-05,  4.8954e-05, -1.5579e-04,  6.3537e-05,  1.4897e-05],
          [ 4.4364e-05,  9.6842e-05,  2.6410e-04,  7.4521e-06,  1.2022e-04],
          [-6.2307e-05, -9.2390e-05,  9.8225e-05, -1.9549e-04, -6.8496e-06]]],


        [[[ 4.4999e-05, -1.4647e-04, -1.3295e-04, -1.9029e-05,  1.8716e-05],
          [-2.2046e-04, -1.6910e-05,  4.9212e-05, -1.0852e-04,  1.6585e-04],
          [-2.1863e-06,  7.6080e-05,  9.2550e-06,  6.6101e-05,  1.4171e-04],
          [ 7.1435e-05, -1.6124e-04, -1.1568e-04,  1.2351e-04,  4.2960e-05],
          [-2.1380e-04,  4.5423e-05, -3.8034e-05, -1.4457e-04, -1.0725e-04]]],


        [[[ 1.2352e-05,  2.9537e-05,  1.2012e-05,  3.6460e-05,  2.9722e-05],
          [-1.1008e-05, -3.8574e-05, -1.7302e-05, -2.4603e-05, -3.7865e-05],
          [-1.5945e-04,  3.7594e-05,  3.6318e-05, -1.5811e-05, -4.6941e-05],
          [-9.5508e-06,  1.5280e-04, -3.3798e-05,  1.0021e-04, -5.4182e-05],
          [-1.3496e-05,  2.6664e-05, -6.8772e-05, -2.5635e-05, -1.2031e-04]]],


        [[[ 4.5744e-05,  9.4027e-05, -3.0616e-05, -1.2526e-05,  9.2381e-05],
          [ 6.2020e-05, -2.2406e-04,  4.0108e-05,  2.6313e-06,  7.4306e-05],
          [ 1.7377e-04, -1.1903e-04,  1.7418e-04,  7.6767e-05,  4.9290e-05],
          [ 1.1768e-04,  2.8683e-06,  2.8160e-04,  4.0375e-06,  1.1467e-05],
          [-2.8011e-05, -3.3362e-05, -4.5583e-05, -4.1572e-05,  1.0494e-04]]]],
       device='cuda:0', requires_grad=True)conv1.biasParameter containing:
tensor([-0.0012, -0.0002, -0.0049, -0.0021, -0.0012, -0.0012, -0.0008, -0.0012,
        -0.0032, -0.0019, -0.0008, -0.0009,  0.0035, -0.0007, -0.0023, -0.0007,
        -0.0022,  0.0051,  0.0027, -0.0016], device='cuda:0',
       requires_grad=True)conv2.weightParameter containing:
tensor([[[[ 7.9185e-05, -1.3143e-04, -1.1824e-04, -2.6848e-04, -6.1084e-05],
          [ 5.9645e-06,  5.0099e-05,  1.1691e-05, -3.5713e-06, -1.0707e-04],
          [-6.0096e-05, -1.2917e-05, -6.7944e-05, -1.2334e-04, -1.3555e-04],
          [ 1.1402e-05,  7.8408e-05,  4.6827e-05, -7.8011e-06,  3.9686e-05],
          [-7.2293e-05,  1.2531e-04,  1.1765e-04,  7.0079e-05, -5.2573e-05]],

         [[ 5.2936e-06, -3.9483e-05,  8.9159e-05,  6.0191e-05, -4.0046e-05],
          [-8.5492e-05,  4.0137e-05, -7.1994e-06, -9.2004e-05, -1.2238e-04],
          [-3.7119e-05,  7.7498e-05, -9.9016e-05, -4.0983e-05,  3.9201e-05],
          [ 1.5526e-05,  1.6187e-04,  6.8733e-05, -9.6798e-05,  1.2622e-04],
          [ 1.7502e-05,  8.8796e-05, -2.8320e-04, -1.9720e-05, -4.1034e-05]],

         [[ 1.5310e-04,  1.0112e-04, -5.3115e-05,  3.7299e-05,  1.7324e-05],
          [-1.3226e-04, -8.8226e-05,  2.0962e-05, -4.4734e-05, -9.4424e-05],
          [ 6.3047e-05,  2.7166e-05, -4.0873e-05,  5.0069e-05,  2.3720e-05],
          [ 2.0816e-05,  8.6543e-05,  7.1814e-05, -5.3004e-05,  7.7150e-05],
          [ 1.8321e-06, -1.1310e-04, -1.5919e-05,  2.4285e-05, -8.5580e-05]],

         ...,

         [[-5.2512e-05, -4.8384e-05,  1.1858e-04, -8.0436e-05,  1.3993e-05],
          [-2.6975e-05,  1.3077e-04, -1.8900e-04, -7.2881e-05, -6.0273e-06],
          [ 4.8387e-05,  3.8726e-06, -1.0319e-04, -1.4462e-04,  3.8441e-05],
          [-6.0756e-05, -3.9410e-05,  4.2939e-05, -3.3764e-05,  3.6496e-05],
          [ 6.2707e-05, -9.2264e-05,  6.1428e-06, -6.5148e-07, -3.8055e-05]],

         [[-5.8251e-05, -1.5496e-04, -5.3691e-05, -1.2319e-05,  7.8978e-05],
          [ 5.9786e-05,  1.7724e-04, -1.1157e-04,  1.0746e-04, -6.1064e-05],
          [-6.8168e-05,  7.9893e-05, -7.3410e-05,  3.4094e-05,  3.4823e-05],
          [ 1.4844e-05,  4.7083e-05,  5.6648e-05, -1.6056e-05,  1.1547e-04],
          [-8.7696e-05, -4.7814e-05, -5.0655e-05, -1.2200e-04, -1.1579e-04]],

         [[-5.9800e-05,  6.2673e-05, -3.0806e-06, -1.9436e-05, -2.9676e-05],
          [ 1.0694e-04,  1.8169e-04, -1.6755e-04,  4.7049e-05, -6.9427e-05],
          [-6.5701e-05,  3.5648e-05, -1.0358e-04,  7.0510e-06,  4.6689e-05],
          [ 1.2474e-04,  7.9625e-05, -5.5814e-06, -5.2562e-05, -7.4692e-05],
          [ 1.1791e-04, -7.4650e-05,  1.6850e-04, -8.1387e-05,  9.2031e-05]]],


        [[[ 2.7868e-05,  1.6263e-04, -3.7983e-05,  5.4154e-05, -6.3493e-05],
          [-4.1875e-06, -2.4960e-04, -1.4099e-04,  3.2216e-05,  3.3563e-05],
          [-2.3263e-04,  8.9606e-05, -4.4948e-05, -3.9302e-05, -1.0638e-05],
          [-1.6712e-04, -9.4692e-05, -6.8128e-05, -3.7066e-05, -8.1436e-05],
          [-3.3976e-05,  6.9680e-06,  3.6065e-05, -4.7082e-05,  1.2857e-04]],

         [[-9.8099e-07,  6.2548e-05,  9.5550e-05,  1.6687e-04, -6.0093e-05],
          [-4.8471e-05, -4.0948e-05, -2.5928e-06,  5.7339e-06,  2.0006e-04],
          [-1.7589e-05,  9.6478e-05, -1.1105e-04,  4.2111e-05,  1.9828e-04],
          [-2.5676e-06, -8.0177e-05,  1.8614e-04,  3.3442e-05, -1.6570e-04],
          [ 7.4984e-05,  1.2163e-04, -4.9389e-05, -1.3117e-04, -1.5503e-07]],

         [[-2.0169e-05, -8.5031e-05,  3.5737e-05, -1.0122e-04, -1.0146e-04],
          [-3.6136e-06,  1.4223e-05,  1.6014e-06,  1.3468e-04, -8.2409e-05],
          [-1.0106e-04,  1.3463e-04, -3.7550e-05, -1.3090e-04, -8.8941e-05],
          [-1.1058e-04,  4.5082e-05,  3.0102e-05,  7.5149e-05, -1.5299e-07],
          [ 5.4341e-05, -6.8777e-05, -8.1337e-05,  8.9791e-05, -8.5100e-05]],

         ...,

         [[-1.0943e-05, -1.1324e-04,  1.4547e-05,  1.0038e-04, -1.9126e-04],
          [ 6.3918e-07,  1.0693e-04,  3.4941e-05, -1.7646e-04,  2.1503e-04],
          [ 4.5936e-05,  9.7088e-05, -9.5449e-05, -1.9346e-05, -3.3069e-05],
          [ 1.9865e-04, -4.3709e-05,  4.5967e-05, -5.4662e-05,  9.3086e-05],
          [-2.3039e-05, -1.8203e-05,  3.5245e-05,  2.0811e-04,  6.0198e-05]],

         [[ 3.7040e-05, -8.1918e-06, -2.9974e-06, -5.7173e-05, -1.2286e-04],
          [ 6.0484e-05, -7.0619e-06,  8.7413e-06, -1.9522e-05,  1.2024e-04],
          [-2.4700e-05,  4.3551e-05, -3.0062e-06,  4.1042e-05, -2.9326e-05],
          [-7.8189e-06, -2.8563e-05, -3.9530e-06,  1.1924e-04, -4.4619e-05],
          [ 2.2441e-05,  6.4845e-05, -1.1037e-04, -2.4968e-04, -5.1448e-05]],

         [[ 2.1212e-05,  5.2987e-05, -2.8328e-05, -3.4855e-05, -1.2765e-04],
          [-2.0070e-04, -3.0417e-06, -1.2276e-04, -8.0415e-05, -1.2666e-04],
          [-4.4484e-05,  2.5751e-04,  6.9003e-05,  5.6148e-05, -6.0189e-05],
          [-1.7058e-04, -1.3323e-06, -1.2251e-04,  5.2900e-05, -6.6565e-05],
          [-1.8472e-06,  5.1108e-05, -1.4146e-04,  1.2573e-04, -9.4891e-05]]],


        [[[-1.3002e-04, -4.1585e-05,  1.3944e-05,  5.2739e-05,  1.6760e-05],
          [-6.2685e-05,  1.1222e-04, -4.5900e-05, -3.5874e-05,  1.1307e-04],
          [-6.7669e-05,  5.8436e-06,  1.0786e-04,  9.7060e-05,  2.1495e-05],
          [ 1.9361e-06, -6.2337e-05,  3.7731e-05,  7.6381e-05,  6.3071e-05],
          [-6.4467e-05,  4.7321e-05,  3.0764e-05, -1.0906e-04, -6.8711e-06]],

         [[-3.9485e-05, -2.1238e-05,  7.0464e-05,  6.8906e-06, -9.9372e-05],
          [ 3.5023e-06,  4.6305e-05,  2.6441e-04,  2.4758e-04, -1.8197e-05],
          [ 6.0196e-05, -5.8107e-05, -8.3946e-05, -3.5082e-05,  1.5782e-05],
          [-1.5068e-04,  2.0576e-05, -1.0276e-04,  9.1182e-05,  1.2713e-04],
          [ 7.5505e-05, -8.5878e-05, -1.0363e-04, -1.4736e-04,  5.2420e-06]],

         [[-1.2280e-04, -4.0549e-05, -3.7783e-05, -5.9115e-05,  3.1872e-05],
          [-5.2238e-05,  4.4542e-05, -3.2126e-05,  5.4173e-05, -4.9099e-05],
          [ 5.9524e-05, -6.6771e-05,  4.3006e-05, -2.4387e-04, -2.8482e-05],
          [-6.7607e-05,  6.1359e-05,  1.2593e-04, -9.9160e-05, -2.0368e-04],
          [ 4.6426e-06, -1.4323e-04, -6.8706e-05,  1.5249e-05, -1.9218e-05]],

         ...,

         [[ 4.8959e-05, -3.9709e-05,  4.3165e-05, -5.7733e-05, -7.8302e-05],
          [-1.7276e-05, -1.3392e-04,  6.5266e-05, -1.1458e-05,  1.7913e-04],
          [-5.9463e-05,  8.6557e-05, -5.8810e-05, -4.6036e-05,  2.7739e-05],
          [ 2.1071e-04, -7.7704e-05,  8.7704e-05,  1.2406e-04,  2.3585e-04],
          [-1.2185e-04, -8.4314e-05,  9.0627e-06,  1.2630e-04,  1.0151e-04]],

         [[-1.5119e-04,  9.8668e-05,  2.3942e-05,  9.2883e-05, -4.6539e-05],
          [-6.0963e-05,  1.2763e-04, -2.0832e-04,  1.8092e-05, -1.4874e-04],
          [ 5.8909e-05,  3.1813e-05,  1.2397e-04, -1.1043e-04, -5.4623e-05],
          [ 2.8823e-05, -6.4815e-05, -4.0629e-05,  5.3558e-05,  7.0842e-05],
          [-3.8314e-05,  5.5368e-05, -8.3734e-05, -4.1322e-05, -3.1254e-05]],

         [[-8.2541e-05, -1.6026e-04, -1.0767e-04,  1.6698e-04, -1.3078e-04],
          [-3.2019e-05, -6.8017e-06,  6.5452e-08,  1.4545e-04,  4.8883e-05],
          [ 9.6954e-05, -1.1231e-04,  8.3947e-05,  1.7941e-04, -1.6609e-04],
          [ 5.1363e-07,  5.4006e-06,  4.8472e-05, -5.7598e-05,  1.3264e-04],
          [-1.1733e-04, -1.6215e-04, -2.5863e-05,  1.0788e-04,  1.4527e-04]]],


        ...,


        [[[-4.3339e-05, -4.6072e-05,  4.7042e-05,  8.6470e-05,  8.3489e-06],
          [-2.8828e-05, -5.5973e-05,  4.0619e-05,  1.2677e-04, -5.5134e-06],
          [-1.4123e-04, -1.9176e-04, -1.0456e-06,  4.3097e-05, -8.6774e-05],
          [-4.3390e-05,  1.7613e-04,  4.0636e-05,  5.6462e-05,  1.0954e-04],
          [ 1.2109e-04, -8.6273e-05, -4.3588e-05,  3.7222e-05,  7.8567e-05]],

         [[-1.2478e-04,  1.9060e-05,  5.3930e-05,  7.1989e-05, -2.0279e-05],
          [ 6.7769e-05, -1.5045e-04,  5.8767e-05,  2.4832e-05,  1.7803e-05],
          [ 9.3414e-05, -1.2314e-04,  1.9058e-04,  9.4469e-05, -6.6000e-05],
          [-6.6525e-05,  2.0790e-05,  1.0311e-04,  8.0941e-05, -1.0552e-05],
          [ 1.5016e-04,  4.6923e-05, -4.3845e-05,  5.0307e-05, -6.6933e-06]],

         [[-1.0850e-04,  3.7877e-05, -5.7820e-05, -6.8124e-05,  3.9712e-05],
          [-2.3687e-04, -7.3990e-05,  1.1138e-04, -2.3684e-04, -1.2476e-04],
          [ 1.3407e-05, -2.2682e-04,  1.3279e-05,  3.2404e-07, -9.3377e-06],
          [-3.5219e-06,  3.5138e-05,  2.3520e-04,  8.7376e-05, -5.0889e-05],
          [ 2.4532e-05,  1.4069e-04, -1.1117e-04,  2.1695e-04, -1.1846e-05]],

         ...,

         [[ 8.0892e-05, -1.2427e-04, -1.1544e-04, -2.9474e-05,  9.0821e-05],
          [-2.8624e-05,  1.5454e-04, -5.2352e-05, -6.8256e-05, -5.4629e-05],
          [ 9.1883e-05,  9.1890e-05,  9.4475e-05,  6.4388e-05,  8.6699e-05],
          [ 9.0587e-05, -1.4794e-04,  7.7219e-06,  1.1264e-04,  4.7320e-05],
          [ 5.0121e-05, -1.2565e-04,  7.7510e-06, -3.1059e-05,  4.8180e-05]],

         [[-2.9865e-05,  5.5152e-05,  5.8114e-05, -2.5018e-05, -1.8696e-04],
          [ 1.1937e-04,  1.1927e-05, -3.6051e-05,  2.4621e-05,  9.9560e-05],
          [-1.0740e-04, -1.5140e-05,  5.6552e-05,  9.1090e-05, -1.1682e-04],
          [ 8.2048e-07,  5.3100e-05, -3.5121e-06, -3.2980e-05,  1.1441e-04],
          [ 1.0120e-04, -2.9991e-05, -1.8701e-04,  9.0271e-06, -4.0228e-05]],

         [[ 1.0438e-04, -1.1025e-04, -1.0655e-04, -1.1589e-04,  2.3568e-04],
          [-8.6567e-06, -1.4601e-04,  2.4880e-06,  6.0992e-05, -5.2409e-05],
          [ 1.0534e-04,  1.3896e-04,  5.4809e-05, -9.3341e-05,  9.7287e-05],
          [-4.5520e-06, -5.8284e-06,  8.8549e-05, -1.1209e-04,  1.0238e-04],
          [ 5.0861e-05, -5.6546e-05, -1.0529e-04,  4.7061e-06,  7.7520e-05]]],


        [[[ 2.2523e-05,  2.9715e-05,  1.0782e-04,  3.9230e-05,  4.9557e-05],
          [ 7.6987e-05, -7.8600e-06,  4.7724e-05,  1.1812e-04, -1.0932e-04],
          [-1.1257e-04, -7.9282e-05,  7.6531e-05,  1.7779e-04,  6.0396e-07],
          [ 4.6041e-05,  4.7255e-05, -9.4748e-05,  4.0372e-05, -5.4560e-06],
          [ 7.6422e-05,  8.6242e-05,  1.2410e-05,  6.9569e-06,  7.1756e-05]],

         [[-1.3366e-04, -2.3755e-06,  1.2010e-04, -1.1165e-04, -5.9607e-05],
          [ 4.4599e-05, -6.5634e-06,  5.2314e-05, -1.4465e-04,  2.9365e-05],
          [-3.3056e-06, -4.6390e-06, -1.6519e-04, -1.0212e-04, -1.0039e-04],
          [-9.8303e-05,  2.9762e-05,  7.0931e-05,  1.0408e-04,  3.3200e-06],
          [ 6.6789e-05, -2.3034e-06,  3.6883e-05, -6.6231e-05,  5.2372e-05]],

         [[-1.1268e-04, -1.4064e-05, -1.5137e-04, -5.8992e-05, -8.6215e-05],
          [ 6.3599e-05, -4.8564e-05, -4.0584e-05, -1.3865e-05,  3.0093e-05],
          [ 2.7294e-05,  1.1712e-05,  3.5718e-05,  4.5196e-05,  1.3548e-05],
          [ 1.5208e-04, -4.8026e-06, -1.8752e-05,  1.1524e-04, -1.0795e-04],
          [-2.8098e-05,  1.0822e-04, -2.5618e-05, -2.7389e-05, -3.0220e-05]],

         ...,

         [[-8.1849e-05,  4.6828e-05, -1.1119e-04,  9.9862e-05,  5.0613e-05],
          [-3.7572e-05, -1.0491e-04,  9.1978e-05, -4.3579e-05, -1.6845e-04],
          [-4.2951e-05, -2.2887e-05,  5.5230e-05,  1.3258e-05, -5.1845e-05],
          [-1.4051e-04, -4.3360e-05,  2.1106e-04, -9.0141e-05,  3.2759e-05],
          [ 5.3363e-05, -1.3177e-04,  6.8920e-06, -1.6598e-04, -1.3648e-05]],

         [[-2.1793e-04,  2.7505e-05, -8.3598e-05,  1.4388e-04,  6.6139e-06],
          [ 3.8969e-05,  1.2715e-04, -3.2752e-05, -2.1318e-06,  7.6798e-05],
          [ 3.2573e-05,  1.7306e-05, -4.0421e-06,  1.6675e-05,  1.1379e-04],
          [ 1.9839e-04, -1.3467e-04, -1.2105e-04, -1.2489e-04, -6.0273e-06],
          [ 4.6830e-05, -7.5330e-05, -2.7587e-05, -5.0276e-05, -1.5420e-04]],

         [[-1.2598e-04, -6.1972e-05, -9.1531e-05,  1.2457e-04,  2.1103e-05],
          [-2.0470e-04,  6.5070e-05, -1.6184e-04, -2.4386e-05,  2.6091e-06],
          [-2.2659e-05,  5.4675e-05,  7.1457e-06,  5.2456e-05, -1.1301e-04],
          [ 1.1034e-04,  3.2441e-05,  6.4307e-05,  3.2081e-05,  1.5809e-04],
          [-9.4593e-06, -1.6393e-05,  9.5882e-05,  7.2421e-05, -9.6772e-05]]],


        [[[-2.2812e-05, -2.3614e-05,  1.4847e-04, -6.2128e-05,  1.9066e-05],
          [-2.9447e-05,  1.0272e-04, -5.3742e-06,  5.4259e-06, -2.1145e-04],
          [-1.1623e-05,  3.9896e-05,  2.2465e-04, -1.1641e-04,  1.4443e-04],
          [-4.9248e-05, -4.4984e-05, -1.1158e-05, -6.8435e-05,  9.4191e-05],
          [-6.0044e-05, -1.2244e-04, -2.1442e-05,  8.7700e-05, -4.9679e-05]],

         [[ 2.8408e-07, -1.9817e-05, -1.8021e-06,  3.5136e-06, -3.2802e-05],
          [-3.2008e-05, -6.4751e-07, -1.1299e-05, -5.9410e-06, -1.1304e-05],
          [-3.3119e-05, -8.3265e-05,  6.2599e-05, -1.4959e-04,  3.6525e-05],
          [-1.2617e-04,  3.9022e-05, -2.1553e-04, -8.7963e-05,  2.7588e-05],
          [-4.9302e-06, -3.9770e-05, -1.0525e-04,  4.9151e-05, -5.5165e-05]],

         [[ 7.2266e-05,  1.0342e-04,  8.7743e-05,  6.7318e-05, -5.9643e-05],
          [ 9.6420e-05,  2.9645e-05,  1.6072e-06, -1.3565e-04, -1.2309e-04],
          [-3.9409e-05, -9.3399e-05,  1.1217e-04, -3.3901e-05, -3.5783e-05],
          [ 1.7914e-04,  2.8547e-04, -7.3298e-05, -5.1417e-05, -1.7807e-04],
          [ 7.2199e-05, -1.2833e-04,  7.5313e-05, -1.4005e-04, -1.8051e-04]],

         ...,

         [[ 7.6123e-05,  4.5766e-06, -6.3165e-05,  3.2630e-05,  1.0465e-04],
          [-1.3802e-04, -1.1857e-04, -2.6104e-04, -1.0236e-05, -9.3400e-05],
          [-1.1802e-04, -2.8693e-05, -1.0471e-04, -1.3870e-04, -3.2911e-05],
          [-2.8475e-05,  4.1586e-06, -1.2729e-04,  5.4848e-05,  5.7008e-05],
          [-1.0685e-05, -3.0378e-05,  1.6332e-05,  1.0660e-05, -1.1639e-04]],

         [[-2.7134e-05, -1.7053e-04,  2.3312e-05, -4.5040e-05,  2.0206e-04],
          [-3.4705e-05, -1.6979e-04,  1.6045e-05, -2.0935e-04, -9.8908e-05],
          [ 3.1562e-05,  3.1234e-06, -1.7877e-05, -7.7776e-05, -5.8429e-05],
          [ 5.9324e-05,  1.3305e-04,  1.7837e-05, -1.1200e-04, -1.1947e-04],
          [-1.4060e-04,  9.5419e-05,  5.7995e-06,  9.8877e-05,  9.6180e-05]],

         [[ 6.6910e-06,  2.1745e-04,  5.7010e-05, -5.3161e-05, -1.3327e-05],
          [ 1.0903e-05, -6.4734e-05,  1.1803e-04,  9.7673e-05, -4.9268e-06],
          [-1.7647e-04, -4.4264e-06, -1.4751e-05, -9.9557e-05,  5.3152e-07],
          [ 1.7072e-04, -4.4202e-07,  2.2617e-04,  5.4115e-05,  2.2594e-05],
          [ 1.0187e-05, -1.3276e-04, -2.5656e-05, -9.3659e-05, -4.8715e-06]]]],
       device='cuda:0', requires_grad=True)conv2.biasParameter containing:
tensor([-0.0258, -0.0076, -0.0185, -0.0035, -0.0056, -0.0064, -0.0049, -0.0086,
        -0.0101, -0.0221, -0.0066, -0.0148, -0.0034, -0.0099, -0.4510,  0.0282,
        -0.0062, -0.0051, -0.0141, -0.0126, -0.0075, -0.3749, -0.0299, -0.0119,
        -0.4296, -0.0052, -0.0130, -0.0141, -0.0046, -0.0085, -0.0089, -0.4383,
        -0.0137, -0.0054, -0.0056, -0.0074, -0.0084,  0.0007, -0.0088, -0.1215,
        -0.0018, -0.0059, -0.0042, -0.0140, -0.0024, -0.0307, -0.0069, -0.0150,
        -0.0217, -0.0131], device='cuda:0', requires_grad=True)fc1.weightParameter containing:
tensor([[-1.0401e-16,  1.5985e-08,  2.2398e-07,  ...,  5.5267e-23,
          5.4522e-27,  1.8399e-42],
        [-2.0375e-40,  1.1852e-40, -2.8903e-41,  ...,  8.2790e-41,
         -6.3980e-41, -3.2556e-41],
        [ 1.4161e-40,  6.9631e-42, -5.1945e-41,  ..., -2.4911e-41,
          2.4974e-40, -8.0575e-43],
        ...,
        [-1.1766e-40, -3.4414e-41, -4.9334e-41,  ..., -1.2260e-40,
         -8.3892e-41,  6.9925e-43],
        [ 2.8952e-41,  2.4036e-41,  3.4721e-41,  ...,  8.3733e-41,
         -2.4727e-41, -6.0438e-42],
        [-2.0773e-40, -1.7209e-40,  1.1110e-40,  ..., -4.5682e-42,
          5.2198e-41,  1.8979e-41]], device='cuda:0', requires_grad=True)fc1.biasParameter containing:
tensor([-5.0389e-02, -6.5082e-05,  6.8669e-35, -3.1616e-02,  5.1899e-02,
        -1.9742e-02,  3.6728e-08, -1.7353e-08, -5.3530e-43, -3.4132e-30,
        -3.9430e-06, -3.0408e-08, -1.8117e-06,  1.5894e-19, -1.9483e-14,
        -8.7137e-06, -1.2975e-09, -1.9826e-05, -5.4829e-10,  6.0866e-02,
        -3.6672e-42,  2.0166e-26, -7.4802e-08, -1.7581e-12,  1.3518e-39,
        -6.4173e-23, -2.4792e-39,  5.0646e-02, -5.9993e-11,  1.4733e-36,
        -1.3571e-28, -1.2810e-08,  6.7187e-03,  2.7183e-25, -7.9476e-41,
        -1.8492e-04, -1.8442e-14, -3.9103e-03, -4.7447e-16,  3.8086e-02,
        -1.2123e-41, -1.3130e-08, -4.1130e-04, -1.5898e-17, -5.0613e-21,
         7.1548e-03, -1.8788e-12, -6.1685e-42,  3.4388e-42, -1.3343e-05,
         4.4023e-36,  1.3033e-41, -1.5236e-03, -2.2169e-42, -2.3360e-02,
         1.1922e-01,  1.5296e-02,  8.2594e-06,  1.5906e-29,  3.8396e-42,
         9.8609e-42, -4.6900e-08, -1.0750e-08, -2.4786e-03, -1.1672e-06,
        -4.8158e-02, -1.1406e-03, -1.4598e-09,  1.5694e-02, -4.5007e-07,
        -2.7922e-16, -7.9148e-05,  2.5324e-02, -4.5638e-03,  2.2273e-38,
        -4.9648e-42,  1.5861e-02,  4.0848e-42,  6.3853e-03, -3.1590e-07,
        -6.2282e-04,  1.7690e-08, -4.8539e-33, -4.9239e-07,  9.2472e-06,
        -9.6209e-03, -1.7592e-02, -3.3484e-05, -9.5948e-03,  4.8999e-25,
         1.0581e-01, -4.7250e-14, -1.1672e-02,  9.9083e-03, -4.2042e-03,
        -2.5331e-08,  1.3270e-41, -6.3894e-32,  2.2460e-09, -1.1793e-26,
         1.1038e-02, -3.0397e-03, -7.7916e-04, -4.2263e-42, -1.7298e-02,
        -1.3832e-19, -8.1093e-42, -4.5542e-43, -5.3767e-02, -1.2895e-02,
        -1.6072e-05, -2.1117e-08, -4.2953e-03, -2.7875e-39, -5.7437e-02,
         3.1162e-10, -2.8564e-05, -2.4868e-04, -2.4749e-02,  9.0025e-39,
        -2.0523e-10, -6.9605e-07, -1.3243e-23, -5.5349e-04,  3.4860e-02,
        -6.6355e-04,  5.6052e-45,  3.5299e-42,  4.9284e-42, -7.9384e-42,
         1.1483e-12, -1.2845e-11, -3.9380e-28, -1.6942e-23,  3.8569e-02,
        -1.1714e-11, -2.3050e-06,  3.7356e-27, -1.4401e-06, -4.1480e-16,
         3.2438e-02, -3.1617e-15,  8.0844e-03, -6.6220e-24,  1.3643e-41,
        -9.7854e-14,  4.8569e-42, -3.0928e-07,  6.1749e-02, -6.0816e-42,
        -6.9916e-32,  7.0513e-42, -1.7646e-06, -8.0294e-42, -3.6364e-42,
        -2.9965e-04, -6.2400e-14, -1.7624e-08, -2.0875e-04, -3.4575e-05,
         1.4398e-41, -1.3302e-13,  5.5240e-21, -2.8663e-03,  4.3929e-02,
        -3.8115e-04, -7.9187e-42,  2.3366e-02,  9.5596e-25, -1.2378e-28,
        -4.1037e-18, -8.5858e-42, -3.4702e-05, -1.0279e-41, -1.1474e-41,
         1.0624e-02, -1.4349e-42, -3.1019e-08,  1.3059e-41, -1.3059e-41,
        -4.3389e-05, -1.0567e-39,  1.5718e-02,  3.1409e-03, -2.3007e-23,
         1.0372e-41, -5.3365e-26, -6.2387e-03, -8.4594e-06, -1.3710e-41,
        -7.7984e-12,  4.1780e-09, -1.0555e-41, -1.6497e-02,  6.2730e-34,
         1.8855e-02, -7.5042e-24, -3.9484e-05, -2.2802e-07, -1.0818e-42,
         2.2274e-02,  1.5210e-11, -8.4519e-04,  5.3460e-42,  9.9282e-42,
        -2.5201e-10, -1.1483e-04,  7.6480e-24,  5.0706e-41, -7.8281e-03,
        -1.5602e-03, -9.1983e-13,  4.1267e-16,  1.5560e-02, -1.0147e-12,
         2.3477e-02, -2.5953e-20, -5.6503e-03, -2.0741e-04, -3.0128e-43,
        -2.0338e-16,  2.7212e-18, -3.5702e-17,  3.7541e-42, -6.9352e-04,
         1.0540e-37,  1.4574e-43, -3.4334e-09,  7.0752e-42,  5.6914e-07,
        -2.5915e-20, -1.2085e-16,  6.7655e-42, -1.0932e-41,  6.6196e-34,
        -3.0352e-42,  1.6718e-02, -1.9073e-05,  3.4001e-02, -2.2206e-11,
         4.0473e-24, -3.6143e-03,  5.8382e-31, -4.9886e-06, -3.1459e-42,
        -2.6417e-10, -3.8102e-10, -8.3343e-16, -1.5443e-02, -7.8263e-42,
        -1.1938e-03, -4.1854e-05,  3.3778e-03, -2.9518e-09, -8.2338e-08,
        -4.2188e-20, -8.7164e-28, -1.0622e-42, -2.3544e-09,  2.4287e-02,
        -3.5715e-04, -4.5064e-20,  1.6695e-02, -8.7736e-18,  3.0218e-36,
        -7.9723e-07, -1.3728e-05, -1.5878e-05, -7.5964e-42, -4.5238e-05,
        -4.1221e-16, -3.8383e-05, -1.7871e-06,  1.3809e-03,  7.1326e-42,
        -5.0271e-14, -5.2208e-20, -8.1974e-05,  2.9687e-02, -1.8473e-02,
        -8.6264e-10, -2.3808e-03, -2.1453e-03, -1.2362e-02,  6.6084e-29,
        -6.6419e-05, -6.5085e-15,  5.3610e-03,  5.5223e-03,  1.5252e-03,
        -9.4756e-42, -2.7673e-04, -7.4795e-06, -2.5246e-10, -4.3073e-14,
        -1.3097e-40, -6.0256e-43, -2.1952e-05, -1.8247e-02, -1.4139e-04,
         7.0099e-22, -1.2747e-03, -3.7583e-42,  1.1477e-41,  1.8091e-42,
        -5.4665e-42, -1.5180e-02, -2.4990e-16, -2.6877e-42, -1.9976e-04,
         4.9521e-39, -1.5876e-02, -4.4913e-31,  3.8592e-42, -3.6144e-02,
         1.5695e-02, -3.4130e-07,  1.1879e-02,  3.2147e-06, -1.2593e-03,
         1.9903e-02,  1.7202e-37, -6.1616e-05, -7.5255e-09,  1.1325e-02,
         8.5975e-38,  1.8528e-03,  1.2534e-02, -3.4755e-06,  3.9682e-02,
        -1.9114e-12, -3.0043e-04, -4.7044e-08,  5.1550e-03,  7.0222e-02,
        -3.9138e-08,  8.8298e-14,  1.2195e-32, -2.2499e-04,  2.0986e-02,
         4.4519e-02, -1.0718e-16, -8.8966e-11, -5.6580e-23, -1.7382e-15,
        -1.3354e-03, -4.6714e-06, -1.0996e-41, -1.2769e-03, -9.8287e-42,
        -4.5544e-03, -1.4952e-13, -4.1310e-42, -4.8782e-06, -2.6932e-05,
        -1.1070e-14, -5.4447e-25, -3.7030e-03,  6.3269e-42,  4.5123e-02,
        -1.0214e-11,  7.5319e-03, -1.8175e-42, -7.4441e-03,  1.2488e-26,
        -1.0332e-16,  9.8413e-42, -1.3737e-41,  1.1658e-02, -1.1534e-05,
         4.5259e-02, -1.7494e-11, -3.1896e-36, -8.5137e-05,  3.8366e-28,
        -4.7913e-35, -1.3030e-09, -3.2068e-02,  1.5682e-09, -3.9267e-05,
        -9.4287e-05, -6.0060e-42,  1.2291e-17, -1.0280e-10,  2.8060e-10,
        -7.4784e-07, -1.5532e-09,  3.2584e-02, -1.6456e-32,  8.5323e-20,
        -1.9991e-11, -2.9086e-04, -1.4140e-02, -6.5469e-02, -2.1764e-05,
         1.7548e-02, -1.1223e-04, -2.3207e-41, -1.6007e-04,  9.0931e-03,
         3.4683e-29,  1.0522e-14, -6.3668e-18,  8.1531e-02, -4.5378e-10,
        -2.8174e-24, -5.2056e-04, -1.1873e-03, -8.2956e-17, -8.7973e-06,
        -9.5867e-17,  7.7750e-20, -1.3952e-02,  3.7360e-20,  1.2467e-41,
        -1.3730e-12, -1.0277e-02, -6.3521e-42, -7.5795e-07, -8.9866e-03,
         4.2249e-02, -5.0293e-42, -4.6029e-15, -8.9571e-42, -1.1644e-09,
         2.0960e-02, -1.6562e-20,  1.6173e-24, -8.6046e-10, -1.5635e-02,
        -2.1254e-25, -2.1507e-22, -2.7563e-09, -9.9067e-05,  2.9863e-02,
        -1.3613e-07, -1.4290e-19, -6.7119e-03,  1.5204e-42, -7.4738e-07,
         2.3402e-43, -1.4207e-03,  7.0157e-02, -6.5165e-19, -2.9756e-05,
         3.9369e-35,  1.6256e-02, -1.9672e-05,  5.7879e-37, -1.4783e-02,
         7.3540e-42, -4.7358e-05, -4.9869e-27, -4.5248e-02, -6.2016e-03,
         1.9536e-02, -1.1944e-03,  8.0238e-42, -7.9454e-43,  1.9350e-02,
        -8.4296e-09, -2.2758e-02, -3.2577e-20, -2.2367e-18, -1.8479e-38,
        -1.8225e-11, -6.4593e-04, -3.8924e-36, -1.4078e-21, -1.2832e-02,
         5.1421e-03, -6.2492e-03, -6.9707e-05, -8.6292e-07,  9.3677e-42,
         7.0273e-14,  2.9517e-02,  6.7555e-02, -3.2471e-10, -1.6798e-05,
         7.5334e-42, -7.1531e-03, -9.4826e-04, -8.5933e-10, -7.8223e-03,
        -6.9326e-05, -1.4838e-02, -5.8498e-13, -9.4730e-04,  2.9890e-42,
        -1.1786e-07, -1.3241e-41, -1.6511e-35, -5.0515e-12, -5.3547e-06,
        -1.1814e-24,  1.9013e-08, -1.1922e-41, -2.3259e-24, -6.8817e-07],
       device='cuda:0', requires_grad=True)fc2.weightParameter containing:
tensor([[-6.5628e-02,  1.8095e-02, -2.4669e-05,  ...,  6.0905e-07,
         -1.2435e-07,  7.5461e-03],
        [-1.3966e-02, -1.3314e-02, -7.4163e-06,  ..., -9.0130e-06,
         -4.3016e-06, -9.8152e-03],
        [ 2.6745e-02, -5.3869e-03, -2.7922e-05,  ...,  2.7097e-06,
         -3.2685e-03,  2.2362e-02],
        ...,
        [-2.4699e-02,  1.2119e-02, -5.1881e-05,  ..., -1.8250e-04,
          2.1830e-04,  3.2444e-03],
        [-6.0249e-01,  8.4861e-03,  3.4081e-04,  ..., -2.1425e-04,
         -4.2551e-04, -4.2582e-03],
        [ 2.3089e-01, -5.7602e-03,  1.6036e-04,  ..., -4.2627e-05,
          1.4813e-04,  1.4134e-03]], device='cuda:0', requires_grad=True)fc2.biasParameter containing:
tensor([ 0.0173, -0.0386, -0.0118, -0.0130,  0.0004,  0.0006, -0.0312, -0.0564,
         0.1758, -0.0452], device='cuda:0', requires_grad=True)