conv1.weightParameter containing:
tensor([[[[ 3.8620e-05,  2.1795e-05, -1.8062e-05,  1.7391e-04,  2.9343e-06],
          [ 1.1178e-04, -1.1750e-04,  8.5386e-05,  5.5529e-06,  1.2378e-04],
          [-3.7650e-05,  2.5335e-04, -1.0822e-04, -1.7390e-05,  2.0304e-04],
          [-1.4260e-04,  2.7928e-04,  1.1115e-05,  2.0253e-04, -2.1280e-05],
          [-5.0742e-05,  2.8667e-05,  9.3895e-06, -6.0324e-05,  5.0505e-05]]],


        [[[-1.7149e-04,  9.6408e-06,  1.0217e-04, -9.2788e-05,  8.9825e-05],
          [-9.1111e-05, -3.2934e-05, -1.1257e-04,  5.7554e-06,  4.8389e-05],
          [-8.3479e-05,  1.7930e-04, -3.7180e-05, -2.6144e-04, -9.6472e-05],
          [ 4.5626e-05,  2.2176e-05, -1.6189e-04,  1.6036e-04,  2.1487e-04],
          [-6.8390e-05,  1.7510e-05,  4.0593e-05,  9.7005e-05, -8.5092e-05]]],


        [[[-4.9917e-05,  2.8889e-05, -1.1919e-04, -1.4922e-04,  1.0585e-04],
          [-8.3787e-05, -2.5587e-05, -8.9249e-06, -6.7267e-05, -1.1330e-04],
          [-1.1166e-04,  1.5495e-05, -1.3433e-04,  2.2942e-05, -1.7740e-05],
          [ 1.9920e-05, -1.6718e-04, -1.4969e-04, -2.2298e-06, -5.2328e-06],
          [-1.1548e-04,  8.8330e-06, -1.6745e-04, -1.0067e-04,  5.5373e-05]]],


        [[[ 4.6038e-04, -2.6939e-04, -2.8896e-04,  4.7280e-04,  2.7599e-04],
          [ 2.2235e-04,  1.3729e-03,  2.5169e-03,  1.9062e-03,  1.3850e-03],
          [ 1.0741e-03,  3.0005e-03,  7.4994e-01,  2.9997e-02,  1.2536e-03],
          [ 1.5545e-03,  1.4035e+00,  2.1221e+00,  3.5922e-01, -9.6187e-05],
          [ 1.0822e-03,  8.7906e-03,  1.7743e-01,  1.4380e-03, -2.6092e-03]]],


        [[[ 7.4225e-05, -4.7371e-05,  2.2983e-04,  1.6155e-04, -3.0951e-05],
          [-9.1964e-05,  1.9471e-06, -8.1702e-05,  4.3341e-05,  2.0471e-04],
          [-1.2372e-04, -1.4630e-05,  1.8740e-05,  2.7576e-05,  1.6080e-04],
          [-1.4523e-04,  6.5954e-05, -1.7058e-04, -2.8228e-05, -1.1341e-05],
          [ 7.1284e-06, -1.9261e-05, -6.0512e-05,  2.0456e-05,  2.2276e-04]]],


        [[[-5.9515e-05,  5.8883e-05, -9.0192e-05, -1.4598e-04,  1.2020e-04],
          [ 8.9463e-06, -1.1680e-04,  2.1511e-05,  1.8953e-04,  6.1682e-05],
          [-2.5405e-04, -9.9242e-05,  8.7752e-05,  5.0545e-05,  1.3945e-05],
          [ 6.4316e-05,  1.9533e-05, -1.0099e-04,  4.1010e-05,  7.3590e-05],
          [-3.8458e-05, -1.5200e-04, -1.9721e-05, -4.6112e-05, -9.5534e-06]]],


        [[[-7.1710e-05,  7.4579e-05,  7.8507e-05,  5.8334e-05,  1.2330e-05],
          [ 4.4547e-06, -1.3271e-04, -1.2922e-04,  1.7169e-05,  3.1589e-04],
          [ 1.5849e-05, -1.5574e-04,  4.0995e-05, -1.5634e-04,  1.9526e-06],
          [ 5.6831e-05, -8.3545e-05, -1.4254e-04,  1.3910e-04,  1.5273e-04],
          [-4.2145e-05,  4.5667e-06, -1.4329e-04, -6.3856e-05, -1.2001e-04]]],


        [[[ 6.8692e-05, -1.1126e-04, -2.6145e-04,  1.0272e-04, -6.2692e-05],
          [-1.0329e-06, -6.0890e-05, -8.7001e-05,  5.4979e-05,  1.3738e-04],
          [-3.5788e-05, -8.7685e-05, -4.0147e-05, -1.2607e-05,  1.7829e-05],
          [ 5.5967e-05,  1.2287e-04, -3.5496e-05,  6.3180e-06,  9.9903e-05],
          [ 9.3469e-05, -4.1494e-05, -4.8885e-05,  1.5270e-04, -7.4575e-05]]],


        [[[-7.7005e-05,  1.2770e-05, -1.1907e-04, -1.6193e-04,  1.8184e-05],
          [ 2.8662e-05, -6.2263e-05, -6.8077e-05, -2.8401e-05,  1.4958e-04],
          [ 1.0796e-04, -2.9492e-05, -1.2740e-05,  3.5759e-05, -6.5118e-06],
          [-2.5518e-05,  2.3221e-05, -1.4423e-05,  1.5800e-05, -3.8349e-05],
          [ 1.7225e-05,  8.5112e-05,  8.2881e-05, -5.1988e-05,  8.4105e-05]]],


        [[[ 1.2938e-05,  4.7713e-06,  9.9565e-05,  1.1036e-05,  6.3484e-06],
          [-7.6841e-05, -5.9612e-05, -7.5423e-05, -2.1842e-04,  2.2779e-05],
          [-2.6045e-05,  1.4168e-04, -3.6100e-06,  1.7417e-04, -5.1199e-05],
          [-2.6245e-06,  2.3714e-05,  1.7656e-04, -6.5948e-05,  3.9095e-06],
          [ 1.8231e-04,  1.0551e-04, -2.1294e-04,  1.0257e-04,  3.9222e-05]]],


        [[[-9.3454e-05,  7.8163e-05, -8.6022e-05,  1.2340e-04, -1.7533e-07],
          [-5.7480e-05,  4.7638e-05,  7.8618e-05, -1.0771e-04, -9.4909e-05],
          [ 7.0418e-05,  7.3433e-05, -2.5771e-05,  5.1096e-05,  1.2427e-04],
          [ 1.3422e-04,  1.6145e-04,  8.4076e-05, -9.3075e-05,  6.6856e-05],
          [ 1.5509e-05, -4.2096e-05, -1.0026e-04,  9.7861e-05,  2.9509e-04]]],


        [[[-7.6096e-05,  1.4599e-04, -8.9121e-05, -9.9139e-05,  8.3210e-05],
          [-7.6296e-05,  7.8373e-06, -7.3355e-05, -1.3463e-04, -1.9192e-05],
          [ 3.0042e-05,  9.3256e-05,  1.5735e-04,  5.2327e-05, -1.5933e-04],
          [-1.5529e-04, -9.8813e-05, -1.2373e-04, -1.7021e-04, -6.7131e-05],
          [-1.2545e-04, -1.5534e-04, -7.0432e-06,  1.3873e-06,  1.4180e-04]]],


        [[[ 6.1117e-05,  1.4620e-04,  8.5027e-05,  1.2262e-05,  1.8339e-04],
          [ 1.8048e-05,  6.7639e-05, -8.5212e-05, -9.2359e-05, -2.3923e-05],
          [ 2.4129e-05, -2.2101e-04,  1.1078e-04,  9.3216e-05,  8.7908e-05],
          [ 3.0438e-05, -7.6519e-05, -2.7645e-05, -3.5876e-05, -5.2720e-05],
          [ 2.0815e-04, -5.4529e-05, -1.2050e-05, -4.4621e-05,  4.1572e-05]]],


        [[[-1.1896e-04,  1.3259e-04, -5.1991e-05,  8.9210e-05,  7.6500e-05],
          [-2.3280e-04,  1.1852e-04, -1.1847e-05, -7.2479e-05,  6.7494e-05],
          [-1.8802e-05, -3.4323e-06,  3.4626e-05,  2.1654e-05, -1.3152e-04],
          [ 7.9574e-05, -2.0711e-05, -9.0193e-05,  8.9048e-05,  2.9059e-05],
          [-2.0534e-04,  2.6200e-05, -1.4114e-04,  1.3354e-04,  4.1719e-05]]],


        [[[-2.7411e-05,  2.8232e-04, -5.1695e-05,  2.8079e-04,  5.5705e-05],
          [-9.3539e-05, -8.2884e-05, -1.9207e-04, -2.0517e-04,  9.0224e-06],
          [ 5.7644e-06,  7.6676e-05, -2.5172e-06, -6.2782e-06, -4.4598e-05],
          [ 6.7619e-05, -1.1869e-04, -3.9832e-05,  1.5358e-04,  9.6612e-05],
          [-1.5319e-05, -4.8516e-05,  1.3108e-04, -3.1055e-05,  2.8713e-05]]],


        [[[-5.1990e-06, -2.1158e-04, -4.8637e-07,  9.6407e-05, -2.5181e-04],
          [-1.7433e-05, -5.0525e-05,  3.3811e-05,  1.7767e-05,  3.7832e-05],
          [ 2.6772e-05, -3.1021e-05, -2.5203e-05, -1.5760e-05,  1.2984e-04],
          [-6.7603e-05, -7.5282e-05, -8.7593e-05, -5.6995e-05,  9.5590e-06],
          [-1.1348e-04, -2.4399e-05,  2.5752e-05,  8.6358e-06, -3.3502e-05]]],


        [[[ 6.6434e-05,  7.6260e-05, -1.2456e-04,  6.7909e-05, -1.2769e-04],
          [-7.6240e-05, -1.7312e-04, -2.7094e-05,  9.6666e-06, -3.2438e-05],
          [-9.7463e-05, -1.0070e-04, -1.6104e-04,  7.8017e-05, -8.9750e-05],
          [ 3.5585e-05, -1.3058e-04,  8.6294e-06, -4.4207e-05, -4.7840e-05],
          [-9.4115e-05,  5.9422e-05,  4.9987e-05,  4.0198e-05,  7.6501e-05]]],


        [[[ 9.2580e-05,  5.2356e-05, -1.6319e-04, -1.3823e-04,  2.0536e-05],
          [ 2.5616e-04,  1.1179e-04, -2.8740e-06, -3.0009e-07, -1.1067e-04],
          [-9.4691e-05,  4.8373e-05, -5.3615e-05,  4.2618e-05,  4.2877e-05],
          [-1.8759e-05, -2.5123e-04, -3.2495e-05,  2.6163e-05,  2.7213e-04],
          [-4.2797e-05,  4.9712e-05, -1.3032e-04,  3.0297e-05,  4.7751e-05]]],


        [[[-2.0469e-05,  1.5988e-04, -3.8940e-05, -6.8684e-05,  1.1510e-05],
          [-8.4563e-05, -3.3529e-05,  4.4550e-05, -1.4494e-04,  1.2930e-04],
          [-6.0183e-05, -3.2903e-05,  8.5088e-05, -1.0798e-04,  1.6852e-04],
          [-1.4907e-04, -2.8546e-05, -1.6267e-05, -3.0350e-05,  1.5877e-04],
          [-1.4687e-04,  1.7686e-04,  1.5402e-04, -6.9469e-06,  9.4000e-05]]],


        [[[ 1.2744e-05, -1.6528e-04, -6.3045e-05,  5.5687e-05, -1.4840e-04],
          [ 5.5875e-05, -2.3995e-05, -8.9884e-05,  2.0521e-04, -5.3060e-06],
          [-5.1343e-06,  1.9064e-04,  2.4334e-05,  6.4692e-05,  2.2720e-05],
          [ 1.9451e-04, -8.7817e-05, -1.7472e-04,  1.9978e-05, -6.4580e-05],
          [-1.7211e-04,  1.3371e-04, -4.7254e-05,  1.8662e-04, -1.6324e-04]]]],
       device='cuda:0', requires_grad=True)conv1.biasParameter containing:
tensor([ 0.0103,  0.0117,  0.0089,  0.0020, -0.0008,  0.0077, -0.0010,  0.0063,
         0.0290,  0.0095,  0.0068, -0.0006,  0.0077,  0.0017, -0.0013,  0.0131,
         0.0057, -0.0008,  0.0128, -0.0010], device='cuda:0',
       requires_grad=True)conv2.weightParameter containing:
tensor([[[[ 9.3515e-05,  4.5764e-05,  2.4201e-04, -3.9147e-05,  1.3116e-04],
          [-3.3650e-05,  6.9433e-05,  8.4657e-05,  8.1494e-05,  1.2680e-06],
          [ 1.4508e-06, -2.7694e-05,  6.2778e-05,  4.3632e-06,  1.9986e-05],
          [ 7.4357e-05,  6.0667e-05, -6.0704e-06,  2.6206e-04, -1.4885e-04],
          [-1.1327e-04, -2.0000e-04, -3.3834e-05, -5.5214e-05, -7.2694e-05]],

         [[ 5.1347e-05, -1.8380e-05,  1.3424e-04,  9.5964e-05,  7.8864e-05],
          [ 1.3883e-04,  7.2760e-05, -8.5384e-05,  6.6245e-05, -7.0236e-06],
          [ 9.0302e-05,  1.4579e-04, -4.8661e-05, -3.4917e-06, -2.6142e-05],
          [-1.3750e-04, -3.8869e-05, -1.5787e-06, -2.0217e-04, -7.8989e-05],
          [ 1.5482e-05, -6.4057e-05, -2.6961e-05, -2.0146e-05,  2.0250e-04]],

         [[-1.0543e-04,  3.8195e-05, -2.4236e-04, -1.3336e-04, -1.8974e-04],
          [-3.3891e-05,  4.7300e-05, -4.2425e-05, -7.3936e-05, -8.3916e-07],
          [ 2.3173e-05,  4.9908e-07,  6.8455e-05, -6.6495e-05, -3.5351e-05],
          [ 9.1666e-05,  1.5289e-04, -6.6455e-05, -2.1570e-05,  1.2284e-04],
          [ 2.7085e-05,  3.8465e-05, -3.9442e-05, -9.6413e-05, -9.8808e-06]],

         ...,

         [[ 1.7954e-05,  1.5086e-05, -6.7381e-05,  1.7272e-04, -4.3152e-05],
          [-1.3222e-05,  6.4253e-05,  1.5159e-04,  1.3703e-04, -1.1224e-04],
          [-1.7961e-05,  4.7078e-05, -5.4745e-05, -5.5071e-05, -3.9635e-05],
          [ 1.3466e-04,  3.2881e-05,  3.5822e-05,  9.1223e-05, -5.8476e-05],
          [-1.3906e-04,  5.7094e-05,  4.5804e-05, -8.4903e-05,  2.6905e-06]],

         [[-1.0814e-05, -1.8388e-05, -8.7904e-05,  1.8006e-05,  4.7572e-05],
          [ 1.6921e-04,  1.3729e-04,  6.6452e-05, -3.6575e-05, -1.0820e-04],
          [-4.1357e-06, -7.6710e-05,  5.4721e-05,  2.1263e-04,  4.2544e-05],
          [ 6.9444e-05,  4.7057e-05,  7.4683e-05, -4.3897e-06, -2.8724e-04],
          [-1.9817e-05,  2.3923e-05,  4.9395e-05, -5.5518e-05,  2.1267e-04]],

         [[ 5.1575e-05,  2.4091e-05, -3.4868e-05, -1.3211e-04, -1.3586e-04],
          [-4.9715e-05, -4.0214e-05,  8.2921e-05,  3.8443e-05, -2.4262e-04],
          [-2.9499e-04,  9.8284e-05, -6.4448e-05, -2.5257e-05, -4.1311e-05],
          [-5.6285e-05, -2.1013e-05,  8.2825e-05,  3.5885e-05, -3.2018e-05],
          [ 5.3445e-06,  9.1958e-05, -2.0918e-05,  1.0501e-04,  1.4604e-04]]],


        [[[-6.7479e-07, -1.1737e-04, -1.1163e-04, -6.8281e-07, -1.1016e-04],
          [ 1.8427e-04,  1.4064e-04,  8.8191e-05, -3.0267e-05,  1.0041e-04],
          [ 6.4521e-05,  2.9233e-05, -4.0300e-05,  3.3462e-05,  1.1075e-04],
          [ 2.0820e-04, -1.3257e-05, -4.7972e-05, -3.2838e-05,  6.3715e-05],
          [ 1.2187e-04,  1.3284e-05, -3.2637e-05, -5.5921e-05,  2.1216e-05]],

         [[ 1.6274e-04, -5.5644e-05, -8.7844e-05,  1.3476e-05,  1.8413e-05],
          [-1.2153e-04,  8.0859e-05, -6.7757e-05,  3.7504e-06,  1.8290e-05],
          [-1.2928e-04,  6.7517e-05, -4.6517e-06,  4.9070e-05, -1.0233e-04],
          [ 1.6004e-04, -8.2208e-05,  5.3215e-05,  3.5998e-05, -1.0403e-04],
          [ 3.3570e-05, -7.0350e-05,  6.1819e-05,  1.3529e-04, -1.6773e-05]],

         [[ 2.0565e-04,  6.8621e-05, -1.7453e-05,  6.4908e-05, -1.4229e-04],
          [-1.0843e-05,  5.1286e-05,  5.4383e-05,  5.1462e-05,  2.1436e-05],
          [ 1.3135e-05, -7.0905e-05,  5.1526e-05,  1.1237e-04,  3.8769e-05],
          [ 3.8084e-05,  7.4702e-05, -1.2276e-04, -1.2093e-04,  1.7839e-04],
          [-1.5187e-05,  1.0461e-05,  7.4647e-05,  7.8678e-06, -1.8554e-04]],

         ...,

         [[-8.8866e-05, -1.1022e-04,  1.1348e-04,  6.0348e-06,  8.9613e-05],
          [-1.2672e-04, -4.6595e-05, -5.9502e-05, -2.7332e-05, -1.0973e-04],
          [-6.7560e-05,  2.1165e-05, -1.1371e-04,  2.6437e-05, -5.5491e-05],
          [-1.8173e-04, -2.7887e-05, -9.0659e-06, -7.9445e-05, -6.5044e-05],
          [-3.7565e-05,  1.1013e-04,  5.5768e-05, -4.5970e-05, -4.3721e-05]],

         [[-4.4491e-05,  2.5190e-05,  9.1691e-05, -4.4433e-05, -1.9403e-04],
          [-4.5867e-05, -8.3580e-05,  1.1908e-05,  5.9001e-06, -7.3907e-07],
          [ 9.8976e-05,  1.3673e-04,  1.5576e-05, -1.5932e-05,  4.6552e-05],
          [ 2.8893e-04,  3.2600e-05,  4.7963e-05, -3.9717e-05, -1.1870e-04],
          [-6.9475e-05, -1.2973e-04,  3.1286e-05, -1.0213e-04,  2.1500e-05]],

         [[ 1.2314e-05, -6.2929e-06,  4.5437e-05, -2.1891e-05, -3.0039e-05],
          [ 8.6942e-05,  1.0581e-04, -7.7146e-05, -2.2296e-05,  7.6335e-05],
          [-4.7239e-05,  1.2295e-04,  1.6722e-04, -5.9849e-05,  1.2295e-04],
          [ 1.7739e-05, -1.9150e-05, -1.0879e-04, -3.9867e-05,  4.1191e-05],
          [-2.3382e-05, -6.1765e-05, -3.7112e-05, -1.3501e-04,  2.0318e-04]]],


        [[[-8.5549e-06,  7.3389e-05, -1.2912e-05, -9.3957e-05, -2.0496e-04],
          [ 1.0046e-04,  8.6882e-05,  2.0850e-05, -1.1227e-06,  1.5022e-05],
          [ 4.1355e-05, -8.4380e-06, -4.1018e-05, -9.3888e-05,  1.7301e-05],
          [ 8.9744e-05,  1.4379e-05, -7.1298e-05,  2.8266e-05, -1.2108e-04],
          [-4.1529e-05,  7.0361e-06,  2.1372e-05, -1.0104e-04, -1.2214e-04]],

         [[-8.1567e-05, -4.1348e-05, -5.5482e-05,  2.8135e-05, -1.3102e-04],
          [-1.0961e-04,  5.0301e-05,  1.5436e-05,  4.4951e-05, -1.4526e-04],
          [ 7.8681e-05,  1.9864e-04, -1.4287e-05, -1.4377e-04,  8.0112e-05],
          [-9.8825e-05, -2.2126e-04, -6.5790e-05, -2.4187e-04, -6.7263e-06],
          [-6.7075e-06, -6.6205e-06,  3.2783e-05,  1.1659e-04,  6.3643e-05]],

         [[ 1.4639e-04,  4.8896e-05, -3.0163e-05,  1.0910e-04, -6.1710e-05],
          [-9.3488e-05,  1.1603e-04,  6.9363e-06,  2.4638e-04, -2.6970e-05],
          [-1.2008e-04, -1.1811e-04, -4.0907e-05, -9.7171e-05,  4.0017e-05],
          [-2.0551e-05, -4.5760e-05, -2.3950e-05, -5.2052e-05, -8.8596e-05],
          [ 1.3004e-04,  4.3236e-05,  4.5831e-05, -3.6843e-05, -2.4381e-05]],

         ...,

         [[ 1.0050e-05, -1.4232e-05, -1.0013e-04, -2.2538e-05, -7.0774e-05],
          [-7.6360e-05, -1.3827e-05,  4.3399e-06, -1.3391e-04,  4.0566e-05],
          [ 2.5524e-04, -9.6240e-05, -5.7384e-05, -2.3197e-06, -1.6041e-04],
          [ 1.3016e-04,  1.4367e-04, -3.7755e-06,  1.4811e-05,  2.3334e-05],
          [-5.6557e-06, -6.1212e-05, -1.9778e-04,  1.2504e-04, -3.8478e-05]],

         [[-8.7961e-05,  2.7132e-05, -5.3499e-05,  1.6479e-05,  1.0910e-04],
          [ 1.5666e-04,  5.4512e-05,  9.7396e-05,  7.8232e-05,  2.1515e-05],
          [-9.3355e-05, -1.0849e-04,  7.4887e-05,  1.2453e-05, -2.7277e-05],
          [-8.6072e-05, -1.6979e-05,  2.8009e-05,  2.5571e-04, -2.2920e-05],
          [ 7.9537e-06, -7.6219e-06, -9.3380e-05,  2.7739e-05,  1.4043e-05]],

         [[ 5.1939e-05, -8.3223e-05,  1.8138e-08,  1.2780e-04,  7.0162e-05],
          [-1.0044e-05, -1.3142e-05, -1.1287e-05, -4.1506e-05,  6.9183e-06],
          [-1.0969e-04, -2.4061e-05,  3.0665e-05, -1.2282e-05, -1.4083e-04],
          [-1.3123e-05,  1.7524e-04,  1.5501e-04, -1.2579e-04,  6.9122e-05],
          [-1.1967e-04,  9.5926e-05, -6.0793e-05,  1.3488e-04,  3.1926e-07]]],


        ...,


        [[[-8.0291e-05, -7.9989e-05,  8.4308e-05,  1.1198e-05,  7.3207e-05],
          [ 2.5942e-04, -7.8807e-05,  7.8122e-05,  7.5337e-05,  8.6088e-06],
          [-7.5441e-06, -3.1696e-05, -4.3827e-06,  2.9690e-05, -9.5652e-05],
          [-2.1792e-06,  1.4032e-05, -7.6116e-05, -8.4056e-06, -5.6288e-05],
          [ 1.1457e-05, -1.7415e-05,  5.3928e-05,  3.2536e-05, -7.2440e-05]],

         [[-2.3574e-05,  1.0764e-04, -1.6049e-05, -1.8025e-04, -2.3858e-05],
          [-6.6755e-05, -9.9712e-05, -9.5939e-05, -7.2810e-05,  1.6958e-04],
          [-6.3025e-05,  1.7698e-04,  9.4534e-05, -3.9451e-05,  1.1402e-04],
          [ 7.0112e-05, -5.8283e-05,  1.9321e-04, -1.6200e-05,  4.5389e-05],
          [-1.1412e-04, -6.9372e-05, -7.1729e-05,  5.7902e-05, -8.6240e-05]],

         [[ 1.5809e-04,  6.3162e-05, -7.1393e-05,  6.8411e-05, -5.0628e-06],
          [-8.7654e-05, -1.7659e-05, -3.4266e-06,  6.8329e-05, -1.0406e-04],
          [-1.9882e-05, -2.0155e-04, -8.1437e-05, -2.0009e-04, -1.0619e-04],
          [-5.1174e-05,  5.7510e-05, -4.5880e-05, -1.0427e-04, -4.0347e-06],
          [ 1.0610e-04, -4.9566e-06,  2.5847e-05,  1.3592e-04, -3.6223e-05]],

         ...,

         [[ 1.2084e-04,  1.1274e-05,  4.5084e-05, -1.2642e-04, -1.1008e-04],
          [ 1.6438e-05,  3.2547e-05, -5.1037e-05,  8.4046e-05, -1.4928e-04],
          [ 8.4685e-06,  6.3721e-05, -7.5129e-06,  6.5598e-06, -2.7294e-05],
          [-8.0254e-05, -1.9079e-05,  2.6613e-04, -1.0930e-04,  7.9896e-05],
          [-4.7149e-05,  3.4878e-05, -5.9852e-06,  1.3490e-04,  5.9129e-05]],

         [[ 1.1038e-05, -7.3154e-05,  1.2927e-04, -4.2175e-05,  1.0817e-04],
          [-1.1660e-04,  6.7321e-05, -4.1226e-05,  1.7328e-04, -1.1278e-04],
          [ 2.8340e-04,  1.1350e-05,  3.4189e-05, -1.6405e-04,  2.5532e-05],
          [ 7.5606e-05,  1.0950e-04, -4.5330e-05,  2.4535e-05, -3.4233e-05],
          [ 1.0287e-04,  1.7928e-04, -1.1635e-04,  3.0984e-06,  1.7340e-04]],

         [[ 1.0957e-04, -5.9650e-05, -1.3068e-04,  3.6994e-05, -4.5345e-05],
          [-6.2733e-05, -1.0941e-04, -2.0481e-05, -6.8285e-05,  8.8946e-05],
          [ 1.3304e-06,  1.9806e-04, -8.5550e-05, -6.6817e-05, -8.4947e-06],
          [-1.2105e-05,  1.0825e-04, -1.3027e-04,  6.2732e-05, -1.0749e-05],
          [ 8.5913e-06,  2.7684e-05,  4.9548e-06, -5.8277e-05,  4.4205e-06]]],


        [[[-8.3095e-05,  2.1649e-05, -4.5614e-05,  7.7355e-05, -3.4610e-05],
          [-6.4877e-05, -7.6196e-05, -5.0097e-05, -1.2111e-04,  2.5541e-05],
          [ 8.4617e-05,  1.1026e-04, -5.0270e-05,  3.0123e-05,  9.3207e-06],
          [-3.4955e-05,  4.5168e-05, -1.9880e-05,  2.5954e-05,  6.5783e-05],
          [ 8.1369e-05,  8.0399e-05, -1.3796e-04, -3.8870e-05,  7.3382e-05]],

         [[ 4.3439e-05, -1.4663e-04, -2.6039e-05, -1.2995e-04,  2.4970e-05],
          [-1.1532e-04,  7.9856e-05, -1.7323e-04,  6.5747e-05, -2.4207e-05],
          [ 1.5666e-04,  1.6607e-05, -1.0143e-04, -1.3671e-04,  5.1626e-05],
          [-6.9001e-05, -9.3147e-05,  2.0592e-05,  6.8430e-07, -5.9399e-05],
          [ 6.5007e-05, -8.8099e-05, -6.9582e-05,  4.7179e-06, -1.4518e-05]],

         [[ 7.9857e-07,  1.1448e-04, -7.6462e-05, -6.5166e-06, -1.2886e-04],
          [-9.1242e-06, -1.8261e-06,  6.6578e-05,  7.2011e-05, -2.7312e-04],
          [-6.3268e-06, -1.7365e-04,  9.8367e-05,  2.6735e-05,  1.7983e-04],
          [-1.5503e-04,  1.8391e-04,  9.2515e-05,  3.0712e-05,  8.7004e-05],
          [-4.6476e-05, -6.1161e-05, -2.8162e-05, -1.4650e-04,  5.9621e-05]],

         ...,

         [[ 3.0904e-05,  1.6442e-05,  2.5938e-05,  8.4970e-05,  1.6355e-05],
          [-1.9037e-04, -4.3696e-05,  8.8989e-05, -3.3456e-05, -4.8087e-05],
          [ 1.0347e-05, -1.8972e-04, -1.9022e-04,  7.9107e-05,  2.3047e-05],
          [-1.0819e-05, -1.7421e-04,  8.1120e-05,  1.4464e-06,  5.1937e-05],
          [-1.1079e-04,  8.1119e-05, -3.8980e-05,  8.2108e-05, -5.8206e-05]],

         [[ 6.1796e-05, -5.8087e-05, -2.7005e-05, -3.4924e-05, -6.9761e-05],
          [ 6.1442e-05,  1.1529e-04,  5.2147e-05,  1.4180e-05, -5.5714e-05],
          [ 1.0763e-04, -2.0651e-05, -1.0769e-04,  3.7416e-05,  2.5387e-05],
          [-4.0271e-05,  3.6194e-05, -2.8699e-05,  9.5740e-06,  1.0197e-05],
          [ 8.9499e-05, -7.8638e-06,  6.8870e-05, -1.2088e-04,  3.1122e-05]],

         [[-8.2812e-05,  7.8755e-05, -1.6184e-04, -1.1765e-04,  9.2249e-05],
          [ 5.1129e-05,  3.1813e-05,  7.2995e-05, -7.6885e-06, -9.0012e-05],
          [-6.2037e-05, -5.2493e-05,  5.8955e-05,  9.7316e-06,  3.0871e-05],
          [-7.4096e-05,  5.2382e-05,  3.3767e-05, -6.1831e-06, -1.5557e-04],
          [-4.2147e-05, -8.6810e-05,  1.7116e-04,  8.0714e-05, -1.1228e-05]]],


        [[[ 5.8092e-05, -9.1896e-05, -1.9348e-04, -3.2735e-05, -8.4759e-05],
          [ 7.7005e-05, -1.0279e-04,  1.0581e-05, -7.6960e-05, -9.4415e-05],
          [-1.4069e-04, -4.2332e-07, -5.7345e-06, -5.2078e-05, -1.9077e-05],
          [-7.6404e-05,  1.0251e-04,  5.8122e-05, -1.3023e-04,  3.6240e-05],
          [ 1.3332e-04, -3.3009e-05, -1.0154e-04,  1.0092e-04,  1.0282e-05]],

         [[-8.4715e-05,  6.9806e-07, -9.7225e-05,  5.7344e-06, -2.5341e-05],
          [-1.0883e-04, -4.3561e-06, -1.6376e-04, -1.2307e-04,  1.8987e-04],
          [-5.9401e-06,  5.4205e-05,  1.3605e-05, -9.5233e-06,  2.1043e-05],
          [ 2.6427e-05, -1.5371e-04,  1.8171e-05, -3.6450e-05, -2.3974e-05],
          [-1.5348e-04, -1.8189e-04,  1.1708e-04,  1.0552e-04, -1.0321e-04]],

         [[-8.4643e-05,  2.9411e-05,  7.4107e-05, -2.0513e-04,  1.2012e-04],
          [ 1.1981e-04, -2.5328e-05, -2.5417e-05, -1.9985e-05,  1.7710e-04],
          [ 2.2754e-04,  2.2909e-05,  1.0698e-04,  7.4382e-05, -2.0321e-04],
          [ 5.4559e-05, -3.4859e-05, -1.9982e-05, -1.2505e-04, -1.6412e-04],
          [ 4.6589e-05, -3.4260e-05,  2.5041e-05, -2.6811e-05,  4.7515e-05]],

         ...,

         [[ 1.4773e-04,  1.6748e-04,  4.0978e-05,  2.4206e-04, -1.0078e-04],
          [ 2.4250e-04,  2.8298e-06,  8.1418e-05, -8.9646e-05,  4.7953e-05],
          [-6.4486e-05,  5.2036e-05,  1.7666e-05,  1.3520e-06,  3.1993e-05],
          [-4.5508e-05,  9.7116e-05,  7.0784e-06, -1.3202e-04, -1.0769e-06],
          [-1.5784e-05, -1.1037e-04, -9.8847e-05, -3.5683e-05, -3.5675e-05]],

         [[ 7.3632e-05,  2.7566e-05,  3.7959e-05, -1.2532e-04, -1.2758e-04],
          [ 6.8254e-05, -4.4015e-05,  4.8770e-05,  1.2953e-04,  7.0153e-05],
          [-1.3007e-04,  3.5866e-05, -8.3230e-05, -4.3703e-06,  8.9211e-05],
          [-2.8618e-04, -5.4211e-05, -2.7027e-06, -4.5529e-05,  1.6588e-04],
          [ 4.5629e-05,  1.9450e-05,  3.5824e-05, -3.7124e-05, -9.9899e-05]],

         [[ 1.1792e-04,  9.3911e-05, -4.6400e-06, -2.3172e-05, -1.1619e-04],
          [-1.3553e-06, -2.3142e-05,  1.2884e-04,  1.0242e-04, -9.0678e-05],
          [ 1.6076e-04,  2.2328e-05, -1.9182e-04, -2.3723e-05, -2.2659e-05],
          [-1.7444e-04, -1.4087e-04, -2.5988e-04,  2.4541e-07, -6.8221e-05],
          [ 1.6993e-06,  7.6845e-05, -1.3098e-04,  9.6469e-05, -7.9333e-05]]]],
       device='cuda:0', requires_grad=True)conv2.biasParameter containing:
tensor([-0.0157, -0.0097, -0.0050, -0.0047, -0.0045, -0.0070, -0.0155, -0.0038,
        -0.0044, -0.0100, -0.0058, -0.0077, -0.0073, -0.0210, -0.4627, -0.0125,
        -0.0108, -0.0063, -0.0035, -0.0043, -0.0037, -0.1389, -0.0197, -0.0125,
        -0.0122, -0.0090, -0.3550, -0.0040, -0.0088, -0.0147, -0.0049, -0.0033,
        -0.0135, -0.0089, -0.0035, -0.0059, -0.0084, -0.0032, -0.0069, -0.0033,
        -0.0207, -0.0041, -0.0197, -0.0116, -0.0031, -0.0101, -0.0063, -0.0143,
         0.0090, -0.0072], device='cuda:0', requires_grad=True)fc1.weightParameter containing:
tensor([[ 1.7979e-23, -6.5631e-23,  4.2935e-23,  ...,  1.6658e-31,
          2.0296e-30, -4.2029e-30],
        [ 7.2642e-41,  2.2002e-40,  1.4838e-40,  ...,  1.5898e-37,
         -2.4450e-41, -2.3994e-40],
        [-2.7377e-41, -1.6127e-40,  1.7348e-40,  ...,  7.5443e-41,
          7.3330e-42, -1.5613e-40],
        ...,
        [-3.6628e-23, -3.0700e-23,  7.8435e-24,  ..., -6.6735e-32,
         -7.7489e-32, -1.7627e-30],
        [ 1.8772e-41,  9.9582e-41, -3.3055e-41,  ..., -7.4147e-41,
          2.0146e-40, -1.5920e-41],
        [-1.2976e-23,  1.3535e-23,  4.9987e-23,  ..., -3.6452e-30,
          4.9840e-30,  1.3729e-30]], device='cuda:0', requires_grad=True)fc1.biasParameter containing:
tensor([-1.2105e-01,  2.2021e-30, -1.5668e-09,  1.6542e-02,  3.7040e-02,
         2.1975e-02,  1.1702e-02,  4.6543e-02, -1.9103e-17,  7.8704e-02,
        -3.5287e-09,  7.0427e-39,  6.7575e-06, -1.7080e-15, -3.1020e-08,
         9.9375e-02, -8.0204e-03, -1.9784e-12,  6.5767e-02,  6.8705e-02,
        -7.0752e-27, -2.6477e-02,  1.7101e-28, -2.3044e-02, -4.3631e-04,
        -4.0153e-18, -1.6408e-20, -1.3703e-27, -8.4704e-08, -1.4036e-06,
        -4.8836e-14, -5.1388e-02,  9.5621e-03, -3.5754e-04, -1.2410e-10,
        -1.3285e-14, -4.7041e-33, -1.2038e-13, -3.5673e-08,  6.0293e-02,
        -2.7598e-27, -5.3650e-12, -3.9819e-11,  8.9312e-38,  9.4052e-02,
        -1.8176e-04,  4.9765e-02, -1.5596e-21, -4.0625e-07, -9.7140e-22,
        -3.3863e-12,  5.5519e-42, -4.6359e-09,  1.6492e-02, -5.5366e-17,
        -4.7470e-11, -1.9559e-03, -1.5100e-07,  6.6575e-37,  2.4619e-02,
        -2.8009e-08, -8.3223e-42, -2.6223e-25,  1.0392e-02, -7.0090e-23,
         9.3206e-03, -2.1456e-04, -1.2471e-09,  5.5750e-02, -7.6419e-25,
        -2.5364e-04, -7.4059e-42,  3.1752e-02, -8.0751e-02, -3.2500e-11,
        -1.7820e-07, -5.3072e-04, -9.6170e-30,  1.3994e-01, -3.0081e-23,
        -6.9131e-03,  3.1427e-02, -6.3951e-18, -4.8178e-03, -8.6488e-11,
        -7.8360e-25, -2.9843e-02, -4.1192e-04, -9.8336e-04, -2.5929e-05,
         1.1619e-01, -1.1312e-02,  7.0373e-40, -2.6904e-08, -1.8010e-06,
        -3.9526e-04, -2.9651e-06,  3.7751e-42, -1.3554e-02, -1.3153e-29,
        -2.5028e-05, -3.4981e-26,  3.9503e-42, -1.1474e-27, -1.2808e-26,
        -7.1013e-29, -3.1262e-06, -3.2413e-33, -6.1573e-02, -3.7470e-09,
        -7.9182e-19, -1.1208e-02,  3.5412e-02,  6.4936e-02, -3.8888e-02,
        -1.4873e-02, -1.8879e-14, -6.4729e-21, -5.7869e-02, -8.5818e-03,
         7.0695e-04,  1.1032e-02, -2.8051e-05, -5.2889e-04,  1.0313e-02,
         1.1294e-02,  2.8995e-02,  1.8591e-02,  4.7022e-02,  6.7594e-02,
         1.0450e-02,  3.5582e-02,  1.2822e-42, -5.8930e-22, -5.8357e-11,
         2.7812e-02, -1.6017e-03,  1.0758e-03, -2.9714e-08, -1.2712e-14,
         6.5475e-02, -8.4420e-15, -4.2520e-02, -1.8211e-11,  2.7128e-02,
         6.7705e-02, -1.3158e-06,  9.7135e-29,  1.2365e-01, -1.5834e-07,
        -2.8033e-03, -5.4877e-05, -4.5464e-03, -6.5369e-03,  2.1276e-02,
        -1.1926e-02, -1.8269e-09, -4.6958e-42, -5.8568e-03,  8.0346e-02,
         1.1699e-01, -1.9100e-37, -8.6970e-03, -6.4439e-03,  4.9657e-02,
        -1.1132e-24, -1.1988e-14,  5.6030e-02, -2.7722e-10,  3.8425e-35,
         8.8396e-02, -8.1771e-04, -3.8469e-08, -2.6492e-32, -2.9181e-25,
         4.6818e-37, -4.1044e-16,  3.1549e-21, -2.2955e-22, -1.1314e-12,
         5.6976e-04, -6.3934e-07,  7.1315e-03,  6.0007e-02, -1.2542e-17,
        -4.9191e-11, -1.0763e-07, -1.0966e-09,  9.6343e-06,  4.8709e-03,
         3.1379e-02, -4.0386e-03, -2.7926e-25,  3.4316e-02,  9.8949e-39,
         8.0539e-02, -2.8708e-05, -2.1964e-33, -4.3177e-06, -2.8503e-09,
         8.1380e-34,  1.6971e-35, -7.0859e-03,  8.6610e-03, -5.6148e-09,
         1.6360e-02,  4.1719e-02, -4.9127e-08,  2.9210e-12, -1.0396e-41,
        -5.5204e-10,  3.6537e-36, -1.3394e-28,  8.9977e-02,  1.9352e-42,
         1.6384e-01, -1.2690e-24, -3.6585e-15, -2.6823e-02,  6.0947e-02,
        -3.3250e-07,  2.7800e-02, -2.8310e-06,  1.3387e-03, -8.2100e-09,
         1.2748e-02,  1.6428e-12,  4.8201e-11, -6.2688e-05, -3.0011e-10,
        -2.2839e-09, -2.5961e-06, -1.2803e-05, -4.3619e-26, -3.3054e-08,
         8.4448e-03,  3.4626e-02,  1.2795e-02,  5.6745e-03,  1.4841e-03,
        -9.0345e-13, -1.2165e-02,  4.5150e-42, -2.2437e-04, -2.2532e-05,
        -5.8476e-03, -2.4152e-06,  5.8366e-02,  7.4094e-02, -5.6681e-09,
        -2.0142e-09, -5.8087e-03, -1.2026e-02, -1.5043e-12,  3.4093e-02,
        -3.3117e-02, -3.2943e-09, -2.3724e-42, -1.1025e-08, -2.0482e-07,
        -3.0245e-03,  3.6162e-36,  7.2044e-03, -4.8172e-03, -1.2694e-14,
        -3.7365e-03,  7.5311e-02, -2.5111e-14, -1.5286e-05, -9.9163e-40,
        -4.9682e-09, -2.5104e-05, -2.0999e-02, -6.7848e-02,  2.1655e-02,
        -2.8032e-03, -8.0450e-02, -3.4876e-03,  1.9718e-02, -1.5337e-11,
        -3.3974e-09,  5.2914e-02, -3.2006e-26, -6.6483e-02, -4.7176e-02,
        -1.1136e-02, -1.6624e-03,  4.2520e-03, -1.9734e-16, -6.3491e-03,
        -4.6209e-03, -2.7013e-08, -3.4693e-03, -3.4802e-07,  8.4602e-02,
        -1.5710e-07,  5.9871e-02, -5.8714e-08,  1.0265e-41, -3.0213e-13,
        -6.2411e-02, -9.8627e-04,  1.3072e-20, -1.4569e-04, -4.5481e-06,
        -1.3549e-05, -2.5383e-05, -1.6518e-29,  2.3831e-02, -3.6234e-02,
        -1.0258e-03, -1.8909e-05, -5.3521e-06, -7.9586e-13, -2.7433e-02,
        -1.1545e-11, -1.7136e-05,  4.4990e-02, -1.0372e-09,  1.5843e-38,
        -2.6244e-07, -1.5835e-07, -7.7417e-20,  9.6275e-31, -1.3255e-07,
        -1.0476e-04, -4.9683e-03, -6.9309e-05, -2.1306e-27,  4.7761e-02,
         1.2170e-34, -1.5312e-02,  4.3756e-02, -2.4136e-04,  1.3907e-01,
        -7.9722e-08,  3.2952e-25,  1.1428e-02, -1.5784e-03, -3.0553e-05,
         6.4890e-02, -1.0434e-02,  1.1290e-04,  1.9052e-01, -5.6175e-09,
        -7.0752e-42, -8.1044e-08, -2.3629e-13, -6.8417e-22, -1.3197e-04,
        -3.7834e-02, -9.3067e-05,  4.1701e-02, -8.4013e-03, -1.6676e-38,
        -6.9491e-33, -4.3368e-03,  1.2937e-41,  3.3162e-31,  3.6892e-02,
        -3.6748e-41, -2.6766e-06, -2.0285e-23, -1.1228e-02, -5.3666e-16,
        -4.6880e-13, -1.2140e-37, -7.0142e-08,  1.5150e-38, -1.6155e-06,
         1.1780e-01, -1.1510e-03, -1.0468e-01, -1.7190e-38, -4.1896e-03,
        -3.4061e-02, -9.7452e-07, -2.2336e-01, -1.9603e-18,  3.9895e-42,
        -1.1502e-23, -3.8150e-03, -4.7389e-08, -4.7278e-06,  5.4480e-02,
        -1.1244e-19, -3.2004e-21,  1.2264e-02,  3.6804e-03, -2.1519e-05,
         1.0435e-41,  8.3990e-03, -5.3594e-07, -5.9922e-15, -3.2045e-22,
         8.1633e-03,  5.5842e-42, -4.4139e-10, -6.4524e-08, -2.0444e-02,
         8.8016e-42, -7.5458e-17,  1.9000e-02, -2.7121e-03, -6.2548e-20,
        -7.9213e-24, -1.0034e-12, -3.0132e-08,  1.9531e-04, -3.6463e-08,
        -3.4794e-42, -1.6500e-36,  5.6114e-02,  7.2993e-04,  4.4255e-02,
         7.8648e-02, -9.8760e-08,  8.0280e-42, -3.6885e-31,  2.3486e-03,
        -1.1608e-27, -1.0363e-02, -5.7858e-04, -2.7411e-06,  7.7094e-24,
         1.2829e-02, -1.5603e-06, -7.2660e-28,  9.9683e-03, -1.2455e-01,
        -1.7342e-09, -3.0840e-02, -1.5505e-25, -3.0146e-07,  4.8079e-02,
        -9.9425e-11, -2.9664e-29, -9.5850e-03, -9.6658e-21, -1.4943e-02,
        -2.2158e-22, -2.6216e-21,  1.5544e-01, -2.2408e-04, -7.8735e-22,
         3.8293e-03, -7.5546e-10, -9.8021e-07,  2.1266e-30, -2.4385e-07,
         4.5950e-03,  1.4571e-02, -4.3901e-05, -8.2506e-22,  2.9160e-38,
         9.1720e-02, -2.7430e-04, -2.1254e-14, -6.6782e-03, -2.9863e-02,
        -3.9957e-09,  2.5661e-02, -6.4688e-23, -1.0139e-01,  9.3817e-42,
        -9.3387e-07,  4.3387e-39, -2.7399e-22, -4.5963e-42, -7.7174e-12,
        -1.1721e-11, -1.2858e-03, -1.8283e-05,  1.2389e-41, -7.1548e-06,
         7.5621e-40, -6.4050e-03,  5.1448e-02, -4.8605e-06,  3.4234e-42,
        -6.6616e-22, -1.7017e-19, -2.1773e-02, -4.9598e-04, -1.4532e-10,
        -3.5313e-10,  2.4367e-02, -1.4110e-02, -8.2845e-42, -4.1301e-07,
        -7.0749e-16, -4.0781e-05, -6.1148e-03, -1.7279e-21, -1.9324e-02,
        -1.2410e-06, -3.2089e-03,  6.2943e-03,  5.7930e-30,  2.9267e-03],
       device='cuda:0', requires_grad=True)fc2.weightParameter containing:
tensor([[-4.0517e-01, -2.0975e-08, -4.0828e-03,  ...,  2.1006e-01,
          5.5522e-05,  5.9247e-02],
        [ 1.1178e-01,  6.1417e-09, -4.9590e-03,  ..., -4.4818e-02,
         -2.7137e-07, -1.2423e-01],
        [-1.1084e-02, -1.5408e-06,  6.1134e-03,  ..., -7.5288e-02,
         -1.3681e-05, -7.5096e-02],
        ...,
        [-4.7197e-02, -1.5332e-05, -5.6580e-04,  ..., -7.0893e-02,
          4.8426e-05,  1.3221e-01],
        [-5.9861e-01,  2.7682e-05,  1.6046e-03,  ..., -2.3884e-01,
         -8.3935e-04,  1.3186e-01],
        [ 3.2253e-01,  6.4920e-06, -1.1525e-02,  ..., -6.1372e-03,
          2.1219e-04,  1.6428e-01]], device='cuda:0', requires_grad=True)fc2.biasParameter containing:
tensor([-0.0087, -0.0418, -0.0556, -0.1115, -0.0072, -0.0147,  0.0195, -0.0882,
         0.3079, -0.0062], device='cuda:0', requires_grad=True)