conv1.weightParameter containing:
tensor([[[[ 0.0000e+00,  0.0000e+00,  0.0000e+00,  0.0000e+00,  0.0000e+00],
          [ 0.0000e+00,  0.0000e+00,  0.0000e+00,  0.0000e+00,  0.0000e+00],
          [ 0.0000e+00,  0.0000e+00,  0.0000e+00,  0.0000e+00,  0.0000e+00],
          [ 0.0000e+00,  0.0000e+00,  0.0000e+00,  0.0000e+00,  0.0000e+00],
          [ 0.0000e+00,  0.0000e+00,  0.0000e+00,  0.0000e+00,  0.0000e+00]]],


        [[[ 0.0000e+00,  0.0000e+00,  0.0000e+00,  0.0000e+00,  0.0000e+00],
          [ 0.0000e+00,  0.0000e+00,  0.0000e+00,  0.0000e+00,  0.0000e+00],
          [ 0.0000e+00,  0.0000e+00,  0.0000e+00,  0.0000e+00,  0.0000e+00],
          [ 0.0000e+00,  0.0000e+00,  0.0000e+00,  0.0000e+00,  0.0000e+00],
          [ 0.0000e+00,  0.0000e+00,  0.0000e+00,  0.0000e+00,  0.0000e+00]]],


        [[[ 0.0000e+00,  0.0000e+00,  0.0000e+00,  0.0000e+00,  0.0000e+00],
          [ 0.0000e+00,  0.0000e+00,  0.0000e+00,  0.0000e+00,  0.0000e+00],
          [ 0.0000e+00,  0.0000e+00,  0.0000e+00,  0.0000e+00,  0.0000e+00],
          [ 0.0000e+00,  0.0000e+00,  0.0000e+00,  0.0000e+00,  0.0000e+00],
          [ 0.0000e+00,  0.0000e+00,  0.0000e+00,  0.0000e+00,  0.0000e+00]]],


        [[[-1.0532e-03,  2.5567e-04,  7.5874e-04,  1.2943e-03,  6.6587e-04],
          [ 1.7113e-03,  2.3825e-03,  3.0392e-03,  3.7942e-03,  9.4140e-04],
          [ 1.6585e-01,  9.1495e-01,  8.5437e-01,  1.0230e-01,  3.7433e-03],
          [ 1.0191e-01,  1.7383e+00,  2.1114e+00,  8.5645e-01,  3.2262e-03],
          [-1.9652e-04,  6.8712e-01,  1.2241e+00,  6.2692e-01,  0.0000e+00]]],


        [[[ 0.0000e+00,  0.0000e+00,  0.0000e+00,  0.0000e+00,  0.0000e+00],
          [ 0.0000e+00,  0.0000e+00,  0.0000e+00,  0.0000e+00,  0.0000e+00],
          [ 0.0000e+00,  0.0000e+00,  0.0000e+00,  0.0000e+00,  0.0000e+00],
          [ 0.0000e+00,  0.0000e+00,  0.0000e+00,  0.0000e+00,  0.0000e+00],
          [ 0.0000e+00,  0.0000e+00,  0.0000e+00,  0.0000e+00,  0.0000e+00]]],


        [[[ 0.0000e+00,  0.0000e+00,  0.0000e+00,  0.0000e+00,  0.0000e+00],
          [ 0.0000e+00,  0.0000e+00,  0.0000e+00,  0.0000e+00,  0.0000e+00],
          [ 0.0000e+00,  0.0000e+00,  0.0000e+00,  0.0000e+00,  0.0000e+00],
          [ 0.0000e+00,  0.0000e+00,  0.0000e+00,  0.0000e+00,  0.0000e+00],
          [ 0.0000e+00,  0.0000e+00,  0.0000e+00,  0.0000e+00,  0.0000e+00]]],


        [[[ 0.0000e+00,  0.0000e+00,  0.0000e+00,  0.0000e+00,  0.0000e+00],
          [ 0.0000e+00,  0.0000e+00,  0.0000e+00,  0.0000e+00,  0.0000e+00],
          [ 0.0000e+00,  0.0000e+00,  0.0000e+00,  0.0000e+00,  0.0000e+00],
          [ 0.0000e+00,  0.0000e+00,  0.0000e+00,  0.0000e+00,  0.0000e+00],
          [ 0.0000e+00,  0.0000e+00,  0.0000e+00,  0.0000e+00,  0.0000e+00]]],


        [[[ 0.0000e+00,  0.0000e+00,  0.0000e+00,  0.0000e+00,  0.0000e+00],
          [ 0.0000e+00,  0.0000e+00,  0.0000e+00,  0.0000e+00,  0.0000e+00],
          [ 0.0000e+00,  0.0000e+00,  0.0000e+00,  0.0000e+00,  0.0000e+00],
          [ 0.0000e+00,  0.0000e+00,  0.0000e+00,  0.0000e+00,  0.0000e+00],
          [ 0.0000e+00,  0.0000e+00,  0.0000e+00,  0.0000e+00,  0.0000e+00]]],


        [[[ 0.0000e+00,  0.0000e+00,  0.0000e+00,  0.0000e+00,  0.0000e+00],
          [ 0.0000e+00,  0.0000e+00,  0.0000e+00,  0.0000e+00,  0.0000e+00],
          [ 0.0000e+00,  0.0000e+00,  0.0000e+00,  0.0000e+00,  0.0000e+00],
          [ 0.0000e+00,  0.0000e+00,  0.0000e+00,  0.0000e+00,  0.0000e+00],
          [ 0.0000e+00,  0.0000e+00,  0.0000e+00,  0.0000e+00,  0.0000e+00]]],


        [[[ 0.0000e+00,  0.0000e+00,  0.0000e+00,  0.0000e+00,  0.0000e+00],
          [ 0.0000e+00,  0.0000e+00,  0.0000e+00,  0.0000e+00,  0.0000e+00],
          [ 0.0000e+00,  0.0000e+00,  0.0000e+00,  0.0000e+00,  0.0000e+00],
          [ 0.0000e+00,  0.0000e+00,  0.0000e+00,  0.0000e+00,  0.0000e+00],
          [ 0.0000e+00,  0.0000e+00,  0.0000e+00,  0.0000e+00,  0.0000e+00]]],


        [[[ 0.0000e+00,  0.0000e+00,  0.0000e+00,  0.0000e+00,  0.0000e+00],
          [ 0.0000e+00,  0.0000e+00,  0.0000e+00,  0.0000e+00,  0.0000e+00],
          [ 0.0000e+00,  0.0000e+00,  0.0000e+00,  0.0000e+00,  0.0000e+00],
          [ 0.0000e+00,  0.0000e+00,  0.0000e+00,  0.0000e+00,  0.0000e+00],
          [ 0.0000e+00,  0.0000e+00,  0.0000e+00,  0.0000e+00,  0.0000e+00]]],


        [[[ 0.0000e+00,  0.0000e+00,  0.0000e+00,  0.0000e+00,  0.0000e+00],
          [ 0.0000e+00,  0.0000e+00,  0.0000e+00,  0.0000e+00,  0.0000e+00],
          [ 0.0000e+00,  0.0000e+00,  0.0000e+00,  0.0000e+00,  0.0000e+00],
          [ 0.0000e+00,  0.0000e+00,  0.0000e+00,  0.0000e+00,  0.0000e+00],
          [ 0.0000e+00,  0.0000e+00,  0.0000e+00,  0.0000e+00,  0.0000e+00]]],


        [[[ 0.0000e+00,  0.0000e+00,  0.0000e+00,  0.0000e+00,  0.0000e+00],
          [ 0.0000e+00,  0.0000e+00,  0.0000e+00,  0.0000e+00,  0.0000e+00],
          [ 0.0000e+00,  0.0000e+00,  0.0000e+00,  0.0000e+00,  0.0000e+00],
          [ 0.0000e+00,  0.0000e+00,  0.0000e+00,  0.0000e+00,  0.0000e+00],
          [ 0.0000e+00,  0.0000e+00,  0.0000e+00,  0.0000e+00,  0.0000e+00]]],


        [[[ 0.0000e+00,  0.0000e+00,  0.0000e+00,  0.0000e+00,  0.0000e+00],
          [ 0.0000e+00,  0.0000e+00,  0.0000e+00,  0.0000e+00,  0.0000e+00],
          [ 0.0000e+00,  0.0000e+00,  0.0000e+00,  0.0000e+00,  0.0000e+00],
          [ 0.0000e+00,  0.0000e+00,  0.0000e+00,  0.0000e+00,  0.0000e+00],
          [ 0.0000e+00,  0.0000e+00,  0.0000e+00,  0.0000e+00,  0.0000e+00]]],


        [[[ 5.3511e-04, -1.6058e-04, -4.6427e-04,  1.5025e-01,  2.8687e-01],
          [-1.0381e-04,  3.4410e-01,  3.7859e-01,  1.6179e-01, -4.5305e-04],
          [-9.5136e-04, -1.3024e-03, -1.1282e-03, -1.0683e-03, -7.7269e-04],
          [-8.2208e-04, -1.1934e-02, -2.1507e-01, -3.0811e-01, -1.0789e-01],
          [-2.7500e-04, -1.3280e-01, -1.0285e-03, -1.0695e-03, -5.9857e-04]]],


        [[[ 0.0000e+00,  0.0000e+00,  0.0000e+00,  0.0000e+00,  0.0000e+00],
          [ 0.0000e+00,  0.0000e+00,  0.0000e+00,  0.0000e+00,  0.0000e+00],
          [ 0.0000e+00,  0.0000e+00,  0.0000e+00,  0.0000e+00,  0.0000e+00],
          [ 0.0000e+00,  0.0000e+00,  0.0000e+00,  0.0000e+00,  0.0000e+00],
          [ 0.0000e+00,  0.0000e+00,  0.0000e+00,  0.0000e+00,  0.0000e+00]]],


        [[[ 0.0000e+00,  0.0000e+00,  0.0000e+00,  0.0000e+00,  0.0000e+00],
          [ 0.0000e+00,  0.0000e+00,  0.0000e+00,  0.0000e+00,  0.0000e+00],
          [ 0.0000e+00,  0.0000e+00,  0.0000e+00,  0.0000e+00,  0.0000e+00],
          [ 0.0000e+00,  0.0000e+00,  0.0000e+00,  0.0000e+00,  0.0000e+00],
          [ 0.0000e+00,  0.0000e+00,  0.0000e+00,  0.0000e+00,  0.0000e+00]]],


        [[[ 0.0000e+00,  0.0000e+00,  0.0000e+00,  0.0000e+00,  0.0000e+00],
          [ 0.0000e+00,  0.0000e+00,  0.0000e+00,  0.0000e+00,  0.0000e+00],
          [ 0.0000e+00,  0.0000e+00,  0.0000e+00,  0.0000e+00,  0.0000e+00],
          [ 0.0000e+00,  0.0000e+00,  0.0000e+00,  0.0000e+00,  0.0000e+00],
          [ 0.0000e+00,  0.0000e+00,  0.0000e+00,  0.0000e+00,  0.0000e+00]]],


        [[[ 0.0000e+00,  0.0000e+00,  0.0000e+00,  0.0000e+00,  0.0000e+00],
          [ 0.0000e+00,  0.0000e+00,  0.0000e+00,  0.0000e+00,  0.0000e+00],
          [ 0.0000e+00,  0.0000e+00,  0.0000e+00,  0.0000e+00,  0.0000e+00],
          [ 0.0000e+00,  0.0000e+00,  0.0000e+00,  0.0000e+00,  0.0000e+00],
          [ 0.0000e+00,  0.0000e+00,  0.0000e+00,  0.0000e+00,  0.0000e+00]]],


        [[[ 0.0000e+00,  0.0000e+00,  0.0000e+00,  0.0000e+00,  0.0000e+00],
          [ 0.0000e+00,  0.0000e+00,  0.0000e+00,  0.0000e+00,  0.0000e+00],
          [ 0.0000e+00,  0.0000e+00,  0.0000e+00,  0.0000e+00,  0.0000e+00],
          [ 0.0000e+00,  0.0000e+00,  0.0000e+00,  0.0000e+00,  0.0000e+00],
          [ 0.0000e+00,  0.0000e+00,  0.0000e+00,  0.0000e+00,  0.0000e+00]]]],
       device='cuda:0', requires_grad=True)conv1.biasParameter containing:
tensor([-0.0009,  0.0013, -0.0008,  0.0020, -0.0006, -0.0006, -0.0006,  0.0006,
        -0.0006,  0.0049, -0.0012, -0.0004, -0.0004,  0.0023,  0.0743, -0.0011,
         0.0036, -0.0010,  0.0015, -0.0003], device='cuda:0',
       requires_grad=True)conv2.weightParameter containing:
tensor([[[[ 0.0000,  0.0000,  0.0000,  0.0000,  0.0000],
          [ 0.0000,  0.0000,  0.0000,  0.0000,  0.0000],
          [ 0.0000,  0.0000,  0.0000,  0.0000,  0.0000],
          [ 0.0000,  0.0000,  0.0000,  0.0000,  0.0000],
          [ 0.0000,  0.0000,  0.0000,  0.0000,  0.0000]],

         [[ 0.0000,  0.0000,  0.0000,  0.0000,  0.0000],
          [ 0.0000,  0.0000,  0.0000,  0.0000,  0.0000],
          [ 0.0000,  0.0000,  0.0000,  0.0000,  0.0000],
          [ 0.0000,  0.0000,  0.0000,  0.0000,  0.0000],
          [ 0.0000,  0.0000,  0.0000,  0.0000,  0.0000]],

         [[ 0.0000,  0.0000,  0.0000,  0.0000,  0.0000],
          [ 0.0000,  0.0000,  0.0000,  0.0000,  0.0000],
          [ 0.0000,  0.0000,  0.0000,  0.0000,  0.0000],
          [ 0.0000,  0.0000,  0.0000,  0.0000,  0.0000],
          [ 0.0000,  0.0000,  0.0000,  0.0000,  0.0000]],

         ...,

         [[ 0.0000,  0.0000,  0.0000,  0.0000,  0.0000],
          [ 0.0000,  0.0000,  0.0000,  0.0000,  0.0000],
          [ 0.0000,  0.0000,  0.0000,  0.0000,  0.0000],
          [ 0.0000,  0.0000,  0.0000,  0.0000,  0.0000],
          [ 0.0000,  0.0000,  0.0000,  0.0000,  0.0000]],

         [[ 0.0000,  0.0000,  0.0000,  0.0000,  0.0000],
          [ 0.0000,  0.0000,  0.0000,  0.0000,  0.0000],
          [ 0.0000,  0.0000,  0.0000,  0.0000,  0.0000],
          [ 0.0000,  0.0000,  0.0000,  0.0000,  0.0000],
          [ 0.0000,  0.0000,  0.0000,  0.0000,  0.0000]],

         [[ 0.0000,  0.0000,  0.0000,  0.0000,  0.0000],
          [ 0.0000,  0.0000,  0.0000,  0.0000,  0.0000],
          [ 0.0000,  0.0000,  0.0000,  0.0000,  0.0000],
          [ 0.0000,  0.0000,  0.0000,  0.0000,  0.0000],
          [ 0.0000,  0.0000,  0.0000,  0.0000,  0.0000]]],


        [[[ 0.0000,  0.0000,  0.0000,  0.0000,  0.0000],
          [ 0.0000,  0.0000,  0.0000,  0.0000,  0.0000],
          [ 0.0000,  0.0000,  0.0000,  0.0000,  0.0000],
          [ 0.0000,  0.0000,  0.0000,  0.0000,  0.0000],
          [ 0.0000,  0.0000,  0.0000,  0.0000,  0.0000]],

         [[ 0.0000,  0.0000,  0.0000,  0.0000,  0.0000],
          [ 0.0000,  0.0000,  0.0000,  0.0000,  0.0000],
          [ 0.0000,  0.0000,  0.0000,  0.0000,  0.0000],
          [ 0.0000,  0.0000,  0.0000,  0.0000,  0.0000],
          [ 0.0000,  0.0000,  0.0000,  0.0000,  0.0000]],

         [[ 0.0000,  0.0000,  0.0000,  0.0000,  0.0000],
          [ 0.0000,  0.0000,  0.0000,  0.0000,  0.0000],
          [ 0.0000,  0.0000,  0.0000,  0.0000,  0.0000],
          [ 0.0000,  0.0000,  0.0000,  0.0000,  0.0000],
          [ 0.0000,  0.0000,  0.0000,  0.0000,  0.0000]],

         ...,

         [[ 0.0000,  0.0000,  0.0000,  0.0000,  0.0000],
          [ 0.0000,  0.0000,  0.0000,  0.0000,  0.0000],
          [ 0.0000,  0.0000,  0.0000,  0.0000,  0.0000],
          [ 0.0000,  0.0000,  0.0000,  0.0000,  0.0000],
          [ 0.0000,  0.0000,  0.0000,  0.0000,  0.0000]],

         [[ 0.0000,  0.0000,  0.0000,  0.0000,  0.0000],
          [ 0.0000,  0.0000,  0.0000,  0.0000,  0.0000],
          [ 0.0000,  0.0000,  0.0000,  0.0000,  0.0000],
          [ 0.0000,  0.0000,  0.0000,  0.0000,  0.0000],
          [ 0.0000,  0.0000,  0.0000,  0.0000,  0.0000]],

         [[ 0.0000,  0.0000,  0.0000,  0.0000,  0.0000],
          [ 0.0000,  0.0000,  0.0000,  0.0000,  0.0000],
          [ 0.0000,  0.0000,  0.0000,  0.0000,  0.0000],
          [ 0.0000,  0.0000,  0.0000,  0.0000,  0.0000],
          [ 0.0000,  0.0000,  0.0000,  0.0000,  0.0000]]],


        [[[ 0.0000,  0.0001,  0.0000, -0.0001,  0.0000],
          [ 0.0000,  0.0000,  0.0000,  0.0000,  0.0000],
          [ 0.0000,  0.0000,  0.0000,  0.0000,  0.0001],
          [ 0.0000, -0.0002,  0.0000,  0.0000, -0.0002],
          [ 0.0000, -0.0001,  0.0000, -0.0002,  0.0001]],

         [[ 0.0000,  0.0000,  0.0000,  0.0001,  0.0000],
          [ 0.0000,  0.0000,  0.0000,  0.0000,  0.0002],
          [ 0.0000,  0.0000,  0.0000,  0.0000,  0.0000],
          [ 0.0001,  0.0000, -0.0001,  0.0000,  0.0000],
          [ 0.0000,  0.0001,  0.0000,  0.0000,  0.0000]],

         [[ 0.0000,  0.0000,  0.0000, -0.0002,  0.0000],
          [ 0.0000,  0.0000,  0.0000,  0.0000,  0.0000],
          [ 0.0000,  0.0000,  0.0000,  0.0000,  0.0000],
          [ 0.0000,  0.0000,  0.0000,  0.0000,  0.0001],
          [ 0.0001,  0.0000,  0.0000,  0.0000, -0.0001]],

         ...,

         [[ 0.0000,  0.0000,  0.0000,  0.0000, -0.0001],
          [ 0.0000, -0.0001,  0.0000,  0.0002, -0.0002],
          [ 0.0000, -0.0001,  0.0000,  0.0000,  0.0001],
          [ 0.0000,  0.0000,  0.0000,  0.0000,  0.0000],
          [ 0.0000, -0.0002,  0.0000,  0.0000,  0.0000]],

         [[ 0.0001,  0.0000,  0.0000,  0.0000,  0.0000],
          [ 0.0000,  0.0000,  0.0001,  0.0000,  0.0000],
          [ 0.0000,  0.0000,  0.0000,  0.0000,  0.0000],
          [ 0.0000,  0.0001,  0.0000,  0.0000,  0.0000],
          [ 0.0000,  0.0000,  0.0000,  0.0002,  0.0000]],

         [[ 0.0002,  0.0000,  0.0000,  0.0000,  0.0001],
          [-0.0001,  0.0000,  0.0000,  0.0000,  0.0000],
          [ 0.0000,  0.0001,  0.0000,  0.0000,  0.0000],
          [ 0.0000,  0.0000,  0.0000, -0.0001,  0.0000],
          [ 0.0000,  0.0000,  0.0000,  0.0000,  0.0000]]],


        ...,


        [[[ 0.0000,  0.0000,  0.0000,  0.0000,  0.0000],
          [ 0.0000,  0.0000,  0.0000,  0.0000,  0.0000],
          [ 0.0000,  0.0000,  0.0000,  0.0000,  0.0000],
          [ 0.0000,  0.0000,  0.0000,  0.0000,  0.0000],
          [ 0.0000,  0.0000,  0.0000,  0.0000,  0.0000]],

         [[ 0.0000,  0.0000,  0.0000,  0.0000,  0.0000],
          [ 0.0000,  0.0000,  0.0000,  0.0000,  0.0000],
          [ 0.0000,  0.0000,  0.0000,  0.0000,  0.0000],
          [ 0.0000,  0.0000,  0.0000,  0.0000,  0.0000],
          [ 0.0000,  0.0000,  0.0000,  0.0000,  0.0000]],

         [[ 0.0000,  0.0000,  0.0000,  0.0000,  0.0000],
          [ 0.0000,  0.0000,  0.0000,  0.0000,  0.0000],
          [ 0.0000,  0.0000,  0.0000,  0.0000,  0.0000],
          [ 0.0000,  0.0000,  0.0000,  0.0000,  0.0000],
          [ 0.0000,  0.0000,  0.0000,  0.0000,  0.0000]],

         ...,

         [[ 0.0000,  0.0000,  0.0000,  0.0000,  0.0000],
          [ 0.0000,  0.0000,  0.0000,  0.0000,  0.0000],
          [ 0.0000,  0.0000,  0.0000,  0.0000,  0.0000],
          [ 0.0000,  0.0000,  0.0000,  0.0000,  0.0000],
          [ 0.0000,  0.0000,  0.0000,  0.0000,  0.0000]],

         [[ 0.0000,  0.0000,  0.0000,  0.0000,  0.0000],
          [ 0.0000,  0.0000,  0.0000,  0.0000,  0.0000],
          [ 0.0000,  0.0000,  0.0000,  0.0000,  0.0000],
          [ 0.0000,  0.0000,  0.0000,  0.0000,  0.0000],
          [ 0.0000,  0.0000,  0.0000,  0.0000,  0.0000]],

         [[ 0.0000,  0.0000,  0.0000,  0.0000,  0.0000],
          [ 0.0000,  0.0000,  0.0000,  0.0000,  0.0000],
          [ 0.0000,  0.0000,  0.0000,  0.0000,  0.0000],
          [ 0.0000,  0.0000,  0.0000,  0.0000,  0.0000],
          [ 0.0000,  0.0000,  0.0000,  0.0000,  0.0000]]],


        [[[ 0.0000,  0.0000,  0.0000,  0.0000,  0.0000],
          [ 0.0000,  0.0000,  0.0000,  0.0000,  0.0000],
          [ 0.0000,  0.0000,  0.0000,  0.0000,  0.0000],
          [ 0.0000,  0.0000,  0.0000,  0.0000,  0.0000],
          [ 0.0000,  0.0000,  0.0000,  0.0000,  0.0000]],

         [[ 0.0000,  0.0000,  0.0000,  0.0000,  0.0000],
          [ 0.0000,  0.0000,  0.0000,  0.0000,  0.0000],
          [ 0.0000,  0.0000,  0.0000,  0.0000,  0.0000],
          [ 0.0000,  0.0000,  0.0000,  0.0000,  0.0000],
          [ 0.0000,  0.0000,  0.0000,  0.0000,  0.0000]],

         [[ 0.0000,  0.0000,  0.0000,  0.0000,  0.0000],
          [ 0.0000,  0.0000,  0.0000,  0.0000,  0.0000],
          [ 0.0000,  0.0000,  0.0000,  0.0000,  0.0000],
          [ 0.0000,  0.0000,  0.0000,  0.0000,  0.0000],
          [ 0.0000,  0.0000,  0.0000,  0.0000,  0.0000]],

         ...,

         [[ 0.0000,  0.0000,  0.0000,  0.0000,  0.0000],
          [ 0.0000,  0.0000,  0.0000,  0.0000,  0.0000],
          [ 0.0000,  0.0000,  0.0000,  0.0000,  0.0000],
          [ 0.0000,  0.0000,  0.0000,  0.0000,  0.0000],
          [ 0.0000,  0.0000,  0.0000,  0.0000,  0.0000]],

         [[ 0.0000,  0.0000,  0.0000,  0.0000,  0.0000],
          [ 0.0000,  0.0000,  0.0000,  0.0000,  0.0000],
          [ 0.0000,  0.0000,  0.0000,  0.0000,  0.0000],
          [ 0.0000,  0.0000,  0.0000,  0.0000,  0.0000],
          [ 0.0000,  0.0000,  0.0000,  0.0000,  0.0000]],

         [[ 0.0000,  0.0000,  0.0000,  0.0000,  0.0000],
          [ 0.0000,  0.0000,  0.0000,  0.0000,  0.0000],
          [ 0.0000,  0.0000,  0.0000,  0.0000,  0.0000],
          [ 0.0000,  0.0000,  0.0000,  0.0000,  0.0000],
          [ 0.0000,  0.0000,  0.0000,  0.0000,  0.0000]]],


        [[[ 0.0000,  0.0000,  0.0000,  0.0000,  0.0000],
          [ 0.0000,  0.0000,  0.0000,  0.0000,  0.0000],
          [ 0.0000,  0.0000,  0.0000,  0.0000,  0.0000],
          [ 0.0000,  0.0000,  0.0000,  0.0000,  0.0000],
          [ 0.0000,  0.0000,  0.0000,  0.0000,  0.0000]],

         [[ 0.0000,  0.0000,  0.0000,  0.0000,  0.0000],
          [ 0.0000,  0.0000,  0.0000,  0.0000,  0.0000],
          [ 0.0000,  0.0000,  0.0000,  0.0000,  0.0000],
          [ 0.0000,  0.0000,  0.0000,  0.0000,  0.0000],
          [ 0.0000,  0.0000,  0.0000,  0.0000,  0.0000]],

         [[ 0.0000,  0.0000,  0.0000,  0.0000,  0.0000],
          [ 0.0000,  0.0000,  0.0000,  0.0000,  0.0000],
          [ 0.0000,  0.0000,  0.0000,  0.0000,  0.0000],
          [ 0.0000,  0.0000,  0.0000,  0.0000,  0.0000],
          [ 0.0000,  0.0000,  0.0000,  0.0000,  0.0000]],

         ...,

         [[ 0.0000,  0.0000,  0.0000,  0.0000,  0.0000],
          [ 0.0000,  0.0000,  0.0000,  0.0000,  0.0000],
          [ 0.0000,  0.0000,  0.0000,  0.0000,  0.0000],
          [ 0.0000,  0.0000,  0.0000,  0.0000,  0.0000],
          [ 0.0000,  0.0000,  0.0000,  0.0000,  0.0000]],

         [[ 0.0000,  0.0000,  0.0000,  0.0000,  0.0000],
          [ 0.0000,  0.0000,  0.0000,  0.0000,  0.0000],
          [ 0.0000,  0.0000,  0.0000,  0.0000,  0.0000],
          [ 0.0000,  0.0000,  0.0000,  0.0000,  0.0000],
          [ 0.0000,  0.0000,  0.0000,  0.0000,  0.0000]],

         [[ 0.0000,  0.0000,  0.0000,  0.0000,  0.0000],
          [ 0.0000,  0.0000,  0.0000,  0.0000,  0.0000],
          [ 0.0000,  0.0000,  0.0000,  0.0000,  0.0000],
          [ 0.0000,  0.0000,  0.0000,  0.0000,  0.0000],
          [ 0.0000,  0.0000,  0.0000,  0.0000,  0.0000]]]], device='cuda:0',
       requires_grad=True)conv2.biasParameter containing:
tensor([-0.0057, -0.0107, -0.0234, -0.0065, -0.0063, -0.0148, -0.0060, -0.0038,
        -0.0069, -0.0024, -0.0167, -0.0276, -0.0066, -0.0038, -0.1918,  0.0147,
        -0.0324, -0.0068, -0.0066, -0.0110, -0.0151, -0.3678, -0.0030, -0.0075,
        -0.4028, -0.0221, -0.0056, -0.0084, -0.0043, -0.0062, -0.0075, -0.3435,
        -0.0195, -0.0165, -0.0056, -0.0053, -0.0137, -0.1397, -0.0234, -0.0860,
        -0.0063, -0.0202, -0.0034, -0.0047, -0.0060, -0.0042, -0.0068, -0.0067,
        -0.0199, -0.0148], device='cuda:0', requires_grad=True)fc1.weightParameter containing:
tensor([[0., 0., 0.,  ..., 0., 0., 0.],
        [0., 0., 0.,  ..., 0., 0., 0.],
        [0., 0., 0.,  ..., 0., 0., 0.],
        ...,
        [0., 0., 0.,  ..., 0., 0., 0.],
        [0., 0., 0.,  ..., 0., 0., 0.],
        [0., 0., 0.,  ..., 0., 0., 0.]], requires_grad=True)fc1.biasParameter containing:
tensor([-3.8707e-02,  6.6029e-31, -5.5996e-42, -1.9708e-02,  4.6494e-02,
        -1.9492e-02, -1.0634e-33, -2.1104e-11, -5.7571e-03, -1.4314e-09,
        -7.0729e-03, -7.0038e-03,  2.1263e-03,  1.3761e-04, -1.9541e-04,
        -1.6849e-03,  9.5451e-28, -6.0256e-43, -1.6225e-06,  4.3970e-02,
         3.6462e-42, -2.9991e-03, -3.4216e-03, -1.8263e-10,  1.0489e-02,
        -1.0372e-05, -3.2902e-42,  3.4238e-02, -7.5462e-15, -2.9745e-08,
        -1.2841e-19, -9.0040e-04,  3.4252e-03,  8.3742e-05, -5.9185e-27,
        -3.0789e-09,  3.4366e-18,  8.3214e-03, -1.0830e-27,  7.3343e-03,
         1.3656e-24, -2.6934e-12,  1.2856e-41,  5.3810e-43, -9.8941e-04,
        -4.4639e-06, -9.3343e-03,  1.6189e-31, -8.0967e-42,  1.6321e-19,
        -4.5122e-43, -5.5286e-11,  2.7274e-22,  5.2528e-37, -1.0997e-02,
         1.0775e-01, -2.6602e-03, -1.1040e-11, -3.2826e-39, -1.6984e-42,
         3.1838e-41, -1.4630e-42, -1.8998e-08,  1.0176e-35,  1.9670e-03,
        -3.6163e-02, -6.0261e-05,  1.3045e-41,  2.8630e-02, -5.9149e-42,
        -8.8499e-34, -4.0161e-42,  1.5119e-02,  4.3315e-12, -4.7104e-12,
         4.0155e-30,  1.2916e-02, -6.9150e-10,  3.1547e-02, -1.2058e-34,
        -2.3441e-05,  7.1564e-42,  2.1666e-17,  1.2043e-04, -1.8826e-04,
         1.3248e-41,  4.0467e-03, -3.9263e-29, -9.4494e-03,  5.7557e-33,
         1.0323e-01, -2.9022e-05,  4.8751e-42, -3.7573e-03, -6.1373e-03,
        -4.8457e-42,  2.0345e-22, -1.8037e-14, -3.6294e-42, -5.7867e-28,
         2.4152e-03, -2.3042e-02, -6.2469e-03, -1.5251e-07, -3.2995e-03,
        -1.5510e-08,  4.9879e-14, -7.4739e-06, -4.1593e-02, -1.1152e-41,
        -2.1244e-42,  1.0647e-03,  2.4649e-42, -6.0217e-06, -7.0629e-02,
        -2.2316e-05,  5.9804e-03, -9.9916e-08, -4.6611e-02, -2.8732e-02,
         1.2004e-41, -6.2778e-43, -1.3694e-07, -3.4052e-43,  1.7186e-02,
        -2.3407e-04, -1.6739e-05, -1.0978e-41,  1.9908e-37,  2.7598e-06,
        -4.3041e-24, -1.4586e-04, -1.0586e-06,  2.3079e-42,  3.9197e-02,
         1.1039e-02,  2.2337e-39, -2.8484e-08, -5.7207e-05, -2.2958e-10,
         3.9844e-02, -8.3952e-42, -4.8297e-03, -2.1856e-17, -1.2890e-13,
         4.0896e-02, -0.0000e+00,  3.0128e-07,  4.3470e-02, -1.1773e-28,
        -3.7811e-11, -1.8837e-03, -3.3113e-03, -2.7000e-05, -6.4432e-42,
        -2.2751e-03, -5.0822e-41,  1.1341e-41, -2.4343e-11, -2.9545e-09,
        -1.2872e-03,  3.7725e-39, -8.6536e-19,  7.8989e-03,  3.3763e-02,
        -2.3124e-06, -3.7285e-04,  6.0955e-02, -4.5821e-05, -1.1942e-23,
         4.0536e-04, -1.0622e-42, -7.8765e-14, -3.0254e-03,  2.3424e-03,
         2.1046e-02, -4.5991e-03,  1.2407e-41, -1.2128e-07,  5.7102e-10,
        -1.1045e-41,  7.6763e-42,  1.6624e-02,  1.3404e-03, -1.0781e-05,
        -2.6844e-03, -8.1741e-14, -1.1375e-02, -3.5228e-04, -2.5963e-04,
        -2.9222e-05, -2.9553e-02, -7.2752e-35, -1.1121e-02, -1.9224e-02,
         2.0194e-02, -4.9059e-19, -6.2282e-05, -1.1799e-41,  4.9737e-05,
         2.5612e-02, -1.9529e-06, -2.1114e-12, -8.5672e-03, -2.8471e-03,
        -8.2307e-07,  2.8492e-03, -1.4423e-21, -2.7249e-17, -4.2782e-42,
        -4.6786e-19,  4.6436e-23, -2.2447e-04,  6.6470e-03, -1.8512e-04,
         3.3647e-02, -1.1260e-05, -1.5329e-02, -2.3075e-05, -9.9819e-17,
        -1.2329e-30, -2.1884e-12, -1.0391e-05, -5.1105e-03,  1.2923e-02,
         2.9273e-42,  6.9112e-42, -4.2656e-42, -7.6759e-06, -2.7377e-21,
        -1.7766e-21,  3.4648e-38, -1.3699e-03, -9.3241e-26,  1.8749e-42,
        -4.9494e-42,  2.0450e-02, -3.6392e-42,  3.4246e-02, -8.5231e-09,
        -5.7743e-08, -2.9447e-03, -4.3940e-04, -2.1412e-03, -1.0021e-41,
        -6.3769e-03, -1.3046e-29, -1.0121e-02, -1.9235e-02, -1.4933e-27,
        -1.4380e-02,  8.2424e-42, -1.0659e-02, -6.2377e-10,  8.1267e-03,
        -3.8605e-04, -7.1314e-07, -4.0792e-04, -2.0002e-16, -4.3322e-03,
         2.2871e-19, -1.7877e-04,  1.4522e-02, -4.6057e-05, -2.1069e-16,
         4.4510e-25,  7.4227e-03,  1.2241e-05, -7.9020e-17, -6.6029e-42,
        -6.1913e-03, -6.4532e-05, -1.1916e-35, -2.0146e-02, -3.1284e-15,
        -1.7541e-02, -3.5012e-28, -3.7068e-19,  2.8341e-02, -1.9639e-02,
         5.4154e-06, -1.7640e-03, -1.0836e-02, -1.8987e-02, -1.5469e-04,
        -2.8283e-04,  3.1980e-17,  1.2741e-02,  6.9313e-03, -2.9077e-03,
         8.7581e-42, -1.5966e-17,  1.4910e-21, -2.8393e-07,  6.4156e-25,
        -6.9027e-09, -5.9194e-16, -3.2002e-28,  6.0490e-03, -1.9552e-06,
        -4.7855e-29,  1.1094e-02, -3.0642e-02, -3.8078e-07, -6.0492e-22,
        -9.5008e-43, -9.3436e-03, -3.4136e-04,  1.3440e-02, -5.9539e-16,
        -9.5779e-42,  3.6623e-04,  2.7215e-02,  1.6729e-22, -3.4865e-02,
         7.7386e-03,  1.3571e-07,  1.9849e-02,  2.5518e-42, -6.7463e-04,
         2.7896e-02, -1.1727e-13, -4.5906e-06, -4.5688e-27,  2.7090e-02,
        -5.0224e-07,  1.0053e-02,  2.0959e-02, -4.3373e-19,  5.9784e-02,
        -3.6136e-04, -1.6883e-07,  4.3369e-17, -1.0949e-02,  5.7507e-02,
         7.4520e-34,  1.1632e-05,  8.8464e-42, -6.8128e-06,  1.9504e-02,
         6.5850e-02,  3.9811e-42, -2.5790e-15, -9.0371e-15, -1.9928e-08,
        -4.3903e-08, -1.4860e-05, -3.7267e-12, -4.5380e-03, -2.5195e-22,
        -1.6803e-02, -2.1678e-03, -6.4126e-03, -8.3720e-06, -2.5223e-43,
        -1.6040e-21, -3.9495e-05, -2.1861e-03,  3.2504e-26,  3.3362e-02,
        -9.8633e-12, -6.4107e-05, -2.2433e-26, -1.7597e-02,  3.9496e-18,
        -5.2270e-07, -8.0921e-15, -7.4598e-05,  1.4507e-02, -4.1044e-42,
         4.7161e-02,  1.8302e-02, -7.0953e-03, -2.1554e-12, -1.6622e-09,
        -8.8908e-03, -2.1616e-19, -5.4524e-02, -2.2096e-08, -2.0980e-19,
        -2.0625e-11, -5.7930e-42,  8.5202e-25, -1.1725e-41, -2.0967e-07,
         7.3764e-42, -1.8861e-17,  3.5816e-02,  3.7727e-03, -6.7163e-04,
        -1.2353e-36, -7.0064e-04,  8.9836e-03, -6.2731e-02, -9.2734e-14,
        -4.3099e-03, -1.2598e-39, -8.1640e-42, -1.3489e-12,  2.6320e-02,
        -1.1056e-42, -5.3321e-23,  8.8632e-42,  6.4747e-02, -2.8026e-43,
        -2.8958e-12, -1.4104e-02, -1.0662e-03,  1.3265e-41, -3.0589e-23,
        -2.7083e-13, -9.5560e-09, -2.0536e-02, -3.1459e-42,  8.9605e-03,
         2.7520e-02,  1.2496e-21, -6.2014e-03, -7.2751e-04,  5.4397e-03,
         3.2065e-02, -2.1693e-08, -2.2234e-20, -2.2203e-15, -1.3044e-24,
         1.8932e-02,  2.7030e-34,  2.1997e-13, -6.2456e-42, -2.7759e-02,
         5.4483e-32, -4.9859e-08,  1.2034e-07,  8.8962e-19,  2.5798e-02,
        -7.0971e-08, -2.5616e-07,  1.2509e-41, -2.3622e-03, -7.6354e-07,
         5.5491e-43,  5.3261e-08,  7.5405e-02, -2.0656e-11, -2.7507e-42,
        -3.4643e-06,  2.3923e-02, -3.7158e-06,  4.6228e-03, -6.3776e-04,
        -1.6057e-02, -1.2987e-15, -1.0228e-39, -5.6107e-02,  5.5449e-42,
         3.2767e-02,  1.6792e-19,  4.0105e-42, -4.9055e-07,  1.9914e-02,
        -3.6553e-20, -1.1291e-02, -1.9778e-24, -3.0207e-28, -3.5172e-24,
         6.3801e-42, -1.1098e-07,  9.6606e-42, -7.2323e-36,  1.7093e-28,
        -1.6606e-32, -1.0229e-02,  1.6331e-04, -5.5439e-08,  1.2266e-41,
        -2.3126e-05,  7.2936e-03,  6.6353e-02, -1.0171e-03, -9.0244e-42,
        -2.5705e-05, -6.1217e-15, -9.2416e-42,  4.6649e-42,  7.2893e-03,
        -1.4307e-41, -1.5301e-02, -3.9852e-03, -1.9010e-05, -2.5181e-42,
         9.1995e-42, -3.6961e-06, -3.9461e-15,  7.9734e-42, -7.2321e-42,
        -6.9791e-25, -7.1536e-42,  4.4926e-03,  7.7352e-42, -4.1868e-06],
       device='cuda:0', requires_grad=True)fc2.weightParameter containing:
tensor([[-1.0229e-01,  0.0000e+00,  0.0000e+00,  ...,  1.7895e-02,
          0.0000e+00,  1.9532e-04],
        [ 0.0000e+00,  0.0000e+00,  0.0000e+00,  ..., -3.7415e-02,
          0.0000e+00,  1.3061e-03],
        [ 4.5065e-02,  0.0000e+00,  0.0000e+00,  ...,  2.2021e-02,
          1.3632e-04, -1.1676e-02],
        ...,
        [-1.9155e-02,  0.0000e+00,  0.0000e+00,  ..., -1.9805e-02,
          0.0000e+00, -6.3108e-04],
        [-5.3695e-01,  0.0000e+00,  0.0000e+00,  ..., -3.3963e-02,
          0.0000e+00,  1.6262e-03],
        [ 1.7638e-01,  0.0000e+00,  0.0000e+00,  ...,  6.1566e-03,
         -3.0486e-04, -1.7478e-03]], requires_grad=True)fc2.biasParameter containing:
tensor([-0.0106, -0.0606, -0.0127, -0.0515,  0.0128,  0.0310, -0.0240, -0.0542,
         0.2005, -0.0419], device='cuda:0', requires_grad=True)