conv1.weightParameter containing:
tensor([[[[ 0.0000e+00,  0.0000e+00,  0.0000e+00,  0.0000e+00,  0.0000e+00],
          [ 0.0000e+00,  0.0000e+00,  0.0000e+00,  0.0000e+00,  0.0000e+00],
          [ 0.0000e+00,  0.0000e+00,  0.0000e+00,  0.0000e+00,  0.0000e+00],
          [ 0.0000e+00,  0.0000e+00,  0.0000e+00,  0.0000e+00,  0.0000e+00],
          [ 0.0000e+00,  0.0000e+00,  0.0000e+00,  0.0000e+00,  0.0000e+00]]],


        [[[ 0.0000e+00,  0.0000e+00,  0.0000e+00,  0.0000e+00,  0.0000e+00],
          [ 0.0000e+00,  0.0000e+00,  0.0000e+00,  0.0000e+00,  0.0000e+00],
          [ 0.0000e+00,  0.0000e+00,  0.0000e+00,  0.0000e+00,  0.0000e+00],
          [ 0.0000e+00,  0.0000e+00,  0.0000e+00,  0.0000e+00,  0.0000e+00],
          [ 0.0000e+00,  0.0000e+00,  0.0000e+00,  0.0000e+00,  0.0000e+00]]],


        [[[ 0.0000e+00,  0.0000e+00,  0.0000e+00,  0.0000e+00,  0.0000e+00],
          [ 0.0000e+00,  0.0000e+00,  0.0000e+00,  0.0000e+00,  0.0000e+00],
          [ 0.0000e+00,  0.0000e+00,  0.0000e+00,  0.0000e+00,  0.0000e+00],
          [ 0.0000e+00,  0.0000e+00,  0.0000e+00,  0.0000e+00,  0.0000e+00],
          [ 0.0000e+00,  0.0000e+00,  0.0000e+00,  0.0000e+00,  0.0000e+00]]],


        [[[ 1.6483e-04, -4.0338e-04,  0.0000e+00,  1.1775e-04, -2.0905e-04],
          [ 1.3565e-03,  2.4684e-04,  3.9205e-04,  7.0220e-04,  6.8480e-04],
          [ 2.3673e-03,  3.6423e-01,  5.2172e-01,  8.6416e-04,  2.5664e-04],
          [ 1.1892e-03,  2.0664e+00,  2.3246e+00,  3.0162e-01, -5.3209e-04],
          [ 7.9659e-04,  1.2123e-02,  1.4155e+00,  7.5487e-01,  2.0955e-03]]],


        [[[ 0.0000e+00,  0.0000e+00,  0.0000e+00,  0.0000e+00,  0.0000e+00],
          [ 0.0000e+00,  0.0000e+00,  0.0000e+00,  0.0000e+00,  0.0000e+00],
          [ 0.0000e+00,  0.0000e+00,  0.0000e+00,  0.0000e+00,  0.0000e+00],
          [ 0.0000e+00,  0.0000e+00,  0.0000e+00,  0.0000e+00,  0.0000e+00],
          [ 0.0000e+00,  0.0000e+00,  0.0000e+00,  0.0000e+00,  0.0000e+00]]],


        [[[ 0.0000e+00,  0.0000e+00,  0.0000e+00,  0.0000e+00,  0.0000e+00],
          [ 0.0000e+00,  0.0000e+00,  0.0000e+00,  0.0000e+00,  0.0000e+00],
          [ 0.0000e+00,  0.0000e+00,  0.0000e+00,  0.0000e+00,  0.0000e+00],
          [ 0.0000e+00,  0.0000e+00,  0.0000e+00,  0.0000e+00,  0.0000e+00],
          [ 0.0000e+00,  0.0000e+00,  0.0000e+00,  0.0000e+00,  0.0000e+00]]],


        [[[ 0.0000e+00,  0.0000e+00,  0.0000e+00,  0.0000e+00,  0.0000e+00],
          [ 0.0000e+00,  0.0000e+00,  0.0000e+00,  0.0000e+00,  0.0000e+00],
          [ 0.0000e+00,  0.0000e+00,  0.0000e+00,  0.0000e+00,  0.0000e+00],
          [ 0.0000e+00,  0.0000e+00,  0.0000e+00,  0.0000e+00,  0.0000e+00],
          [ 0.0000e+00,  0.0000e+00,  0.0000e+00,  0.0000e+00,  0.0000e+00]]],


        [[[ 0.0000e+00,  0.0000e+00,  0.0000e+00,  0.0000e+00,  0.0000e+00],
          [ 0.0000e+00,  0.0000e+00,  0.0000e+00,  0.0000e+00,  0.0000e+00],
          [ 0.0000e+00,  0.0000e+00,  0.0000e+00,  0.0000e+00,  0.0000e+00],
          [ 0.0000e+00,  0.0000e+00,  0.0000e+00,  0.0000e+00,  0.0000e+00],
          [ 0.0000e+00,  0.0000e+00,  0.0000e+00,  0.0000e+00,  0.0000e+00]]],


        [[[ 0.0000e+00,  0.0000e+00,  0.0000e+00,  0.0000e+00,  0.0000e+00],
          [ 0.0000e+00,  0.0000e+00,  0.0000e+00,  0.0000e+00,  0.0000e+00],
          [ 0.0000e+00,  0.0000e+00,  0.0000e+00,  0.0000e+00,  0.0000e+00],
          [ 0.0000e+00,  0.0000e+00,  0.0000e+00,  0.0000e+00,  0.0000e+00],
          [ 0.0000e+00,  0.0000e+00,  0.0000e+00,  0.0000e+00,  0.0000e+00]]],


        [[[ 0.0000e+00,  0.0000e+00,  0.0000e+00,  0.0000e+00,  0.0000e+00],
          [ 0.0000e+00,  0.0000e+00,  0.0000e+00,  0.0000e+00,  0.0000e+00],
          [ 0.0000e+00,  0.0000e+00,  0.0000e+00,  0.0000e+00,  0.0000e+00],
          [ 0.0000e+00,  0.0000e+00,  0.0000e+00,  0.0000e+00,  0.0000e+00],
          [ 0.0000e+00,  0.0000e+00,  0.0000e+00,  0.0000e+00,  0.0000e+00]]],


        [[[ 0.0000e+00,  0.0000e+00,  0.0000e+00,  0.0000e+00,  0.0000e+00],
          [ 0.0000e+00,  0.0000e+00,  0.0000e+00,  0.0000e+00,  0.0000e+00],
          [ 0.0000e+00,  0.0000e+00,  0.0000e+00,  0.0000e+00,  0.0000e+00],
          [ 0.0000e+00,  0.0000e+00,  0.0000e+00,  0.0000e+00,  0.0000e+00],
          [ 0.0000e+00,  0.0000e+00,  0.0000e+00,  0.0000e+00,  0.0000e+00]]],


        [[[ 0.0000e+00,  0.0000e+00,  0.0000e+00,  0.0000e+00,  0.0000e+00],
          [ 0.0000e+00,  0.0000e+00,  0.0000e+00,  0.0000e+00,  0.0000e+00],
          [ 0.0000e+00,  0.0000e+00,  0.0000e+00,  0.0000e+00,  0.0000e+00],
          [ 0.0000e+00,  0.0000e+00,  0.0000e+00,  0.0000e+00,  0.0000e+00],
          [ 0.0000e+00,  0.0000e+00,  0.0000e+00,  0.0000e+00,  0.0000e+00]]],


        [[[ 0.0000e+00,  0.0000e+00,  0.0000e+00,  0.0000e+00,  0.0000e+00],
          [ 0.0000e+00,  0.0000e+00,  0.0000e+00,  0.0000e+00,  0.0000e+00],
          [ 0.0000e+00,  0.0000e+00,  0.0000e+00,  0.0000e+00,  0.0000e+00],
          [ 0.0000e+00,  0.0000e+00,  0.0000e+00,  0.0000e+00,  0.0000e+00],
          [ 0.0000e+00,  0.0000e+00,  0.0000e+00,  0.0000e+00,  0.0000e+00]]],


        [[[ 0.0000e+00,  0.0000e+00,  0.0000e+00,  0.0000e+00,  0.0000e+00],
          [ 0.0000e+00,  0.0000e+00,  0.0000e+00,  0.0000e+00,  0.0000e+00],
          [ 0.0000e+00,  0.0000e+00,  0.0000e+00,  0.0000e+00,  0.0000e+00],
          [ 0.0000e+00,  0.0000e+00,  0.0000e+00,  0.0000e+00,  0.0000e+00],
          [ 0.0000e+00,  0.0000e+00,  0.0000e+00,  0.0000e+00,  0.0000e+00]]],


        [[[ 0.0000e+00,  0.0000e+00,  0.0000e+00,  0.0000e+00,  0.0000e+00],
          [ 0.0000e+00,  0.0000e+00,  0.0000e+00,  0.0000e+00,  0.0000e+00],
          [ 0.0000e+00,  0.0000e+00,  0.0000e+00,  0.0000e+00,  0.0000e+00],
          [ 0.0000e+00,  0.0000e+00,  0.0000e+00,  0.0000e+00,  0.0000e+00],
          [ 0.0000e+00,  0.0000e+00,  0.0000e+00,  0.0000e+00,  0.0000e+00]]],


        [[[ 0.0000e+00,  0.0000e+00,  0.0000e+00,  0.0000e+00,  0.0000e+00],
          [ 0.0000e+00,  0.0000e+00,  0.0000e+00,  0.0000e+00,  0.0000e+00],
          [ 0.0000e+00,  0.0000e+00,  0.0000e+00,  0.0000e+00,  0.0000e+00],
          [ 0.0000e+00,  0.0000e+00,  0.0000e+00,  0.0000e+00,  0.0000e+00],
          [ 0.0000e+00,  0.0000e+00,  0.0000e+00,  0.0000e+00,  0.0000e+00]]],


        [[[ 0.0000e+00,  0.0000e+00,  0.0000e+00,  0.0000e+00,  0.0000e+00],
          [ 0.0000e+00,  0.0000e+00,  0.0000e+00,  0.0000e+00,  0.0000e+00],
          [ 0.0000e+00,  0.0000e+00,  0.0000e+00,  0.0000e+00,  0.0000e+00],
          [ 0.0000e+00,  0.0000e+00,  0.0000e+00,  0.0000e+00,  0.0000e+00],
          [ 0.0000e+00,  0.0000e+00,  0.0000e+00,  0.0000e+00,  0.0000e+00]]],


        [[[ 0.0000e+00,  0.0000e+00,  0.0000e+00,  0.0000e+00,  0.0000e+00],
          [ 0.0000e+00,  0.0000e+00,  0.0000e+00,  0.0000e+00,  0.0000e+00],
          [ 0.0000e+00,  0.0000e+00,  0.0000e+00,  0.0000e+00,  0.0000e+00],
          [ 0.0000e+00,  0.0000e+00,  0.0000e+00,  0.0000e+00,  0.0000e+00],
          [ 0.0000e+00,  0.0000e+00,  0.0000e+00,  0.0000e+00,  0.0000e+00]]],


        [[[ 0.0000e+00,  0.0000e+00,  0.0000e+00,  0.0000e+00,  0.0000e+00],
          [ 0.0000e+00,  0.0000e+00,  0.0000e+00,  0.0000e+00,  0.0000e+00],
          [ 0.0000e+00,  0.0000e+00,  0.0000e+00,  0.0000e+00,  0.0000e+00],
          [ 0.0000e+00,  0.0000e+00,  0.0000e+00,  0.0000e+00,  0.0000e+00],
          [ 0.0000e+00,  0.0000e+00,  0.0000e+00,  0.0000e+00,  0.0000e+00]]],


        [[[ 0.0000e+00,  0.0000e+00,  0.0000e+00,  0.0000e+00,  0.0000e+00],
          [ 0.0000e+00,  0.0000e+00,  0.0000e+00,  0.0000e+00,  0.0000e+00],
          [ 0.0000e+00,  0.0000e+00,  0.0000e+00,  0.0000e+00,  0.0000e+00],
          [ 0.0000e+00,  0.0000e+00,  0.0000e+00,  0.0000e+00,  0.0000e+00],
          [ 0.0000e+00,  0.0000e+00,  0.0000e+00,  0.0000e+00,  0.0000e+00]]]],
       device='cuda:0', requires_grad=True)conv1.biasParameter containing:
tensor([-4.1507e-04, -1.1046e-03, -2.9051e-03,  2.7059e-03,  1.1754e-03,
        -7.9602e-04,  6.3766e-05, -2.9259e-03, -1.2048e-03,  3.1193e-04,
        -3.5457e-03, -5.7919e-04, -1.9752e-03, -1.5765e-03, -1.4654e-03,
        -1.4270e-03, -1.0777e-03, -8.3426e-04, -3.8753e-04, -5.9623e-04],
       device='cuda:0', requires_grad=True)conv2.weightParameter containing:
tensor([[[[ 0.0000,  0.0000,  0.0000,  0.0000,  0.0000],
          [ 0.0000,  0.0000,  0.0000,  0.0000,  0.0000],
          [ 0.0000,  0.0000,  0.0000,  0.0000,  0.0000],
          [ 0.0000,  0.0000,  0.0000,  0.0000,  0.0000],
          [ 0.0000,  0.0000,  0.0000,  0.0000,  0.0000]],

         [[ 0.0000,  0.0000,  0.0000,  0.0000,  0.0000],
          [ 0.0000,  0.0000,  0.0000,  0.0000,  0.0000],
          [ 0.0000,  0.0000,  0.0000,  0.0000,  0.0000],
          [ 0.0000,  0.0000,  0.0000,  0.0000,  0.0000],
          [ 0.0000,  0.0000,  0.0000,  0.0000,  0.0000]],

         [[ 0.0000,  0.0000,  0.0000,  0.0000,  0.0000],
          [ 0.0000,  0.0000,  0.0000,  0.0000,  0.0000],
          [ 0.0000,  0.0000,  0.0000,  0.0000,  0.0000],
          [ 0.0000,  0.0000,  0.0000,  0.0000,  0.0000],
          [ 0.0000,  0.0000,  0.0000,  0.0000,  0.0000]],

         ...,

         [[ 0.0000,  0.0000,  0.0000,  0.0000,  0.0000],
          [ 0.0000,  0.0000,  0.0000,  0.0000,  0.0000],
          [ 0.0000,  0.0000,  0.0000,  0.0000,  0.0000],
          [ 0.0000,  0.0000,  0.0000,  0.0000,  0.0000],
          [ 0.0000,  0.0000,  0.0000,  0.0000,  0.0000]],

         [[ 0.0000,  0.0000,  0.0000,  0.0000,  0.0000],
          [ 0.0000,  0.0000,  0.0000,  0.0000,  0.0000],
          [ 0.0000,  0.0000,  0.0000,  0.0000,  0.0000],
          [ 0.0000,  0.0000,  0.0000,  0.0000,  0.0000],
          [ 0.0000,  0.0000,  0.0000,  0.0000,  0.0000]],

         [[ 0.0000,  0.0000,  0.0000,  0.0000,  0.0000],
          [ 0.0000,  0.0000,  0.0000,  0.0000,  0.0000],
          [ 0.0000,  0.0000,  0.0000,  0.0000,  0.0000],
          [ 0.0000,  0.0000,  0.0000,  0.0000,  0.0000],
          [ 0.0000,  0.0000,  0.0000,  0.0000,  0.0000]]],


        [[[ 0.0000,  0.0000,  0.0000,  0.0000,  0.0000],
          [ 0.0000,  0.0000,  0.0000,  0.0000,  0.0000],
          [ 0.0000,  0.0000,  0.0000,  0.0000,  0.0000],
          [ 0.0000,  0.0000,  0.0000,  0.0000,  0.0000],
          [ 0.0000,  0.0000,  0.0000,  0.0000,  0.0000]],

         [[ 0.0000,  0.0000,  0.0000,  0.0000,  0.0000],
          [ 0.0000,  0.0000,  0.0000,  0.0000,  0.0000],
          [ 0.0000,  0.0000,  0.0000,  0.0000,  0.0000],
          [ 0.0000,  0.0000,  0.0000,  0.0000,  0.0000],
          [ 0.0000,  0.0000,  0.0000,  0.0000,  0.0000]],

         [[ 0.0000,  0.0000,  0.0000,  0.0000,  0.0000],
          [ 0.0000,  0.0000,  0.0000,  0.0000,  0.0000],
          [ 0.0000,  0.0000,  0.0000,  0.0000,  0.0000],
          [ 0.0000,  0.0000,  0.0000,  0.0000,  0.0000],
          [ 0.0000,  0.0000,  0.0000,  0.0000,  0.0000]],

         ...,

         [[ 0.0000,  0.0000,  0.0000,  0.0000,  0.0000],
          [ 0.0000,  0.0000,  0.0000,  0.0000,  0.0000],
          [ 0.0000,  0.0000,  0.0000,  0.0000,  0.0000],
          [ 0.0000,  0.0000,  0.0000,  0.0000,  0.0000],
          [ 0.0000,  0.0000,  0.0000,  0.0000,  0.0000]],

         [[ 0.0000,  0.0000,  0.0000,  0.0000,  0.0000],
          [ 0.0000,  0.0000,  0.0000,  0.0000,  0.0000],
          [ 0.0000,  0.0000,  0.0000,  0.0000,  0.0000],
          [ 0.0000,  0.0000,  0.0000,  0.0000,  0.0000],
          [ 0.0000,  0.0000,  0.0000,  0.0000,  0.0000]],

         [[ 0.0000,  0.0000,  0.0000,  0.0000,  0.0000],
          [ 0.0000,  0.0000,  0.0000,  0.0000,  0.0000],
          [ 0.0000,  0.0000,  0.0000,  0.0000,  0.0000],
          [ 0.0000,  0.0000,  0.0000,  0.0000,  0.0000],
          [ 0.0000,  0.0000,  0.0000,  0.0000,  0.0000]]],


        [[[-0.0001,  0.0000,  0.0001,  0.0001,  0.0000],
          [ 0.0000,  0.0000, -0.0001,  0.0000,  0.0000],
          [-0.0001,  0.0001,  0.0000, -0.0003,  0.0001],
          [ 0.0000,  0.0000,  0.0000,  0.0000,  0.0000],
          [-0.0001,  0.0000,  0.0001,  0.0000,  0.0000]],

         [[ 0.0000,  0.0000,  0.0000,  0.0000,  0.0000],
          [-0.0002,  0.0000,  0.0000,  0.0000, -0.0001],
          [ 0.0000,  0.0000,  0.0000,  0.0000,  0.0000],
          [-0.0002,  0.0000,  0.0000,  0.0000, -0.0001],
          [ 0.0000, -0.0001,  0.0000,  0.0000,  0.0000]],

         [[ 0.0000,  0.0000,  0.0000,  0.0000, -0.0002],
          [ 0.0000,  0.0000, -0.0002,  0.0000,  0.0001],
          [ 0.0000,  0.0000,  0.0001,  0.0000,  0.0000],
          [ 0.0001,  0.0000,  0.0001,  0.0001,  0.0000],
          [ 0.0000,  0.0000,  0.0000,  0.0001,  0.0000]],

         ...,

         [[ 0.0000,  0.0000,  0.0000,  0.0000,  0.0000],
          [ 0.0000,  0.0000,  0.0000,  0.0000,  0.0000],
          [ 0.0000,  0.0001,  0.0000,  0.0000,  0.0000],
          [ 0.0000,  0.0001,  0.0000,  0.0000,  0.0001],
          [ 0.0000,  0.0000,  0.0000,  0.0003,  0.0000]],

         [[ 0.0000,  0.0000,  0.0000,  0.0000,  0.0000],
          [ 0.0000,  0.0000, -0.0001,  0.0000,  0.0002],
          [ 0.0000,  0.0000,  0.0000,  0.0000,  0.0000],
          [ 0.0000,  0.0000,  0.0000,  0.0001,  0.0000],
          [ 0.0000,  0.0000,  0.0000,  0.0000,  0.0001]],

         [[ 0.0000, -0.0001,  0.0000,  0.0000,  0.0000],
          [ 0.0000,  0.0000,  0.0000,  0.0000, -0.0003],
          [ 0.0001,  0.0000,  0.0000,  0.0001,  0.0000],
          [ 0.0000,  0.0000,  0.0000,  0.0000,  0.0000],
          [ 0.0001,  0.0001,  0.0000,  0.0000,  0.0000]]],


        ...,


        [[[ 0.0000,  0.0000,  0.0000,  0.0000,  0.0000],
          [ 0.0000,  0.0000,  0.0000,  0.0000,  0.0000],
          [ 0.0000,  0.0000,  0.0000,  0.0000,  0.0000],
          [ 0.0000,  0.0000,  0.0000,  0.0000,  0.0000],
          [ 0.0000,  0.0000,  0.0000,  0.0000,  0.0000]],

         [[ 0.0000,  0.0000,  0.0000,  0.0000,  0.0000],
          [ 0.0000,  0.0000,  0.0000,  0.0000,  0.0000],
          [ 0.0000,  0.0000,  0.0000,  0.0000,  0.0000],
          [ 0.0000,  0.0000,  0.0000,  0.0000,  0.0000],
          [ 0.0000,  0.0000,  0.0000,  0.0000,  0.0000]],

         [[ 0.0000,  0.0000,  0.0000,  0.0000,  0.0000],
          [ 0.0000,  0.0000,  0.0000,  0.0000,  0.0000],
          [ 0.0000,  0.0000,  0.0000,  0.0000,  0.0000],
          [ 0.0000,  0.0000,  0.0000,  0.0000,  0.0000],
          [ 0.0000,  0.0000,  0.0000,  0.0000,  0.0000]],

         ...,

         [[ 0.0000,  0.0000,  0.0000,  0.0000,  0.0000],
          [ 0.0000,  0.0000,  0.0000,  0.0000,  0.0000],
          [ 0.0000,  0.0000,  0.0000,  0.0000,  0.0000],
          [ 0.0000,  0.0000,  0.0000,  0.0000,  0.0000],
          [ 0.0000,  0.0000,  0.0000,  0.0000,  0.0000]],

         [[ 0.0000,  0.0000,  0.0000,  0.0000,  0.0000],
          [ 0.0000,  0.0000,  0.0000,  0.0000,  0.0000],
          [ 0.0000,  0.0000,  0.0000,  0.0000,  0.0000],
          [ 0.0000,  0.0000,  0.0000,  0.0000,  0.0000],
          [ 0.0000,  0.0000,  0.0000,  0.0000,  0.0000]],

         [[ 0.0000,  0.0000,  0.0000,  0.0000,  0.0000],
          [ 0.0000,  0.0000,  0.0000,  0.0000,  0.0000],
          [ 0.0000,  0.0000,  0.0000,  0.0000,  0.0000],
          [ 0.0000,  0.0000,  0.0000,  0.0000,  0.0000],
          [ 0.0000,  0.0000,  0.0000,  0.0000,  0.0000]]],


        [[[ 0.0000,  0.0000,  0.0000,  0.0000,  0.0000],
          [ 0.0000,  0.0000,  0.0000,  0.0000,  0.0000],
          [ 0.0000,  0.0000,  0.0000,  0.0000,  0.0000],
          [ 0.0000,  0.0000,  0.0000,  0.0000,  0.0000],
          [ 0.0000,  0.0000,  0.0000,  0.0000,  0.0000]],

         [[ 0.0000,  0.0000,  0.0000,  0.0000,  0.0000],
          [ 0.0000,  0.0000,  0.0000,  0.0000,  0.0000],
          [ 0.0000,  0.0000,  0.0000,  0.0000,  0.0000],
          [ 0.0000,  0.0000,  0.0000,  0.0000,  0.0000],
          [ 0.0000,  0.0000,  0.0000,  0.0000,  0.0000]],

         [[ 0.0000,  0.0000,  0.0000,  0.0000,  0.0000],
          [ 0.0000,  0.0000,  0.0000,  0.0000,  0.0000],
          [ 0.0000,  0.0000,  0.0000,  0.0000,  0.0000],
          [ 0.0000,  0.0000,  0.0000,  0.0000,  0.0000],
          [ 0.0000,  0.0000,  0.0000,  0.0000,  0.0000]],

         ...,

         [[ 0.0000,  0.0000,  0.0000,  0.0000,  0.0000],
          [ 0.0000,  0.0000,  0.0000,  0.0000,  0.0000],
          [ 0.0000,  0.0000,  0.0000,  0.0000,  0.0000],
          [ 0.0000,  0.0000,  0.0000,  0.0000,  0.0000],
          [ 0.0000,  0.0000,  0.0000,  0.0000,  0.0000]],

         [[ 0.0000,  0.0000,  0.0000,  0.0000,  0.0000],
          [ 0.0000,  0.0000,  0.0000,  0.0000,  0.0000],
          [ 0.0000,  0.0000,  0.0000,  0.0000,  0.0000],
          [ 0.0000,  0.0000,  0.0000,  0.0000,  0.0000],
          [ 0.0000,  0.0000,  0.0000,  0.0000,  0.0000]],

         [[ 0.0000,  0.0000,  0.0000,  0.0000,  0.0000],
          [ 0.0000,  0.0000,  0.0000,  0.0000,  0.0000],
          [ 0.0000,  0.0000,  0.0000,  0.0000,  0.0000],
          [ 0.0000,  0.0000,  0.0000,  0.0000,  0.0000],
          [ 0.0000,  0.0000,  0.0000,  0.0000,  0.0000]]],


        [[[ 0.0000,  0.0000,  0.0000,  0.0000,  0.0000],
          [ 0.0000,  0.0000,  0.0000,  0.0000,  0.0000],
          [ 0.0000,  0.0000,  0.0000,  0.0000,  0.0000],
          [ 0.0000,  0.0000,  0.0000,  0.0000,  0.0000],
          [ 0.0000,  0.0000,  0.0000,  0.0000,  0.0000]],

         [[ 0.0000,  0.0000,  0.0000,  0.0000,  0.0000],
          [ 0.0000,  0.0000,  0.0000,  0.0000,  0.0000],
          [ 0.0000,  0.0000,  0.0000,  0.0000,  0.0000],
          [ 0.0000,  0.0000,  0.0000,  0.0000,  0.0000],
          [ 0.0000,  0.0000,  0.0000,  0.0000,  0.0000]],

         [[ 0.0000,  0.0000,  0.0000,  0.0000,  0.0000],
          [ 0.0000,  0.0000,  0.0000,  0.0000,  0.0000],
          [ 0.0000,  0.0000,  0.0000,  0.0000,  0.0000],
          [ 0.0000,  0.0000,  0.0000,  0.0000,  0.0000],
          [ 0.0000,  0.0000,  0.0000,  0.0000,  0.0000]],

         ...,

         [[ 0.0000,  0.0000,  0.0000,  0.0000,  0.0000],
          [ 0.0000,  0.0000,  0.0000,  0.0000,  0.0000],
          [ 0.0000,  0.0000,  0.0000,  0.0000,  0.0000],
          [ 0.0000,  0.0000,  0.0000,  0.0000,  0.0000],
          [ 0.0000,  0.0000,  0.0000,  0.0000,  0.0000]],

         [[ 0.0000,  0.0000,  0.0000,  0.0000,  0.0000],
          [ 0.0000,  0.0000,  0.0000,  0.0000,  0.0000],
          [ 0.0000,  0.0000,  0.0000,  0.0000,  0.0000],
          [ 0.0000,  0.0000,  0.0000,  0.0000,  0.0000],
          [ 0.0000,  0.0000,  0.0000,  0.0000,  0.0000]],

         [[ 0.0000,  0.0000,  0.0000,  0.0000,  0.0000],
          [ 0.0000,  0.0000,  0.0000,  0.0000,  0.0000],
          [ 0.0000,  0.0000,  0.0000,  0.0000,  0.0000],
          [ 0.0000,  0.0000,  0.0000,  0.0000,  0.0000],
          [ 0.0000,  0.0000,  0.0000,  0.0000,  0.0000]]]], device='cuda:0',
       requires_grad=True)conv2.biasParameter containing:
tensor([-0.0050, -0.0038, -0.0147, -0.0114, -0.0062, -0.0060, -0.0286, -0.0056,
        -0.0073, -0.0073, -0.0034, -0.0132, -0.0103, -0.0186, -0.5429,  0.0678,
        -0.0065, -0.0068, -0.0147, -0.0091, -0.0060, -0.3793, -0.0060, -0.0045,
        -0.4570, -0.0064, -0.0056, -0.0058, -0.0306, -0.0077,  0.0011, -0.4302,
        -0.0066, -0.0057, -0.0076, -0.0173, -0.0035,  0.0039, -0.0136, -0.0038,
        -0.0168, -0.0056, -0.0055, -0.0070, -0.0043, -0.0108, -0.0084, -0.0045,
        -0.0066, -0.0046], device='cuda:0', requires_grad=True)fc1.weightParameter containing:
tensor([[0., 0., 0.,  ..., 0., 0., 0.],
        [0., 0., 0.,  ..., 0., 0., 0.],
        [0., 0., 0.,  ..., 0., 0., 0.],
        ...,
        [0., 0., 0.,  ..., 0., 0., 0.],
        [0., 0., 0.,  ..., 0., 0., 0.],
        [0., 0., 0.,  ..., 0., 0., 0.]], requires_grad=True)fc1.biasParameter containing:
tensor([-5.6268e-02, -1.4043e-06, -1.0560e-37, -2.0992e-02,  8.4809e-03,
         2.7045e-03, -1.1697e-41, -2.9109e-09, -1.0996e-41, -4.7877e-11,
         3.0581e-06, -2.0249e-42,  1.3021e-41, -3.2347e-05, -5.1126e-07,
        -7.3968e-07,  6.2810e-40,  1.2165e-41, -8.0422e-04,  5.0870e-02,
        -9.9689e-10, -3.3813e-07, -1.6848e-02, -1.2088e-41, -1.2117e-41,
        -2.1331e-13, -1.0486e-41,  4.5725e-02, -2.3364e-20, -1.5610e-08,
        -1.8879e-08, -2.9591e-24,  2.0732e-02,  2.1827e-07, -7.4269e-43,
        -2.6695e-42, -1.1175e-03,  8.1800e-35,  1.8273e-08,  3.2819e-02,
        -7.3775e-04, -3.8545e-28, -7.9596e-10, -4.0051e-25,  3.3842e-31,
        -5.8094e-14, -6.4708e-08, -5.6481e-08, -1.8165e-06, -1.3060e-12,
         1.0173e-42,  1.0179e-41,  4.1931e-17, -1.6519e-32, -3.1432e-02,
         1.0635e-01, -6.8763e-03, -3.4775e-05, -1.4296e-10, -3.4028e-24,
        -1.5370e-34, -2.2309e-42, -1.8190e-17,  2.5069e-42, -2.5023e-26,
        -3.2883e-02, -1.3684e-32, -4.4464e-06,  3.2638e-02,  2.0937e-08,
        -1.2959e-13, -6.6655e-07,  5.5196e-02, -1.7584e-22,  4.5210e-05,
         8.2158e-42,  1.6593e-02,  4.7084e-42, -3.8469e-03, -2.1505e-08,
        -9.8226e-10, -3.4865e-07,  2.1655e-33,  2.1078e-36, -3.1782e-03,
         1.3598e-41,  2.4487e-04, -3.4458e-42,  2.2555e-02, -1.9932e-15,
         1.1724e-01, -2.0736e-32,  4.9419e-38,  5.6415e-41, -2.5514e-02,
        -5.1726e-05, -1.0469e-14, -2.7203e-08, -9.0827e-06, -1.2424e-07,
         1.3760e-02,  1.4010e-02, -8.8946e-03, -4.5406e-07, -1.5226e-02,
        -1.6449e-07,  6.5441e-42, -9.5740e-29, -6.6359e-02, -1.4945e-29,
        -5.8388e-41, -1.2497e-41, -3.1597e-11, -3.5007e-38, -3.4121e-02,
        -3.0226e-42, -1.3586e-05, -6.9438e-09, -1.8811e-04, -1.4641e-04,
        -2.2225e-06, -9.6113e-04, -4.3067e-15,  2.1208e-30,  4.6477e-02,
        -1.3016e-03, -1.5172e-12, -4.9046e-30, -9.0450e-29,  1.0117e-42,
        -1.1948e-04, -1.8209e-05, -4.6819e-08, -1.0390e-24,  3.1676e-02,
        -1.5542e-20, -2.8770e-11,  3.8269e-21, -9.0035e-06, -1.1727e-22,
         2.7329e-02, -1.3431e-41,  2.2202e-02, -1.3461e-06, -3.7144e-17,
        -8.0673e-42,  8.9026e-15, -1.1059e-04,  7.4018e-02,  1.8421e-08,
        -4.4540e-08, -5.2138e-09, -1.8406e-04, -2.1512e-15, -1.3635e-42,
        -5.9705e-09, -2.3564e-23,  1.1000e-24, -6.3359e-07, -3.6506e-03,
         1.3433e-41, -2.8150e-05, -7.7260e-04,  2.0529e-04,  4.1849e-02,
        -9.6613e-28, -3.5601e-24, -3.2462e-06, -1.1830e-19, -6.5543e-03,
         1.1771e-41, -4.0656e-05, -3.6664e-10, -1.4304e-04, -8.9374e-04,
         9.6889e-03,  1.3049e-36, -6.8790e-19,  3.3442e-30, -3.9151e-36,
        -1.8942e-24,  2.1264e-40,  2.1804e-42,  1.4869e-02, -3.6354e-25,
        -8.3363e-42, -3.5276e-26, -2.7607e-03, -2.9347e-03, -1.0812e-41,
        -9.4453e-11, -2.7392e-06, -6.1953e-14,  1.2264e-03, -3.5454e-05,
         3.0266e-02, -5.9906e-42,  5.7799e-22, -1.7846e-40, -1.1849e-29,
        -1.1248e-06, -4.4268e-11, -3.6714e-23, -1.3218e-06, -2.2371e-23,
         9.3520e-07,  2.1878e-07, -8.6595e-11, -1.3862e-35, -1.8410e-06,
         1.0221e-41,  1.2690e-41, -7.2601e-42,  1.7203e-02,  2.7166e-22,
         5.3670e-43, -1.0775e-16, -4.4430e-06, -1.2036e-41,  2.4574e-03,
        -6.6720e-14, -3.2810e-08,  3.0268e-09,  4.6265e-13, -5.2071e-33,
        -6.7311e-26,  2.6007e-39, -1.0384e-41, -2.7792e-04, -9.6595e-29,
        -1.0400e-08, -1.3409e-02, -2.0655e-08, -3.1991e-05, -2.1667e-28,
        -2.5366e-05,  1.5635e-02, -2.0116e-25,  5.1004e-02, -3.6818e-10,
        -1.9302e-07,  1.0338e-02, -2.7649e-14,  1.7027e-02, -1.1454e-08,
        -2.6682e-08, -2.8665e-04, -1.7234e-33,  1.6792e-02, -5.1523e-06,
         2.3785e-02, -9.3831e-42, -4.7450e-03, -3.7212e-06, -6.8239e-06,
         1.3909e-41, -2.7262e-16,  7.3162e-42, -6.0396e-42,  3.7196e-02,
        -2.3816e-36,  3.8045e-42,  3.0418e-03, -1.4801e-04,  1.2878e-42,
         4.3933e-15, -2.9123e-04, -6.1337e-07,  6.8405e-39, -8.1948e-42,
        -6.5453e-05, -6.9574e-42, -3.4759e-32, -1.6065e-03, -2.9786e-08,
         1.3406e-41, -5.6010e-42, -5.9700e-21,  3.4288e-02, -5.4352e-03,
        -2.6626e-04,  1.6113e-02,  7.5740e-42, -1.3038e-02, -3.3193e-03,
        -2.9521e-06, -1.6545e-08, -1.3720e-02,  1.7425e-02, -1.3489e-05,
        -5.5253e-42, -4.7374e-08,  1.3141e-41, -2.1543e-02, -1.0571e-41,
        -1.1111e-41,  6.9546e-42, -5.1274e-42, -3.4702e-02, -2.9861e-40,
        -1.2422e-20, -5.3443e-05, -2.2966e-04, -4.2838e-42,  1.1705e-33,
        -1.6000e-08,  9.1890e-03, -9.2608e-12, -5.2268e-42, -4.6355e-42,
        -2.4976e-07, -4.0784e-02, -3.3919e-09, -2.5177e-10, -2.9430e-02,
         2.1357e-02, -3.4705e-04, -5.8210e-42, -5.4833e-42, -3.6715e-07,
         9.6494e-03, -4.4303e-05, -1.4165e-05, -1.3814e-15, -2.7805e-39,
        -7.3127e-03, -1.2925e-02, -1.0608e-07, -3.0000e-11,  5.2042e-02,
        -3.4106e-07, -8.8123e-06,  3.5346e-39,  8.9320e-03,  7.2560e-02,
        -5.9233e-42, -1.8955e-19, -9.4242e-32, -5.2549e-42,  2.3507e-02,
         4.7943e-02, -1.2453e-35, -1.4196e-04,  1.7823e-06, -1.7390e-42,
        -1.0521e-22,  7.2237e-42, -1.7789e-04,  8.3882e-42, -1.1940e-41,
         2.8394e-03,  8.2859e-42, -8.4359e-07, -1.7937e-43,  4.2487e-42,
        -7.9158e-15, -1.2249e-31, -4.2804e-09, -5.5884e-20,  3.6731e-02,
         7.5418e-42,  7.6231e-42, -3.8956e-11,  3.0179e-02, -1.5715e-06,
        -5.0458e-27,  4.1832e-04,  2.3746e-36,  7.2557e-03, -1.3380e-41,
         3.7261e-02, -8.3059e-03, -2.7108e-28,  6.5286e-42, -9.6975e-05,
         1.2111e-41, -7.7254e-30, -1.9672e-02,  3.4764e-30, -7.6042e-31,
         1.3040e-07, -1.1924e-41, -1.3810e-41, -1.4800e-06,  2.3295e-07,
        -7.5042e-05, -7.4814e-03,  2.0271e-02, -2.5822e-08, -2.6454e-05,
         1.1238e-42, -5.0196e-03, -1.1457e-05, -4.7486e-02, -5.5256e-06,
         1.9380e-02,  1.0566e-41, -7.6849e-06,  2.8979e-38,  1.3587e-02,
        -1.5353e-22, -6.7064e-04, -7.1150e-25,  9.2366e-02, -1.1235e-05,
        -1.0110e-04,  2.2320e-02, -2.8600e-04, -3.8151e-17,  1.1222e-41,
        -8.7651e-09, -1.1378e-32, -3.8405e-03,  3.9068e-42, -4.3090e-42,
        -2.1806e-03, -7.3488e-15, -1.5319e-07, -4.0291e-11, -2.2285e-02,
         3.8926e-02, -3.7597e-42, -1.3963e-03, -8.1998e-22, -1.5806e-21,
         4.3148e-02, -1.0073e-41, -8.1836e-43, -1.1732e-04, -3.7358e-29,
         1.5434e-10, -3.3582e-06, -2.4868e-10, -1.2323e-24,  2.1387e-02,
         6.3689e-42, -2.0746e-11,  1.7949e-12, -5.5512e-10, -6.3480e-30,
        -4.8991e-06,  4.4589e-42,  8.4638e-02, -9.0258e-42, -5.9548e-21,
        -1.0011e-05, -8.1643e-14,  1.2727e-41, -4.9768e-05, -7.6551e-08,
        -1.1290e-06, -9.5904e-30, -1.6574e-08, -4.7220e-02, -1.7799e-21,
         1.4823e-02, -4.0331e-08, -1.1738e-02, -4.9144e-42,  1.8940e-02,
        -7.6341e-05, -3.4190e-02, -6.2890e-42, -7.3750e-42, -2.0504e-04,
        -3.8327e-18, -1.7042e-08,  6.6035e-05,  1.2012e-41, -6.3100e-25,
        -2.4429e-11,  1.6731e-32,  5.9333e-40, -9.0103e-42,  2.6169e-04,
         1.3325e-41,  3.8071e-02,  4.9526e-02,  5.1525e-09, -1.2281e-41,
        -5.1871e-22, -2.2897e-42,  5.4223e-08, -1.2916e-41, -1.6426e-02,
         9.3060e-42, -4.0379e-03, -1.7231e-05,  2.7777e-08,  8.4964e-24,
         1.0028e-08, -1.0342e-28, -5.0012e-42, -3.8173e-06, -9.3786e-07,
        -9.3805e-09, -1.9571e-07,  1.2877e-41, -3.3991e-32, -1.0478e-35],
       device='cuda:0', requires_grad=True)fc2.weightParameter containing:
tensor([[-6.7980e-02,  0.0000e+00, -1.2456e-04,  ...,  0.0000e+00,
          3.0589e-04,  0.0000e+00],
        [ 2.6852e-02,  0.0000e+00,  0.0000e+00,  ...,  0.0000e+00,
          1.1710e-03, -7.9885e-04],
        [ 1.6039e-02,  0.0000e+00,  0.0000e+00,  ...,  0.0000e+00,
          5.1982e-03,  6.8762e-04],
        ...,
        [-8.4828e-02,  0.0000e+00,  0.0000e+00,  ...,  0.0000e+00,
          1.3631e-04, -2.7119e-04],
        [-6.6380e-01,  0.0000e+00,  4.4402e-04,  ...,  0.0000e+00,
         -2.4719e-03,  4.7873e-03],
        [ 3.1325e-01,  0.0000e+00, -4.3210e-04,  ...,  0.0000e+00,
         -8.1352e-04,  2.0328e-03]], requires_grad=True)fc2.biasParameter containing:
tensor([ 0.0005, -0.0072, -0.0187, -0.0223,  0.0241, -0.0051, -0.0261, -0.0470,
         0.1382, -0.0404], device='cuda:0', requires_grad=True)