fc1.weightParameter containing:
tensor([[ 3.1240e-40, -1.8439e-40, -2.0361e-40,  ..., -1.1284e-40,
         -1.9457e-40, -3.5091e-40],
        [-9.4722e-41, -5.2725e-41,  6.0277e-41,  ..., -2.0325e-40,
          1.3384e-40, -2.4969e-40],
        [ 1.4992e-40,  1.8335e-40,  2.0274e-40,  ..., -2.1721e-40,
          2.2472e-40,  1.8754e-40],
        ...,
        [ 4.0580e-41,  9.4808e-41,  1.8665e-40,  ...,  2.4019e-40,
         -4.4280e-41, -2.3124e-40],
        [-3.2147e-40,  1.6523e-40, -3.2803e-40,  ...,  2.7981e-41,
          2.4834e-40,  2.2358e-40],
        [ 1.0600e-40,  2.3641e-41, -5.5667e-41,  ...,  3.8405e-40,
          2.6394e-40,  1.7374e-40]], device='cuda:0', requires_grad=True)fc1.biasParameter containing:
tensor([-2.6372e-17, -3.0479e-06, -2.6207e-13, -6.9694e-13, -1.1005e-07,
         5.5220e-02, -1.4895e-17, -1.8737e-12, -5.0565e-07, -4.6936e-27,
         2.4604e-02, -7.4928e-04, -9.0823e-24,  1.5252e-01, -2.0794e-22,
        -1.0355e-17, -1.3613e-02, -5.5817e-31, -4.3533e-14, -2.4794e-21,
        -3.2676e-34, -2.3162e-22, -1.9361e-03, -1.5533e-19, -9.5535e-14,
        -4.1119e-06, -2.1426e-06, -1.8452e-02, -2.5858e-06, -1.4592e-02,
         9.9103e-03, -1.4406e-02, -2.6185e-19, -1.0191e-07, -9.2722e-10,
        -1.2053e-10, -1.6926e-04, -3.6239e-10,  3.7630e-16, -2.2705e-10,
        -7.7895e-04,  1.7919e-01, -4.4922e-09, -1.8806e-07,  3.9315e-02,
        -1.5508e-14, -1.8943e-08, -3.6530e-07, -9.7804e-11, -2.4725e-13,
        -4.9885e-11, -1.5514e-04, -6.4982e-04,  4.4521e-02, -1.2651e-03,
        -1.7819e-05,  3.8811e-02, -4.1174e-07,  1.9226e-02, -5.7215e-10,
        -5.6197e-15, -1.2687e-10, -1.2472e-21, -7.6604e-03, -7.1331e-05,
         2.2216e-02, -6.8040e-05, -5.2450e-07, -1.1537e-11, -4.8987e-17,
        -9.0456e-14, -1.5977e-22,  1.5941e-02, -9.9385e-07, -6.2304e-13,
        -2.1753e-22, -2.7252e-08, -6.0653e-02, -6.0558e-27, -8.0896e-05,
        -2.2515e-07, -7.0138e-03, -1.3880e-11,  2.6190e-10, -2.9174e-12,
        -6.9727e-08, -8.2001e-08,  4.4030e-02, -6.3390e-25, -2.1188e-02,
         4.4048e-02, -1.2122e-05,  1.1460e-01, -2.5054e-16, -1.2504e-11,
        -5.0881e-03, -5.6930e-05,  4.9374e-02, -2.3233e-02, -3.0104e-02,
        -4.2825e-15, -1.5756e-18, -1.6188e-16, -1.9505e-04, -7.0057e-09,
        -1.4440e-06, -6.6801e-29, -1.3360e-11, -2.0341e-06, -7.1500e-05,
        -3.8052e-08, -4.7763e-24, -1.5463e-22, -6.3488e-08, -8.0494e-04,
        -2.6771e-23, -2.1506e-04, -2.0591e-07, -1.2901e-13, -7.1324e-19,
        -1.7930e-04, -6.8406e-06, -6.7033e-02, -4.6820e-12, -4.1840e-27,
        -1.9416e-13, -1.3804e-21,  8.9314e-02, -2.5686e-04, -6.1153e-03,
         2.4973e-05, -1.1088e-02, -1.6044e-20, -2.4501e-10, -4.8212e-17,
        -5.5723e-05, -6.5700e-21, -1.4677e-02, -7.8221e-10, -1.3941e-28,
         9.2312e-03, -1.2708e-10, -8.2733e-06, -7.9170e-06, -1.0347e-27,
         1.0298e-32, -1.2518e-16, -1.1406e-16, -5.3364e-06, -1.8183e-18,
        -2.4416e-18,  9.1574e-02, -1.6299e-15, -4.9402e-07, -5.1720e-14,
        -3.1822e-07, -9.0249e-05, -9.7415e-15, -4.9145e-05, -8.4880e-23,
        -1.0219e-06, -5.3788e-16, -1.7961e-15, -6.9801e-18, -4.7642e-12,
        -1.1911e-16, -3.6392e-03, -7.1522e-09, -3.8964e-03, -5.3397e-13,
        -2.3540e-15, -4.3003e-28, -1.1458e-09, -3.2487e-04, -5.7313e-11,
        -7.2072e-17, -3.1252e-05, -7.6274e-22, -9.8841e-06, -6.7673e-08,
        -1.8474e-05, -1.7651e-09, -1.3610e-21, -5.2248e-03, -1.1908e-27,
        -3.9871e-04, -5.8474e-08, -1.7756e-19, -2.0901e-06, -2.4733e-02,
        -5.7626e-20, -4.5225e-02, -6.1934e-13,  2.9334e-03, -5.0508e-06,
        -6.7027e-14, -2.0080e-10, -5.6102e-12,  1.0447e-01, -4.2467e-13,
        -1.9229e-30, -4.7244e-04, -1.5871e-17, -4.5143e-05, -5.8892e-11,
        -1.2921e-20, -1.1957e-20, -1.0469e-12, -2.0116e-16, -8.9812e-03,
        -2.7903e-07, -3.1780e-04,  1.5717e-01, -1.2375e-27, -3.4663e-05,
        -7.9640e-07, -3.4966e-18, -7.2891e-10, -1.4173e-06, -2.6661e-15,
        -1.1363e-15, -6.5578e-12, -1.5928e-01, -1.4464e-25,  5.3626e-03,
        -1.4227e-02, -8.4864e-03, -8.1737e-13, -2.4237e-24, -4.2456e-05,
         1.9853e-03, -3.1178e-24, -6.4859e-10, -4.5139e-04, -1.2406e-02,
        -6.5056e-05, -1.7045e-12, -1.3991e-11, -3.3478e-11, -1.2710e-19,
        -2.4047e-08, -1.5738e-05, -1.7156e-28, -3.2736e-14, -6.8112e-09,
        -2.3250e-07, -5.2364e-03, -5.2188e-16, -1.1723e-03,  7.9433e-02,
        -9.4111e-26, -1.2355e-06, -1.6812e-16, -2.9470e-08,  1.4331e-02,
        -6.6784e-02, -2.9710e-19, -2.8770e-05, -1.2189e-07, -4.0717e-21,
        -1.1285e-03, -1.3497e-02, -8.4499e-10, -1.3216e-12, -1.0022e-26,
        -3.7166e-03,  5.9926e-03, -1.7656e-05, -7.1254e-02, -1.8653e-02,
        -1.4065e-14, -4.1957e-16, -5.5551e-03, -9.1621e-11, -6.2910e-27,
        -3.9841e-13, -2.8154e-13, -6.8923e-23, -6.2762e-14, -1.8672e-09,
        -1.0051e-04, -1.7418e-12, -6.2283e-04, -6.3950e-16, -2.6388e-25,
        -1.3500e-23, -1.1039e-11, -1.9186e-14, -1.5754e-07,  1.6506e-33,
        -6.1380e-27, -1.0257e-01, -2.4977e-02, -1.8956e-04,  8.2016e-02,
        -1.0799e-12,  4.3316e-02, -2.4846e-18, -1.2480e-25, -2.0085e-07,
         3.6386e-02,  3.4252e-02, -4.4019e-18, -1.2226e-20, -7.2420e-11,
        -7.3234e-06, -1.0711e-18, -1.4477e-22,  5.7333e-03, -5.2911e-31,
        -3.4351e-06,  5.2678e-04,  9.6985e-02, -8.5998e-31, -2.6131e-04,
        -4.2563e-28, -4.8881e-19, -4.9655e-20, -4.9963e-02, -1.8985e-05,
        -9.8738e-30, -2.0370e-02, -2.9513e-21, -7.2374e-18, -3.0394e-16,
        -2.7106e-22, -5.5900e-04, -9.1506e-19,  8.8524e-02,  3.4065e-02,
        -2.3778e-11, -4.2899e-02, -1.0940e-09, -6.8269e-15, -4.5083e-09,
        -5.3015e-10, -3.6231e-28,  7.0645e-02, -7.4522e-22, -5.8863e-13,
        -2.2844e-06, -1.5982e-30, -6.8954e-30, -9.7272e-07,  2.0881e-02,
        -6.6964e-15, -7.7784e-14, -6.7835e-07, -2.7407e-26,  9.7890e-02,
        -5.7223e-05, -3.4609e-17, -5.7265e-10, -4.2007e-06, -2.3394e-13,
        -1.5001e-02, -7.0533e-11, -7.6703e-03, -2.4446e-16,  7.8678e-02,
        -2.7759e-16, -3.5859e-14, -2.5407e-17, -4.2262e-03, -8.3938e-16,
        -2.9659e-30, -5.0504e-27,  3.6580e-02, -2.8856e-15, -2.8996e-16,
        -1.0247e-02, -1.2625e-06, -4.3917e-03, -9.8477e-03, -1.6374e-01,
        -7.2237e-17, -1.1244e-05, -4.0029e-20, -1.0237e-04, -1.1220e-18,
        -1.3191e-04, -4.7491e-04, -2.4054e-03, -7.6018e-04,  6.2325e-02,
        -1.7221e-22, -1.4678e-11, -8.4176e-31, -1.8474e-04, -2.2621e-09,
        -1.7976e-11, -1.8111e-15, -4.3625e-14,  2.5736e-02, -3.4588e-04,
        -3.7278e-08, -9.5580e-21, -4.7197e-07, -2.7383e-25, -2.8126e-14,
        -2.4281e-06, -1.0968e-17, -1.1872e-21, -2.0726e-02, -4.2846e-04,
        -8.2767e-02, -1.0595e-06, -1.4296e-04, -7.9342e-19, -1.5010e-05,
        -3.7742e-07, -1.8581e-12, -3.1998e-12, -2.4986e-10, -7.6131e-11,
        -3.1543e-02, -1.4196e-22, -1.8125e-03,  9.3817e-32, -1.0264e-11,
        -2.3867e-02,  2.5008e-02, -2.0681e-15, -7.5790e-03,  9.7743e-02,
        -3.4911e-15,  1.6234e-13,  6.2934e-02, -6.6134e-08, -1.1630e-06,
        -1.6744e-13, -1.7226e-02, -4.9909e-15, -6.6348e-17, -6.9376e-06,
        -1.4942e-30, -5.2853e-09, -1.5816e-13, -5.0672e-07, -2.6890e-02,
        -3.6318e-15, -4.3758e-04, -8.6619e-18,  1.3027e-08, -7.0261e-02,
        -9.7118e-19, -6.5232e-14, -1.1309e-05, -3.4258e-16, -6.0280e-24,
        -9.3183e-04, -9.3032e-03, -7.5981e-03, -5.0281e-07, -7.2831e-06,
        -4.3191e-05, -1.3380e-12,  7.4623e-02,  2.6385e-02, -2.9140e-18,
        -1.0880e-04, -3.5944e-03, -3.1540e-11, -1.0443e-06, -4.9694e-17,
        -9.4335e-03, -1.1873e-10, -1.1564e-04, -2.0408e-29, -8.8968e-07,
        -1.6330e-20,  2.5462e-02, -3.0793e-13, -2.4890e-14, -2.5477e-02,
        -3.8561e-25, -1.7535e-02, -2.9544e-10, -1.0371e-10, -4.1146e-11,
        -1.2612e-03, -5.5922e-06, -1.8092e-05, -2.8005e-02, -5.3905e-10,
        -7.0839e-09, -7.5479e-28, -1.2424e-09, -1.3597e-04, -1.4652e-28,
        -1.2801e-26, -6.5014e-04, -6.6500e-14, -5.2230e-08,  4.0331e-02,
         2.6537e-02, -5.5560e-07, -1.1890e-11, -7.8456e-25, -2.5968e-04],
       device='cuda:0', requires_grad=True)fc2.weightParameter containing:
tensor([[ 1.1271e-22, -8.1758e-12, -6.4690e-39,  ..., -1.4172e-13,
         -3.9632e-25, -2.3695e-04],
        [ 1.2404e-40,  1.3130e-41,  2.2207e-40,  ..., -1.2161e-40,
         -1.7728e-40, -1.0809e-28],
        [-1.1051e-41,  1.2648e-27, -1.5716e-41,  ...,  1.9681e-18,
          2.4129e-25,  1.6912e-05],
        ...,
        [ 2.4941e-40,  2.2249e-40, -6.5962e-41,  ..., -1.2159e-40,
         -1.1621e-40, -1.2936e-40],
        [-7.7366e-42, -1.1035e-13,  2.4779e-40,  ...,  1.4343e-12,
         -8.4525e-27, -7.9432e-05],
        [-7.5054e-42,  7.2072e-17,  7.1522e-42,  ..., -3.1915e-16,
          3.2389e-26,  4.0653e-05]], device='cuda:0', requires_grad=True)fc2.biasParameter containing:
tensor([ 9.2889e-03, -5.5338e-25,  1.3794e-02,  4.2672e-05, -9.5911e-04,
         5.9626e-02,  1.7206e-03,  1.4929e-02,  3.5344e-02,  1.4122e-02,
        -4.7798e-42,  4.7546e-02,  2.7475e-02,  1.8127e-15,  3.7697e-02,
         1.0757e-02, -1.1960e-02,  1.4137e-02, -9.5527e-42,  1.3949e-41,
        -9.5056e-03, -5.4589e-03,  3.4961e-03, -1.5652e-03,  3.3707e-02,
         5.4204e-02,  4.8025e-03,  1.5039e-06,  1.7740e-02,  5.8548e-35,
         1.8870e-25,  4.3659e-02,  1.1161e-02, -1.6222e-02, -5.6234e-42,
        -9.0400e-15,  1.1377e-02, -6.8243e-43,  3.7931e-02, -6.1454e-33,
        -2.1655e-04, -5.2510e-32,  9.5978e-03,  1.4993e-02,  4.8669e-02,
         2.2007e-11, -1.6039e-02,  5.0785e-03,  5.6396e-02,  2.5743e-02,
         3.0282e-02,  3.2199e-02,  1.7805e-02,  6.7038e-02,  3.9844e-30,
         2.1295e-02, -1.3761e-42,  7.3392e-03, -6.2638e-42,  3.1384e-02,
         1.1739e-02,  4.0652e-02, -9.0888e-42,  7.1456e-34,  2.9310e-02,
         1.0370e-02, -5.9644e-08,  4.9096e-02, -3.1350e-12,  5.3519e-16,
         4.1535e-05,  6.0900e-42,  6.8024e-03,  3.8124e-02,  1.0617e-02,
         5.9511e-03,  2.1023e-03, -1.3232e-41,  1.0673e-03,  2.7503e-02,
         2.3848e-03, -7.1376e-21,  5.9484e-03,  5.8250e-03,  1.2631e-03,
         1.3621e-02,  5.1401e-02,  2.1160e-43, -2.7552e-03, -6.5340e-03,
         3.2878e-02,  4.6401e-03,  3.5000e-02, -5.8475e-03,  1.8284e-02,
         3.5765e-02,  2.7053e-02,  9.1463e-42, -1.7868e-03, -6.3218e-06,
        -1.6717e-20, -4.8901e-21, -3.4338e-03,  2.7665e-02,  5.6514e-42,
         2.5418e-02,  2.7537e-03,  1.3762e-02,  4.6212e-02,  7.0566e-02,
         2.9503e-02,  4.4966e-04,  2.4045e-02,  2.6784e-03,  5.6499e-02,
         2.1723e-02,  9.3561e-03,  1.0655e-02,  7.2268e-03,  8.4085e-08,
         5.8458e-03,  1.5481e-02,  2.0787e-02,  1.6756e-14,  1.4910e-02,
         3.6788e-02,  3.1472e-04,  1.1006e-41,  3.4485e-02,  5.1076e-03,
         3.6235e-03,  3.6205e-02,  2.0601e-02,  9.7896e-03,  2.9390e-02,
         1.2458e-02,  3.7190e-03, -9.9726e-03,  1.3551e-02,  5.1948e-02,
         1.8391e-02, -5.9513e-07,  4.9455e-02,  6.4067e-02,  2.3230e-03,
         4.8318e-03,  1.3637e-02,  3.3975e-02,  5.2825e-02,  2.0108e-02,
         4.9655e-02,  1.3968e-02,  1.0930e-41, -2.5854e-03, -8.1143e-04,
         1.4057e-02,  6.2382e-02,  3.4417e-03,  2.9118e-02,  1.7962e-02,
         1.6300e-02,  2.8474e-03,  2.9183e-02,  4.0589e-36,  3.4680e-02,
         2.3255e-02,  1.7685e-02,  5.0236e-03, -1.2268e-03,  4.4174e-02,
         1.8457e-02,  2.4133e-02,  3.7511e-03,  7.0536e-03,  2.6416e-02,
         2.9977e-02,  2.6440e-02,  1.9747e-03, -1.2477e-10,  1.5453e-02,
         1.0913e-04,  3.2220e-02,  2.9075e-04,  4.2573e-02,  1.0670e-02,
        -2.0700e-03,  3.5185e-24, -3.3983e-32,  2.3602e-02,  5.6380e-02,
         5.5713e-08,  2.7365e-03,  7.1307e-02,  5.1923e-03, -4.4415e-03,
         2.1541e-02,  1.0442e-13, -5.6522e-23, -8.8591e-06, -2.2594e-10,
        -4.8496e-05,  4.0674e-33,  1.4319e-03,  2.1695e-02, -8.4350e-38,
         3.4972e-02,  2.0771e-02,  2.9729e-13, -3.1991e-02,  1.3005e-02,
        -4.0708e-42,  1.2369e-02,  4.1399e-02, -1.7905e-07,  1.9549e-02,
         2.6704e-03,  2.0664e-02, -4.8043e-03,  1.9490e-02,  2.4319e-02,
        -8.3762e-13, -2.9077e-09,  4.1078e-03,  9.3473e-03,  3.9650e-02,
        -1.9571e-26,  6.0425e-02,  9.3481e-42,  3.8704e-41,  1.3062e-02,
        -3.5100e-03,  1.8824e-02,  2.3159e-02,  6.0423e-02, -5.9795e-03,
         2.7869e-02,  2.2329e-02,  1.5432e-12,  3.9517e-02, -2.7086e-17,
         1.4688e-02, -4.6670e-04,  2.2942e-02,  4.6765e-02,  7.9253e-03,
        -1.1907e-06,  4.9932e-28,  3.7970e-03,  4.3553e-02,  6.7750e-02,
         1.2326e-02,  1.8110e-02,  1.1757e-40, -3.4178e-03,  1.5932e-05,
        -9.4521e-29,  9.9781e-03,  1.5309e-06,  1.2754e-02, -1.8454e-07,
         4.8463e-02,  2.0746e-02,  5.1906e-02,  3.2771e-02, -5.2078e-05,
        -9.0496e-19,  3.1636e-02,  1.3649e-42,  1.4234e-41,  1.8976e-02,
         2.5802e-02,  1.5066e-02, -1.4605e-02,  3.6793e-02,  7.4829e-42,
        -4.3553e-03,  1.3779e-02,  5.6510e-03,  4.3538e-42,  3.9924e-02,
         2.6190e-02,  8.2641e-03,  2.0870e-02, -3.5231e-02,  1.0335e-41,
        -1.7223e-09,  1.4142e-02,  4.7073e-02,  1.3897e-02,  2.1872e-02,
         1.6070e-03,  1.1279e-02, -2.8691e-11, -1.9388e-05,  3.3911e-03,
         2.3661e-02, -5.1493e-03,  9.9065e-41,  4.7936e-02,  2.0459e-02],
       device='cuda:0', requires_grad=True)fc3.weightParameter containing:
tensor([[ 2.2148e-01,  2.6036e-25,  1.7109e-01,  ...,  6.6113e-42,
          4.0114e-02, -1.4576e-01],
        [-1.0966e-01,  1.3318e-25, -6.7525e-02,  ...,  8.8002e-43,
         -1.8232e-01, -6.9498e-02],
        [-1.1366e-01, -1.7759e-25,  1.2567e-01,  ..., -1.4870e-20,
         -7.2780e-02,  2.4578e-01],
        ...,
        [ 1.9150e-01,  7.9389e-26, -7.5562e-02,  ..., -4.4743e-32,
          9.6502e-02,  5.4144e-02],
        [-1.6916e-01, -1.1280e-24,  7.6644e-02,  ...,  2.6504e-11,
          1.0075e-01,  1.4272e-01],
        [ 2.1527e-01,  3.6263e-25, -5.5591e-02,  ..., -5.1842e-11,
          1.6622e-01, -1.8078e-01]], device='cuda:0', requires_grad=True)fc3.biasParameter containing:
tensor([-0.0357, -0.0280,  0.0369, -0.0791, -0.0072,  0.0378, -0.0485, -0.0202,
         0.0872,  0.0583], device='cuda:0', requires_grad=True)