conv1.weightParameter containing:
tensor([[[[-2.0544e-05, -6.2367e-06, -2.8190e-06,  1.3198e-06,  1.6619e-04],
          [ 1.0583e-04, -1.5072e-05, -2.9805e-05,  3.3966e-06, -2.8544e-05],
          [-5.1580e-06, -7.0200e-05, -4.4019e-05,  4.1462e-05, -2.3388e-05],
          [ 9.8669e-06,  1.7582e-05, -4.9943e-05,  1.2697e-04, -3.7561e-05],
          [ 4.3753e-05,  6.4516e-05, -5.6186e-05, -1.1532e-04, -6.6218e-05]]],


        [[[ 2.1518e-04, -9.0321e-05,  1.1645e-04, -1.8860e-05,  1.2061e-04],
          [-2.3402e-04, -4.9229e-05,  1.9178e-04, -4.1122e-05, -2.1691e-05],
          [ 1.4467e-04,  4.7205e-06, -6.2369e-05,  6.9325e-05, -1.6684e-04],
          [ 1.9302e-04,  1.8187e-04,  1.4399e-04,  9.9468e-05, -1.8231e-04],
          [-6.0906e-05,  1.2879e-05,  3.4309e-05,  4.9179e-06,  1.4004e-04]]],


        [[[-3.9868e-06, -2.0323e-05,  1.5995e-04,  1.5245e-04,  4.4521e-05],
          [ 3.3798e-05,  1.3336e-04, -1.3790e-04, -1.3989e-04,  4.4416e-05],
          [ 9.9760e-05,  2.5670e-05,  1.6460e-04, -1.3888e-04,  1.1289e-04],
          [-9.0497e-05,  6.4826e-05, -1.2069e-04,  1.9088e-04,  8.5220e-05],
          [-1.6321e-04,  3.5468e-05, -1.3141e-05, -9.2745e-05, -3.2923e-05]]],


        [[[-1.0532e-03,  2.5567e-04,  7.5874e-04,  1.2943e-03,  6.6587e-04],
          [ 1.7113e-03,  2.3825e-03,  3.0392e-03,  3.7942e-03,  9.4140e-04],
          [ 1.6585e-01,  9.1495e-01,  8.5437e-01,  1.0230e-01,  3.7433e-03],
          [ 1.0191e-01,  1.7383e+00,  2.1114e+00,  8.5645e-01,  3.2262e-03],
          [-1.9652e-04,  6.8712e-01,  1.2241e+00,  6.2692e-01,  8.2669e-05]]],


        [[[ 2.2449e-05, -2.5494e-05, -1.2377e-04, -1.0840e-04, -1.4608e-04],
          [-6.7323e-05, -6.8020e-05, -1.4941e-04, -3.5851e-05, -3.5892e-05],
          [-9.6290e-05,  5.4937e-05, -1.4384e-05, -1.4675e-04,  2.8963e-05],
          [-8.3113e-05,  3.0845e-06, -1.4593e-04, -1.4040e-04, -1.7859e-04],
          [ 1.2875e-04,  9.3582e-06, -4.2561e-05,  6.7790e-05, -2.7624e-05]]],


        [[[ 7.7810e-05, -1.8123e-04, -7.8919e-05, -3.9387e-05,  1.1282e-04],
          [ 6.3786e-05,  1.9209e-05, -1.7369e-05, -1.4895e-04,  1.5791e-04],
          [ 1.6274e-04, -3.0270e-04, -1.2503e-04,  4.6910e-05, -6.4327e-05],
          [-4.2295e-05,  1.1202e-05,  1.6634e-04, -5.0833e-05,  1.4468e-04],
          [ 1.8556e-04, -9.7951e-05,  4.3307e-05, -2.2794e-04, -4.7626e-05]]],


        [[[-8.8024e-05, -1.2486e-04,  5.8882e-05,  1.2872e-04, -4.6654e-05],
          [-1.4462e-04,  3.6797e-05,  5.0322e-06, -4.8570e-05,  1.3061e-04],
          [ 1.7039e-04,  5.3641e-05, -6.1772e-05,  1.6984e-04, -1.3516e-04],
          [ 9.2335e-05,  1.3082e-04,  1.2341e-04, -1.7178e-04, -1.6975e-04],
          [ 1.3563e-04, -1.3261e-04,  1.6037e-04, -1.2652e-04, -1.1592e-04]]],


        [[[ 2.0627e-04,  1.2978e-04,  6.8999e-05, -2.5963e-04, -1.3479e-04],
          [ 2.2345e-04, -2.2980e-05, -6.1407e-05, -1.1273e-04, -1.8048e-04],
          [ 3.4867e-05, -8.3158e-07, -1.4480e-04,  8.4807e-05, -1.7581e-04],
          [ 3.1925e-05,  1.6134e-05, -1.5698e-04,  1.4164e-06, -5.3275e-05],
          [ 6.1251e-06, -3.8718e-05, -8.4433e-05,  2.1472e-05, -4.4050e-05]]],


        [[[ 5.3273e-05, -9.9141e-05,  1.9128e-05,  1.6156e-04,  8.0071e-05],
          [-2.7446e-05, -3.8651e-06,  1.6929e-05, -2.1460e-04,  9.9569e-06],
          [ 1.5948e-04,  3.9742e-05, -2.6735e-05,  9.3602e-05, -1.8113e-06],
          [-1.8159e-05,  7.7009e-05, -2.1282e-05,  7.3358e-06,  3.3307e-05],
          [-9.4890e-05,  1.2013e-04, -4.9960e-05, -9.5078e-05,  9.8449e-05]]],


        [[[-1.0723e-04,  2.7577e-05, -7.4483e-05,  4.0462e-05,  4.1249e-05],
          [-9.7851e-05,  6.8507e-05, -4.5931e-05, -9.7738e-05,  2.7560e-04],
          [ 2.0423e-04, -1.0886e-04, -2.5408e-04,  1.1669e-04,  1.9573e-04],
          [ 4.6924e-05, -3.1747e-05,  6.7915e-05, -8.0263e-05,  6.5560e-05],
          [-6.6938e-05,  6.6305e-05,  6.8166e-05, -1.0877e-04,  1.7731e-04]]],


        [[[-7.3439e-05, -1.1036e-04, -1.5409e-04,  8.4567e-06, -2.5993e-06],
          [ 1.5390e-04,  2.3068e-04,  7.2002e-05,  3.5022e-05,  1.2195e-05],
          [ 1.2673e-04,  1.4475e-04, -1.3372e-04, -2.7673e-05,  5.7545e-05],
          [ 6.3928e-05,  2.1158e-05, -1.4514e-04,  5.2474e-05, -6.8872e-05],
          [ 4.6103e-06, -6.4096e-05,  1.2883e-04,  3.3257e-04,  5.1830e-05]]],


        [[[-2.9351e-05,  5.9618e-05, -4.6415e-05,  1.3481e-04,  1.3990e-04],
          [ 1.6914e-04, -2.1291e-04,  1.2498e-04, -5.9924e-05,  1.9223e-04],
          [-9.7463e-05, -1.8425e-04, -4.0172e-05, -1.5353e-04,  1.1646e-05],
          [-1.7438e-05,  1.1163e-04, -8.5466e-06,  6.8522e-05,  1.3237e-04],
          [ 1.6745e-04,  4.4154e-05,  5.6569e-05, -3.1372e-05, -1.3449e-04]]],


        [[[-1.1303e-04, -1.4750e-04, -8.6923e-05,  1.8442e-04,  1.6770e-04],
          [ 1.7579e-05, -3.4195e-05, -2.2561e-04,  2.9328e-05,  1.2749e-04],
          [-1.7760e-05, -3.4163e-05,  6.7208e-05,  3.1339e-04,  2.3760e-05],
          [-8.1860e-05, -1.1254e-04,  1.8853e-06, -1.8098e-04, -1.7213e-04],
          [ 5.7113e-05,  2.3315e-04,  1.3438e-04,  1.8371e-04,  3.4452e-05]]],


        [[[-3.3505e-05,  7.2320e-06,  1.0791e-04,  1.0421e-05,  1.3567e-04],
          [-2.8807e-05,  1.3065e-04, -7.8270e-05, -5.7026e-05,  1.0349e-04],
          [-8.3645e-05,  7.1799e-06, -4.5050e-05, -1.5103e-04, -6.4868e-05],
          [ 7.8498e-05, -2.2368e-04, -1.2315e-05,  5.1478e-05, -6.9011e-05],
          [-5.3036e-05,  1.8371e-04, -2.4457e-06,  9.0451e-05,  9.8062e-05]]],


        [[[ 5.3511e-04, -1.6058e-04, -4.6427e-04,  1.5025e-01,  2.8687e-01],
          [-1.0381e-04,  3.4410e-01,  3.7859e-01,  1.6179e-01, -4.5305e-04],
          [-9.5136e-04, -1.3024e-03, -1.1282e-03, -1.0683e-03, -7.7269e-04],
          [-8.2208e-04, -1.1934e-02, -2.1507e-01, -3.0811e-01, -1.0789e-01],
          [-2.7500e-04, -1.3280e-01, -1.0285e-03, -1.0695e-03, -5.9857e-04]]],


        [[[-1.0861e-05,  1.2428e-04, -1.8092e-04, -8.5871e-05, -5.2020e-05],
          [ 4.3470e-05, -1.5122e-04,  9.9596e-05, -1.2329e-05, -6.0120e-05],
          [-8.0703e-05, -1.3560e-06,  7.9797e-06,  4.4312e-06, -1.2868e-04],
          [ 1.0926e-04, -6.4074e-05,  7.4837e-05,  1.4101e-05, -4.6149e-05],
          [ 4.8415e-05, -2.4179e-05, -1.3929e-05, -7.0119e-06,  1.7077e-04]]],


        [[[ 4.9040e-05, -5.0102e-05,  3.7004e-05, -9.0335e-05,  1.1532e-04],
          [ 4.0827e-05, -8.4859e-05,  5.6616e-05,  1.2837e-04, -5.7403e-05],
          [ 1.2441e-04,  1.1086e-04,  9.9592e-05, -3.1002e-05, -2.1195e-05],
          [ 9.9532e-05,  6.5846e-06, -2.4213e-05,  1.6782e-04,  1.4424e-04],
          [ 2.4134e-05,  1.0448e-06,  5.1417e-05, -1.0411e-04, -2.8927e-05]]],


        [[[ 1.5284e-04,  5.4010e-05,  1.1851e-04, -1.8502e-04, -1.2867e-05],
          [ 6.5837e-05, -3.5512e-06,  4.6614e-05, -7.4171e-05, -8.6412e-05],
          [ 7.0702e-05,  1.5230e-04,  1.8386e-05, -2.1906e-05,  2.5554e-05],
          [-4.9866e-05, -5.6086e-06, -5.3835e-05,  5.5349e-05, -6.8355e-05],
          [-5.8365e-05, -4.8501e-05, -2.9313e-05,  1.1315e-04,  1.3394e-04]]],


        [[[ 1.0673e-04,  6.0347e-07, -1.7545e-06, -7.7110e-06,  2.0186e-05],
          [ 3.0752e-05, -1.4809e-04,  4.2032e-05,  1.0445e-05,  1.4070e-05],
          [ 8.9325e-05, -1.5286e-04,  7.5636e-05,  6.0726e-05,  5.8202e-06],
          [-3.1810e-05,  2.8470e-05,  5.8984e-05,  1.0181e-05, -1.1065e-04],
          [-1.4884e-04, -7.1863e-05,  3.6734e-05, -1.7754e-04, -1.0891e-04]]],


        [[[-4.2152e-05,  1.7564e-06,  9.1813e-05,  2.7918e-04, -3.6347e-05],
          [-5.1891e-05, -1.5995e-04, -4.8931e-05,  1.6957e-04,  6.2745e-05],
          [-3.5045e-05, -5.4711e-05, -6.8762e-06, -5.1593e-05,  3.6082e-05],
          [-8.6035e-07, -9.3892e-06, -2.1470e-06, -8.3985e-05,  1.3129e-04],
          [-9.9494e-05, -1.3858e-05, -4.0073e-05,  9.4057e-05,  3.9434e-06]]]],
       device='cuda:0', requires_grad=True)conv1.biasParameter containing:
tensor([-0.0009,  0.0013, -0.0008,  0.0020, -0.0006, -0.0006, -0.0006,  0.0006,
        -0.0006,  0.0049, -0.0012, -0.0004, -0.0004,  0.0023,  0.0743, -0.0011,
         0.0036, -0.0010,  0.0015, -0.0003], device='cuda:0',
       requires_grad=True)conv2.weightParameter containing:
tensor([[[[ 1.2076e-04, -5.8118e-05,  1.1964e-04,  6.6743e-05, -5.4667e-05],
          [-2.3318e-05,  6.6680e-05, -1.0163e-05, -1.2545e-04, -1.8812e-05],
          [ 1.0139e-04,  1.0012e-05, -8.3218e-05, -1.1840e-04, -2.3717e-05],
          [ 5.7212e-05, -1.2529e-04,  2.3386e-05, -5.6332e-05, -1.6503e-05],
          [ 7.3359e-06, -3.1114e-05,  5.7952e-06, -1.1786e-04,  1.2287e-04]],

         [[ 6.4496e-05,  8.6338e-05, -2.8734e-05, -8.4872e-05,  1.3563e-04],
          [-7.0261e-05, -3.8583e-05,  2.5961e-06, -4.7970e-05, -1.6701e-05],
          [ 5.6463e-06, -6.2071e-05,  2.0055e-04,  5.9667e-05,  8.4672e-05],
          [ 6.4015e-05, -2.7516e-05,  6.2103e-05,  2.4640e-05,  1.2377e-04],
          [-2.7644e-05, -3.9155e-05,  2.5101e-04, -3.4340e-05, -1.1963e-04]],

         [[ 8.1245e-05,  8.0939e-05,  5.2648e-07,  8.7676e-05,  1.7543e-05],
          [ 1.1263e-04,  1.4948e-04, -6.0997e-05, -2.5341e-05,  1.3394e-04],
          [ 1.1196e-04,  8.1320e-05, -1.8877e-04, -1.0396e-04, -4.5212e-05],
          [ 9.2907e-05, -1.2420e-04, -8.4444e-05,  1.9080e-04, -3.8364e-05],
          [ 6.5399e-05, -1.7878e-05,  1.1963e-04, -1.0244e-04, -3.8174e-05]],

         ...,

         [[-8.1939e-05,  7.7164e-05,  8.5247e-05, -1.2405e-04,  8.2980e-06],
          [-1.2736e-04,  4.9146e-05,  7.3500e-05, -2.6778e-05,  8.1963e-05],
          [ 7.4555e-05,  2.5471e-04, -9.1027e-05, -1.0203e-05, -3.8849e-05],
          [-1.0112e-05,  7.3904e-05,  6.5830e-05, -1.0084e-04,  5.6101e-05],
          [ 1.0731e-04, -1.2403e-04,  6.9002e-05, -1.0724e-04, -6.6537e-06]],

         [[ 1.3005e-05,  1.1804e-04,  1.0443e-04, -2.3810e-05, -1.0394e-04],
          [-2.2041e-04,  1.4510e-04,  8.1280e-05,  8.3653e-05, -7.5146e-05],
          [ 1.5889e-04,  7.4657e-05,  5.9960e-05, -1.1930e-05,  1.0299e-04],
          [ 1.7582e-05, -5.1345e-05, -7.4543e-05, -3.6768e-05, -3.0961e-06],
          [-9.8236e-05, -1.2877e-04, -4.5529e-07,  6.9864e-06,  2.3459e-04]],

         [[ 4.6764e-05, -4.1886e-06, -1.6175e-05,  7.2251e-05,  2.0773e-04],
          [-2.0705e-06,  2.0786e-04,  1.4453e-04, -1.9749e-06, -5.8397e-05],
          [ 8.1404e-05,  2.3783e-04, -6.7526e-06, -1.9565e-04, -2.0012e-05],
          [-2.2149e-04,  2.5625e-04,  5.9889e-05, -7.7635e-05, -8.9364e-05],
          [-4.6868e-05, -2.6065e-05, -5.0294e-05,  4.8047e-06,  7.2608e-05]]],


        [[[ 7.2449e-05, -1.7481e-04, -1.2297e-04, -5.2448e-05,  1.7468e-04],
          [ 2.4123e-04,  4.8964e-06, -1.4440e-05, -3.5099e-05, -9.7636e-06],
          [-1.7463e-04,  7.3901e-07,  5.8791e-05, -1.8562e-04, -1.1585e-04],
          [ 2.7089e-06, -7.7189e-05, -1.0519e-04,  2.5267e-06, -1.1457e-05],
          [-7.7903e-05, -7.5631e-05,  1.6956e-05,  1.6214e-05,  5.8025e-05]],

         [[-4.0581e-05, -4.7207e-05, -1.9661e-04,  7.7805e-05, -8.2880e-05],
          [ 1.4810e-04, -2.1112e-06, -1.5259e-05,  4.9357e-05,  3.5057e-05],
          [-1.0441e-04,  2.7100e-05,  6.7549e-05,  3.9105e-05, -1.6583e-04],
          [-1.3794e-04,  2.5209e-05,  1.3745e-04,  3.6662e-05,  9.0060e-05],
          [-8.6717e-05, -9.3385e-06, -8.4482e-05, -6.0698e-05, -2.0403e-04]],

         [[ 8.0967e-05, -5.5041e-05, -2.0902e-05,  9.9789e-06,  2.7475e-05],
          [ 5.6434e-05, -1.3264e-04, -1.3102e-05, -3.8656e-05, -5.6261e-05],
          [-7.2575e-05,  6.5736e-05,  9.2781e-05,  8.1860e-05, -1.1598e-04],
          [-1.7410e-04,  7.4599e-05, -2.2899e-05,  2.1246e-05, -9.7095e-06],
          [-1.2965e-05,  4.8811e-05, -1.3161e-04,  1.1922e-04, -1.1346e-04]],

         ...,

         [[-1.1851e-08, -5.5342e-05,  2.1962e-05, -1.9278e-04, -7.2092e-05],
          [ 8.6198e-05,  1.3623e-04, -3.2511e-06, -1.4664e-05, -5.7253e-05],
          [-3.4156e-06, -1.6189e-05, -7.1113e-05,  5.4952e-05,  1.0972e-04],
          [-1.1552e-05, -3.5248e-05, -1.8875e-04,  2.4286e-05,  3.3264e-06],
          [ 1.4895e-04,  4.4849e-05, -2.4251e-04, -7.1210e-05,  2.4395e-04]],

         [[-1.6378e-05, -4.5900e-05, -1.0805e-04,  1.0380e-04, -4.7677e-05],
          [ 9.7980e-07, -1.5324e-04, -1.6839e-04,  2.9753e-05, -1.8336e-05],
          [ 1.3247e-04,  5.8740e-05, -3.8832e-05, -2.5369e-04, -5.5810e-05],
          [ 1.7953e-05,  7.6294e-06,  3.2069e-05, -4.0501e-06,  1.2957e-04],
          [ 7.6649e-05,  9.2041e-05,  7.7606e-06, -8.2193e-05,  9.3638e-06]],

         [[-5.7138e-05,  1.9616e-05,  9.7422e-05, -9.7749e-05, -3.2453e-05],
          [ 1.0610e-04, -3.6043e-05, -2.7736e-04,  1.3754e-04,  2.4029e-05],
          [ 1.9647e-05, -1.1681e-05, -1.3800e-04,  3.2973e-05,  9.6605e-05],
          [ 9.9432e-05, -5.4025e-05,  9.7173e-05,  1.1940e-05,  6.7018e-05],
          [ 9.6551e-05,  1.1468e-04, -7.0219e-06,  2.2962e-05, -1.6117e-05]]],


        [[[-7.7645e-05,  1.3558e-04,  9.7378e-05, -1.0409e-04,  4.1409e-05],
          [-2.8157e-05, -7.0734e-05,  3.8946e-05, -3.0053e-06,  2.4223e-05],
          [ 1.0209e-05, -2.4360e-05,  8.0087e-05, -5.0180e-05,  1.2242e-04],
          [ 4.9445e-05, -1.5241e-04,  3.5772e-05,  2.2292e-05, -1.5568e-04],
          [ 3.4959e-05, -1.2805e-04, -1.8667e-05, -2.1040e-04,  1.1206e-04]],

         [[ 3.9641e-05,  3.9001e-08, -1.7874e-05,  1.0745e-04,  4.4612e-05],
          [-3.5744e-05, -5.6764e-05, -3.0779e-05, -6.3261e-05,  2.2766e-04],
          [-7.3165e-06,  7.6578e-06,  8.6391e-05,  3.2782e-05, -2.3654e-05],
          [ 1.3863e-04,  5.1081e-06, -1.0157e-04,  4.1425e-05,  5.9680e-05],
          [ 6.4048e-05,  1.0596e-04,  7.0347e-05,  1.5671e-05, -2.1856e-05]],

         [[-6.2546e-05,  6.3600e-05,  8.1693e-05, -1.9173e-04, -2.1491e-05],
          [ 6.3721e-05,  1.2940e-05,  7.1093e-05, -4.1795e-05, -6.3281e-05],
          [-2.6359e-05,  8.8146e-05, -8.4034e-06,  1.3846e-05,  9.2180e-05],
          [ 1.9462e-05,  7.1065e-05, -5.7901e-05, -8.9710e-05,  1.1904e-04],
          [ 1.2833e-04, -3.3908e-06, -5.5449e-05, -1.4768e-05, -1.2483e-04]],

         ...,

         [[-2.1315e-05, -8.9041e-05,  5.8407e-05, -5.3336e-05, -1.1799e-04],
          [ 6.8336e-05, -1.0761e-04,  3.5079e-05,  1.8230e-04, -1.6334e-04],
          [ 5.5559e-05, -1.4925e-04,  1.3732e-05, -1.6651e-06,  1.0171e-04],
          [-1.6794e-05, -8.9995e-05, -4.9648e-06, -3.8691e-05,  1.5925e-05],
          [ 2.8804e-05, -1.6060e-04,  9.3763e-07,  6.5282e-05, -3.5700e-05]],

         [[ 1.0334e-04,  5.8406e-05,  7.6307e-05, -4.0151e-05,  5.1096e-05],
          [-4.4366e-05, -5.5511e-05,  1.2426e-04,  8.0293e-05, -3.2679e-05],
          [-6.5716e-05, -2.0908e-05, -6.6327e-05,  6.1960e-05,  8.6494e-06],
          [-4.1727e-05,  1.2395e-04, -4.6215e-05, -1.8382e-05,  5.9433e-05],
          [-4.5453e-05, -5.4362e-05,  1.2074e-05,  1.9806e-04, -1.6713e-06]],

         [[ 1.5191e-04,  3.1899e-05, -1.0163e-05,  6.6046e-05,  1.0920e-04],
          [-1.1777e-04, -9.2682e-05,  5.8927e-05, -5.1458e-05, -1.2132e-05],
          [-6.5452e-05,  1.0369e-04,  4.2175e-05, -2.5194e-06, -6.2762e-05],
          [ 5.1164e-05, -3.6857e-05,  1.9152e-05, -1.2563e-04, -3.8802e-05],
          [ 1.7828e-05, -1.3921e-05, -5.6388e-05,  3.6156e-05, -4.6649e-05]]],


        ...,


        [[[-1.7030e-04, -2.4544e-04, -8.8474e-06,  7.0360e-05, -1.3134e-05],
          [ 7.6398e-05,  6.0714e-05, -7.0347e-05,  7.7248e-05,  3.4689e-05],
          [-7.6197e-05, -2.5048e-05,  8.7818e-05,  2.4974e-04,  8.6132e-05],
          [-1.0633e-04, -9.3790e-05, -7.7530e-05, -1.9676e-05, -2.9922e-05],
          [-7.0112e-05, -5.7417e-05, -6.9827e-05,  7.2936e-05, -6.6401e-05]],

         [[-1.3635e-05,  2.8884e-06,  2.4591e-05,  1.3906e-04,  5.2495e-05],
          [-3.0329e-05, -1.4815e-05,  1.1435e-04, -1.1395e-04, -7.3836e-06],
          [-1.9023e-05,  5.3683e-05, -2.3186e-04, -7.6341e-05, -2.8556e-06],
          [-1.1933e-04, -6.9405e-05,  3.7534e-06, -3.1622e-05, -5.3614e-06],
          [-5.1560e-05, -1.1864e-04, -2.1158e-06,  5.6419e-05, -1.2755e-04]],

         [[-1.7811e-04,  2.1548e-04,  1.0795e-04, -2.7268e-05, -4.9720e-05],
          [-5.3412e-05,  2.1660e-04,  1.0569e-04,  9.3864e-06, -1.4008e-05],
          [-5.7364e-05,  2.3126e-04,  1.2472e-04, -3.9788e-05,  8.8299e-06],
          [ 4.3070e-05, -2.3487e-04,  8.7297e-05, -4.1244e-05, -4.4569e-06],
          [-3.3480e-05, -6.3259e-05,  4.6089e-05, -1.6989e-04,  1.0945e-04]],

         ...,

         [[-5.1387e-06,  4.2397e-05, -1.1556e-05, -1.1604e-04,  8.5241e-05],
          [ 4.8210e-05,  5.4875e-05, -1.4209e-04,  1.4054e-04, -8.9817e-05],
          [-4.5636e-05, -7.3545e-05, -1.8855e-04, -4.2347e-05, -1.3248e-04],
          [ 8.0681e-05,  8.0123e-05, -2.2542e-05, -1.2871e-04,  3.2117e-05],
          [ 4.5862e-05,  7.4652e-05, -3.3507e-06,  9.9130e-05, -1.2377e-04]],

         [[-2.5032e-04,  7.5854e-05, -4.0729e-05, -1.8366e-04,  7.8210e-05],
          [ 1.1328e-04, -2.5790e-05, -8.8019e-06, -7.8619e-06,  1.9118e-04],
          [-3.9875e-06,  9.0376e-05,  9.8447e-06,  1.3952e-04, -3.7085e-05],
          [-3.0114e-06,  7.8135e-05, -1.0829e-04,  5.0859e-05, -2.1005e-05],
          [-7.6228e-05, -6.7432e-05, -9.8879e-05,  1.8434e-04,  2.4793e-05]],

         [[-2.9013e-05, -1.1844e-04, -1.9269e-05,  2.9313e-05, -6.5786e-06],
          [ 4.2636e-05, -9.1108e-05,  6.9543e-05, -5.7136e-06, -4.5174e-05],
          [ 2.8190e-05, -6.4655e-05,  8.4802e-05, -1.0841e-04, -4.2617e-05],
          [-2.9817e-05, -2.3061e-05, -1.4281e-04, -5.2535e-05,  4.4278e-05],
          [-6.5166e-05,  6.5851e-06,  7.4000e-05, -3.3595e-05, -9.5032e-05]]],


        [[[-4.5519e-05, -3.4448e-05,  8.6151e-05, -1.2538e-05,  2.8416e-05],
          [ 6.1095e-05,  2.8451e-06,  3.1536e-05, -6.1953e-05, -1.1483e-04],
          [ 1.0415e-04,  1.0708e-04, -7.5592e-06,  5.3121e-06,  1.3443e-05],
          [-2.8565e-06, -1.0428e-04, -7.6360e-05, -5.1360e-06,  1.2493e-04],
          [-2.6603e-05,  1.0180e-05, -1.2475e-04,  1.0853e-05, -6.1052e-05]],

         [[-1.5732e-04, -3.8639e-05,  6.3613e-05,  1.0987e-04,  9.9735e-05],
          [ 1.1996e-05, -3.6561e-05,  1.3192e-04,  1.5736e-04,  1.0514e-04],
          [-2.1251e-04,  1.5516e-05, -6.3432e-05,  4.9447e-06,  4.4399e-05],
          [-3.4942e-05, -1.0406e-04, -1.2415e-05,  1.6611e-04, -5.5070e-05],
          [-9.2000e-05,  9.9704e-05,  4.3075e-05,  1.0008e-04,  1.1954e-04]],

         [[ 9.5187e-05, -5.6576e-05,  7.6460e-05,  2.6956e-05, -5.5240e-05],
          [-1.5974e-04, -1.2977e-04,  1.8166e-05,  1.3054e-04,  7.0722e-05],
          [-5.7802e-05, -2.7979e-05, -2.7790e-05,  1.3434e-04, -7.7738e-05],
          [ 9.6705e-05,  2.2635e-05,  7.2097e-05,  1.9305e-05,  8.4544e-05],
          [ 7.9500e-06,  8.6830e-05,  4.0061e-05, -5.7135e-05,  2.9588e-05]],

         ...,

         [[-5.2591e-05, -4.7744e-05, -2.1624e-05,  1.3130e-04,  9.8171e-05],
          [ 8.9650e-05, -3.7454e-05,  1.1869e-04, -5.2408e-05,  3.1338e-05],
          [ 1.2796e-05, -9.8413e-05, -3.0701e-05, -4.0888e-05,  1.6631e-05],
          [ 1.2269e-04, -2.7118e-05, -2.9318e-05, -8.6246e-05,  4.0535e-05],
          [-8.5256e-05, -3.8616e-05,  9.7553e-05,  4.1081e-05, -1.8826e-05]],

         [[-1.0990e-04,  1.3003e-04, -1.2184e-04,  5.0985e-05,  8.5848e-05],
          [ 6.2447e-05, -2.9520e-05,  3.1388e-06, -4.4420e-05,  1.5794e-04],
          [-2.7490e-05,  2.7005e-04, -8.2988e-05, -1.0573e-04, -9.5529e-05],
          [ 8.9954e-05,  5.1373e-05, -3.1940e-06, -1.0257e-04, -8.1916e-06],
          [ 2.6921e-04,  5.1580e-05,  1.0462e-04,  5.7325e-06,  2.7009e-04]],

         [[ 1.2067e-05, -1.8742e-05, -8.9034e-05,  4.7703e-05,  1.1757e-04],
          [-5.0085e-06, -3.6125e-05, -1.1182e-04,  9.1931e-05, -7.1102e-05],
          [-1.4748e-04,  2.9417e-05, -5.1695e-05, -1.0579e-04,  1.1868e-04],
          [ 2.3874e-05, -2.7117e-05, -4.9238e-05,  7.7736e-06,  5.0103e-06],
          [-2.8001e-05,  9.9173e-05, -1.1444e-04, -1.5983e-04,  4.5828e-05]]],


        [[[-1.3692e-04, -6.4616e-05, -1.3931e-04,  1.0430e-04, -1.6661e-04],
          [-4.2971e-05,  1.5302e-05, -1.1539e-04,  3.9137e-05,  1.1119e-04],
          [-1.0817e-04, -1.6329e-05,  9.9599e-05,  1.6188e-05,  3.2814e-05],
          [ 7.7968e-05, -4.2783e-05, -1.2653e-04,  3.0070e-06, -4.2985e-05],
          [ 8.8387e-06, -2.8586e-05, -6.4084e-05, -3.1718e-05,  4.0925e-05]],

         [[-6.6096e-05,  8.1928e-05, -6.2355e-05,  2.9377e-05, -3.5197e-05],
          [-1.6868e-04,  2.0544e-06,  1.1910e-04, -2.6651e-05,  9.9327e-05],
          [ 2.5778e-04,  3.9124e-05,  2.7390e-05, -6.1209e-05, -2.7486e-05],
          [ 1.4784e-04, -4.3851e-05,  3.6101e-05,  5.3538e-06, -1.0688e-05],
          [ 6.1323e-05,  7.0239e-05, -1.5428e-05, -6.8108e-06, -5.8362e-05]],

         [[-9.5655e-05, -1.7604e-05, -5.9499e-05, -9.4454e-05, -3.1848e-05],
          [-4.1756e-05, -4.1855e-05, -1.2543e-05, -4.0406e-05,  9.6248e-05],
          [ 9.9089e-06, -1.4494e-05, -9.6702e-05,  4.1161e-05, -4.7316e-05],
          [ 2.2116e-04,  6.6312e-05, -1.4675e-04,  2.2321e-04, -1.5787e-06],
          [-5.8520e-05,  1.6206e-04,  2.9974e-06, -1.0454e-05,  1.7989e-05]],

         ...,

         [[ 1.6399e-04,  2.2428e-05, -1.5944e-04,  4.3317e-05, -2.2652e-05],
          [-1.1178e-04,  1.5826e-04,  4.3759e-05, -7.0498e-05,  2.9647e-05],
          [-5.5412e-05, -1.1369e-06,  1.5636e-04, -4.3522e-05, -8.7544e-05],
          [-2.9287e-05,  9.8781e-05, -1.8479e-04, -4.6421e-05,  2.4609e-05],
          [ 6.9923e-05,  5.7016e-05, -6.1659e-05,  3.9147e-05,  9.2987e-05]],

         [[ 5.0131e-05,  7.5176e-05, -3.8652e-05, -1.6327e-04, -1.6007e-05],
          [ 1.2458e-04, -3.5392e-05, -2.4192e-05, -3.3484e-05, -1.0627e-04],
          [-3.3109e-05,  9.2982e-06, -4.2794e-06,  7.6492e-06, -1.7098e-05],
          [-1.0927e-04, -6.6000e-06,  6.1988e-05, -1.0459e-04, -2.3049e-05],
          [ 1.8868e-05,  1.0277e-04,  2.0582e-05,  2.7363e-04,  1.0542e-04]],

         [[-5.4585e-05, -1.0886e-04, -1.3671e-05, -6.9401e-05,  6.7276e-05],
          [ 1.2530e-04, -6.4232e-05,  4.1240e-06,  1.2559e-04,  2.3169e-06],
          [ 6.0931e-06, -1.3008e-04,  3.4416e-05,  1.6937e-05,  1.6963e-05],
          [ 1.4527e-05, -3.3943e-07, -2.0933e-04, -8.7044e-05, -3.9201e-06],
          [ 9.3275e-05,  4.5862e-05,  5.5591e-05,  1.2534e-05,  4.5997e-05]]]],
       device='cuda:0', requires_grad=True)conv2.biasParameter containing:
tensor([-0.0057, -0.0107, -0.0234, -0.0065, -0.0063, -0.0148, -0.0060, -0.0038,
        -0.0069, -0.0024, -0.0167, -0.0276, -0.0066, -0.0038, -0.1918,  0.0147,
        -0.0324, -0.0068, -0.0066, -0.0110, -0.0151, -0.3678, -0.0030, -0.0075,
        -0.4028, -0.0221, -0.0056, -0.0084, -0.0043, -0.0062, -0.0075, -0.3435,
        -0.0195, -0.0165, -0.0056, -0.0053, -0.0137, -0.1397, -0.0234, -0.0860,
        -0.0063, -0.0202, -0.0034, -0.0047, -0.0060, -0.0042, -0.0068, -0.0067,
        -0.0199, -0.0148], device='cuda:0', requires_grad=True)fc1.weightParameter containing:
tensor([[ 1.5047e-09,  2.0831e-06,  5.2382e-06,  ..., -6.0720e-16,
          2.9784e-17,  4.8483e-22],
        [-1.2913e-40, -1.2027e-40, -4.2657e-41,  ..., -1.5727e-40,
          2.0971e-40, -1.6863e-40],
        [ 1.2781e-40, -1.9054e-40, -2.1172e-40,  ..., -3.1008e-41,
          1.4676e-41,  1.5081e-40],
        ...,
        [ 9.8591e-22, -1.8058e-09, -7.8233e-07,  ..., -8.8945e-23,
         -4.2224e-23, -4.1369e-23],
        [-1.9330e-40, -6.4348e-42, -2.1940e-41,  ..., -1.6562e-40,
         -6.9689e-41,  7.0972e-41],
        [ 1.9551e-41, -1.4727e-40,  4.6370e-41,  ...,  2.3161e-40,
          2.0239e-40, -2.5215e-40]], device='cuda:0', requires_grad=True)fc1.biasParameter containing:
tensor([-3.8707e-02,  6.6029e-31, -5.5996e-42, -1.9708e-02,  4.6494e-02,
        -1.9492e-02, -1.0634e-33, -2.1104e-11, -5.7571e-03, -1.4314e-09,
        -7.0729e-03, -7.0038e-03,  2.1263e-03,  1.3761e-04, -1.9541e-04,
        -1.6849e-03,  9.5451e-28, -6.0256e-43, -1.6225e-06,  4.3970e-02,
         3.6462e-42, -2.9991e-03, -3.4216e-03, -1.8263e-10,  1.0489e-02,
        -1.0372e-05, -3.2902e-42,  3.4238e-02, -7.5462e-15, -2.9745e-08,
        -1.2841e-19, -9.0040e-04,  3.4252e-03,  8.3742e-05, -5.9185e-27,
        -3.0789e-09,  3.4366e-18,  8.3214e-03, -1.0830e-27,  7.3343e-03,
         1.3656e-24, -2.6934e-12,  1.2856e-41,  5.3810e-43, -9.8941e-04,
        -4.4639e-06, -9.3343e-03,  1.6189e-31, -8.0967e-42,  1.6321e-19,
        -4.5122e-43, -5.5286e-11,  2.7274e-22,  5.2528e-37, -1.0997e-02,
         1.0775e-01, -2.6602e-03, -1.1040e-11, -3.2826e-39, -1.6984e-42,
         3.1838e-41, -1.4630e-42, -1.8998e-08,  1.0176e-35,  1.9670e-03,
        -3.6163e-02, -6.0261e-05,  1.3045e-41,  2.8630e-02, -5.9149e-42,
        -8.8499e-34, -4.0161e-42,  1.5119e-02,  4.3315e-12, -4.7104e-12,
         4.0155e-30,  1.2916e-02, -6.9150e-10,  3.1547e-02, -1.2058e-34,
        -2.3441e-05,  7.1564e-42,  2.1666e-17,  1.2043e-04, -1.8826e-04,
         1.3248e-41,  4.0467e-03, -3.9263e-29, -9.4494e-03,  5.7557e-33,
         1.0323e-01, -2.9022e-05,  4.8751e-42, -3.7573e-03, -6.1373e-03,
        -4.8457e-42,  2.0345e-22, -1.8037e-14, -3.6294e-42, -5.7867e-28,
         2.4152e-03, -2.3042e-02, -6.2469e-03, -1.5251e-07, -3.2995e-03,
        -1.5510e-08,  4.9879e-14, -7.4739e-06, -4.1593e-02, -1.1152e-41,
        -2.1244e-42,  1.0647e-03,  2.4649e-42, -6.0217e-06, -7.0629e-02,
        -2.2316e-05,  5.9804e-03, -9.9916e-08, -4.6611e-02, -2.8732e-02,
         1.2004e-41, -6.2778e-43, -1.3694e-07, -3.4052e-43,  1.7186e-02,
        -2.3407e-04, -1.6739e-05, -1.0978e-41,  1.9908e-37,  2.7598e-06,
        -4.3041e-24, -1.4586e-04, -1.0586e-06,  2.3079e-42,  3.9197e-02,
         1.1039e-02,  2.2337e-39, -2.8484e-08, -5.7207e-05, -2.2958e-10,
         3.9844e-02, -8.3952e-42, -4.8297e-03, -2.1856e-17, -1.2890e-13,
         4.0896e-02, -0.0000e+00,  3.0128e-07,  4.3470e-02, -1.1773e-28,
        -3.7811e-11, -1.8837e-03, -3.3113e-03, -2.7000e-05, -6.4432e-42,
        -2.2751e-03, -5.0822e-41,  1.1341e-41, -2.4343e-11, -2.9545e-09,
        -1.2872e-03,  3.7725e-39, -8.6536e-19,  7.8989e-03,  3.3763e-02,
        -2.3124e-06, -3.7285e-04,  6.0955e-02, -4.5821e-05, -1.1942e-23,
         4.0536e-04, -1.0622e-42, -7.8765e-14, -3.0254e-03,  2.3424e-03,
         2.1046e-02, -4.5991e-03,  1.2407e-41, -1.2128e-07,  5.7102e-10,
        -1.1045e-41,  7.6763e-42,  1.6624e-02,  1.3404e-03, -1.0781e-05,
        -2.6844e-03, -8.1741e-14, -1.1375e-02, -3.5228e-04, -2.5963e-04,
        -2.9222e-05, -2.9553e-02, -7.2752e-35, -1.1121e-02, -1.9224e-02,
         2.0194e-02, -4.9059e-19, -6.2282e-05, -1.1799e-41,  4.9737e-05,
         2.5612e-02, -1.9529e-06, -2.1114e-12, -8.5672e-03, -2.8471e-03,
        -8.2307e-07,  2.8492e-03, -1.4423e-21, -2.7249e-17, -4.2782e-42,
        -4.6786e-19,  4.6436e-23, -2.2447e-04,  6.6470e-03, -1.8512e-04,
         3.3647e-02, -1.1260e-05, -1.5329e-02, -2.3075e-05, -9.9819e-17,
        -1.2329e-30, -2.1884e-12, -1.0391e-05, -5.1105e-03,  1.2923e-02,
         2.9273e-42,  6.9112e-42, -4.2656e-42, -7.6759e-06, -2.7377e-21,
        -1.7766e-21,  3.4648e-38, -1.3699e-03, -9.3241e-26,  1.8749e-42,
        -4.9494e-42,  2.0450e-02, -3.6392e-42,  3.4246e-02, -8.5231e-09,
        -5.7743e-08, -2.9447e-03, -4.3940e-04, -2.1412e-03, -1.0021e-41,
        -6.3769e-03, -1.3046e-29, -1.0121e-02, -1.9235e-02, -1.4933e-27,
        -1.4380e-02,  8.2424e-42, -1.0659e-02, -6.2377e-10,  8.1267e-03,
        -3.8605e-04, -7.1314e-07, -4.0792e-04, -2.0002e-16, -4.3322e-03,
         2.2871e-19, -1.7877e-04,  1.4522e-02, -4.6057e-05, -2.1069e-16,
         4.4510e-25,  7.4227e-03,  1.2241e-05, -7.9020e-17, -6.6029e-42,
        -6.1913e-03, -6.4532e-05, -1.1916e-35, -2.0146e-02, -3.1284e-15,
        -1.7541e-02, -3.5012e-28, -3.7068e-19,  2.8341e-02, -1.9639e-02,
         5.4154e-06, -1.7640e-03, -1.0836e-02, -1.8987e-02, -1.5469e-04,
        -2.8283e-04,  3.1980e-17,  1.2741e-02,  6.9313e-03, -2.9077e-03,
         8.7581e-42, -1.5966e-17,  1.4910e-21, -2.8393e-07,  6.4156e-25,
        -6.9027e-09, -5.9194e-16, -3.2002e-28,  6.0490e-03, -1.9552e-06,
        -4.7855e-29,  1.1094e-02, -3.0642e-02, -3.8078e-07, -6.0492e-22,
        -9.5008e-43, -9.3436e-03, -3.4136e-04,  1.3440e-02, -5.9539e-16,
        -9.5779e-42,  3.6623e-04,  2.7215e-02,  1.6729e-22, -3.4865e-02,
         7.7386e-03,  1.3571e-07,  1.9849e-02,  2.5518e-42, -6.7463e-04,
         2.7896e-02, -1.1727e-13, -4.5906e-06, -4.5688e-27,  2.7090e-02,
        -5.0224e-07,  1.0053e-02,  2.0959e-02, -4.3373e-19,  5.9784e-02,
        -3.6136e-04, -1.6883e-07,  4.3369e-17, -1.0949e-02,  5.7507e-02,
         7.4520e-34,  1.1632e-05,  8.8464e-42, -6.8128e-06,  1.9504e-02,
         6.5850e-02,  3.9811e-42, -2.5790e-15, -9.0371e-15, -1.9928e-08,
        -4.3903e-08, -1.4860e-05, -3.7267e-12, -4.5380e-03, -2.5195e-22,
        -1.6803e-02, -2.1678e-03, -6.4126e-03, -8.3720e-06, -2.5223e-43,
        -1.6040e-21, -3.9495e-05, -2.1861e-03,  3.2504e-26,  3.3362e-02,
        -9.8633e-12, -6.4107e-05, -2.2433e-26, -1.7597e-02,  3.9496e-18,
        -5.2270e-07, -8.0921e-15, -7.4598e-05,  1.4507e-02, -4.1044e-42,
         4.7161e-02,  1.8302e-02, -7.0953e-03, -2.1554e-12, -1.6622e-09,
        -8.8908e-03, -2.1616e-19, -5.4524e-02, -2.2096e-08, -2.0980e-19,
        -2.0625e-11, -5.7930e-42,  8.5202e-25, -1.1725e-41, -2.0967e-07,
         7.3764e-42, -1.8861e-17,  3.5816e-02,  3.7727e-03, -6.7163e-04,
        -1.2353e-36, -7.0064e-04,  8.9836e-03, -6.2731e-02, -9.2734e-14,
        -4.3099e-03, -1.2598e-39, -8.1640e-42, -1.3489e-12,  2.6320e-02,
        -1.1056e-42, -5.3321e-23,  8.8632e-42,  6.4747e-02, -2.8026e-43,
        -2.8958e-12, -1.4104e-02, -1.0662e-03,  1.3265e-41, -3.0589e-23,
        -2.7083e-13, -9.5560e-09, -2.0536e-02, -3.1459e-42,  8.9605e-03,
         2.7520e-02,  1.2496e-21, -6.2014e-03, -7.2751e-04,  5.4397e-03,
         3.2065e-02, -2.1693e-08, -2.2234e-20, -2.2203e-15, -1.3044e-24,
         1.8932e-02,  2.7030e-34,  2.1997e-13, -6.2456e-42, -2.7759e-02,
         5.4483e-32, -4.9859e-08,  1.2034e-07,  8.8962e-19,  2.5798e-02,
        -7.0971e-08, -2.5616e-07,  1.2509e-41, -2.3622e-03, -7.6354e-07,
         5.5491e-43,  5.3261e-08,  7.5405e-02, -2.0656e-11, -2.7507e-42,
        -3.4643e-06,  2.3923e-02, -3.7158e-06,  4.6228e-03, -6.3776e-04,
        -1.6057e-02, -1.2987e-15, -1.0228e-39, -5.6107e-02,  5.5449e-42,
         3.2767e-02,  1.6792e-19,  4.0105e-42, -4.9055e-07,  1.9914e-02,
        -3.6553e-20, -1.1291e-02, -1.9778e-24, -3.0207e-28, -3.5172e-24,
         6.3801e-42, -1.1098e-07,  9.6606e-42, -7.2323e-36,  1.7093e-28,
        -1.6606e-32, -1.0229e-02,  1.6331e-04, -5.5439e-08,  1.2266e-41,
        -2.3126e-05,  7.2936e-03,  6.6353e-02, -1.0171e-03, -9.0244e-42,
        -2.5705e-05, -6.1217e-15, -9.2416e-42,  4.6649e-42,  7.2893e-03,
        -1.4307e-41, -1.5301e-02, -3.9852e-03, -1.9010e-05, -2.5181e-42,
         9.1995e-42, -3.6961e-06, -3.9461e-15,  7.9734e-42, -7.2321e-42,
        -6.9791e-25, -7.1536e-42,  4.4926e-03,  7.7352e-42, -4.1868e-06],
       device='cuda:0', requires_grad=True)fc2.weightParameter containing:
tensor([[-1.0229e-01, -7.6922e-07, -1.8009e-08,  ...,  1.7895e-02,
          3.4602e-05,  1.9532e-04],
        [ 8.8024e-05,  4.9110e-08,  5.3145e-10,  ..., -3.7415e-02,
         -1.3490e-07,  1.3061e-03],
        [ 4.5065e-02,  2.6948e-06, -1.3867e-11,  ...,  2.2021e-02,
          1.3632e-04, -1.1676e-02],
        ...,
        [-1.9155e-02,  2.3024e-06, -1.8638e-06,  ..., -1.9805e-02,
          4.3288e-05, -6.3108e-04],
        [-5.3695e-01, -1.7065e-05,  2.1608e-06,  ..., -3.3963e-02,
          6.6664e-05,  1.6262e-03],
        [ 1.7638e-01, -1.3871e-05, -1.8367e-06,  ...,  6.1566e-03,
         -3.0486e-04, -1.7478e-03]], device='cuda:0', requires_grad=True)fc2.biasParameter containing:
tensor([-0.0106, -0.0606, -0.0127, -0.0515,  0.0128,  0.0310, -0.0240, -0.0542,
         0.2005, -0.0419], device='cuda:0', requires_grad=True)