conv1.weightParameter containing:
tensor([[[[ 0.0000e+00,  0.0000e+00,  0.0000e+00,  0.0000e+00,  0.0000e+00],
          [ 0.0000e+00,  0.0000e+00,  0.0000e+00,  0.0000e+00,  0.0000e+00],
          [ 0.0000e+00,  0.0000e+00,  0.0000e+00,  0.0000e+00,  0.0000e+00],
          [ 0.0000e+00,  0.0000e+00,  0.0000e+00,  0.0000e+00,  0.0000e+00],
          [ 0.0000e+00,  0.0000e+00,  0.0000e+00,  0.0000e+00,  0.0000e+00]]],


        [[[ 0.0000e+00,  0.0000e+00,  0.0000e+00,  0.0000e+00,  0.0000e+00],
          [ 0.0000e+00,  0.0000e+00,  0.0000e+00,  0.0000e+00,  0.0000e+00],
          [ 0.0000e+00,  0.0000e+00,  0.0000e+00,  0.0000e+00,  0.0000e+00],
          [ 0.0000e+00,  0.0000e+00,  0.0000e+00,  0.0000e+00,  0.0000e+00],
          [ 0.0000e+00,  0.0000e+00,  0.0000e+00,  0.0000e+00,  0.0000e+00]]],


        [[[ 0.0000e+00,  0.0000e+00,  0.0000e+00,  0.0000e+00,  0.0000e+00],
          [ 0.0000e+00,  0.0000e+00,  0.0000e+00,  0.0000e+00,  0.0000e+00],
          [ 0.0000e+00,  0.0000e+00,  0.0000e+00,  0.0000e+00,  0.0000e+00],
          [ 0.0000e+00,  0.0000e+00,  0.0000e+00,  0.0000e+00,  0.0000e+00],
          [ 0.0000e+00,  0.0000e+00,  0.0000e+00,  0.0000e+00,  0.0000e+00]]],


        [[[-8.3273e-04,  2.1429e-03, -7.9260e-04, -3.7538e-03, -4.4895e-03],
          [-7.4922e-04,  2.6853e-04, -7.2984e-04, -2.8353e-03, -4.8215e-03],
          [-1.3523e-04,  7.8421e-01,  9.0474e-01,  8.5597e-02,  6.8581e-04],
          [ 4.6634e-02,  1.9136e+00,  2.3345e+00,  9.0353e-01,  2.0544e-03],
          [ 6.0365e-04,  5.8468e-01,  1.4093e+00,  6.7859e-01, -1.3630e-03]]],


        [[[ 0.0000e+00,  0.0000e+00,  0.0000e+00,  0.0000e+00,  0.0000e+00],
          [ 0.0000e+00,  0.0000e+00,  0.0000e+00,  0.0000e+00,  0.0000e+00],
          [ 0.0000e+00,  0.0000e+00,  0.0000e+00,  0.0000e+00,  0.0000e+00],
          [ 0.0000e+00,  0.0000e+00,  0.0000e+00,  0.0000e+00,  0.0000e+00],
          [ 0.0000e+00,  0.0000e+00,  0.0000e+00,  0.0000e+00,  0.0000e+00]]],


        [[[ 0.0000e+00,  0.0000e+00,  0.0000e+00,  0.0000e+00,  0.0000e+00],
          [ 0.0000e+00,  0.0000e+00,  0.0000e+00,  0.0000e+00,  0.0000e+00],
          [ 0.0000e+00,  0.0000e+00,  0.0000e+00,  0.0000e+00,  0.0000e+00],
          [ 0.0000e+00,  0.0000e+00,  0.0000e+00,  0.0000e+00,  0.0000e+00],
          [ 0.0000e+00,  0.0000e+00,  0.0000e+00,  0.0000e+00,  0.0000e+00]]],


        [[[ 0.0000e+00,  0.0000e+00,  0.0000e+00,  0.0000e+00,  0.0000e+00],
          [ 0.0000e+00,  0.0000e+00,  0.0000e+00,  0.0000e+00,  0.0000e+00],
          [ 0.0000e+00,  0.0000e+00,  0.0000e+00,  0.0000e+00,  0.0000e+00],
          [ 0.0000e+00,  0.0000e+00,  0.0000e+00,  0.0000e+00,  0.0000e+00],
          [ 0.0000e+00,  0.0000e+00,  0.0000e+00,  0.0000e+00,  0.0000e+00]]],


        [[[ 0.0000e+00,  0.0000e+00,  0.0000e+00,  0.0000e+00,  0.0000e+00],
          [ 0.0000e+00,  0.0000e+00,  0.0000e+00,  0.0000e+00,  0.0000e+00],
          [ 0.0000e+00,  0.0000e+00,  0.0000e+00,  0.0000e+00,  0.0000e+00],
          [ 0.0000e+00,  0.0000e+00,  0.0000e+00,  0.0000e+00,  0.0000e+00],
          [ 0.0000e+00,  0.0000e+00,  0.0000e+00,  0.0000e+00,  0.0000e+00]]],


        [[[ 0.0000e+00,  0.0000e+00,  0.0000e+00,  0.0000e+00,  0.0000e+00],
          [ 0.0000e+00,  0.0000e+00,  0.0000e+00,  0.0000e+00,  0.0000e+00],
          [ 0.0000e+00,  0.0000e+00,  0.0000e+00,  0.0000e+00,  0.0000e+00],
          [ 0.0000e+00,  0.0000e+00,  0.0000e+00,  0.0000e+00,  0.0000e+00],
          [ 0.0000e+00,  0.0000e+00,  0.0000e+00,  0.0000e+00,  0.0000e+00]]],


        [[[ 0.0000e+00,  0.0000e+00,  0.0000e+00,  0.0000e+00,  0.0000e+00],
          [ 0.0000e+00,  0.0000e+00,  0.0000e+00,  0.0000e+00,  0.0000e+00],
          [ 0.0000e+00,  0.0000e+00,  0.0000e+00,  0.0000e+00,  0.0000e+00],
          [ 0.0000e+00,  0.0000e+00,  0.0000e+00,  0.0000e+00,  0.0000e+00],
          [ 0.0000e+00,  0.0000e+00,  0.0000e+00,  0.0000e+00,  0.0000e+00]]],


        [[[ 0.0000e+00,  0.0000e+00,  0.0000e+00,  0.0000e+00,  0.0000e+00],
          [ 0.0000e+00,  0.0000e+00,  0.0000e+00,  0.0000e+00,  0.0000e+00],
          [ 0.0000e+00,  0.0000e+00,  0.0000e+00,  0.0000e+00,  0.0000e+00],
          [ 0.0000e+00,  0.0000e+00,  0.0000e+00,  0.0000e+00,  0.0000e+00],
          [ 0.0000e+00,  0.0000e+00,  0.0000e+00,  0.0000e+00,  0.0000e+00]]],


        [[[ 0.0000e+00,  0.0000e+00,  0.0000e+00,  0.0000e+00,  0.0000e+00],
          [ 0.0000e+00,  0.0000e+00,  0.0000e+00,  0.0000e+00,  0.0000e+00],
          [ 0.0000e+00,  0.0000e+00,  0.0000e+00,  0.0000e+00,  0.0000e+00],
          [ 0.0000e+00,  0.0000e+00,  0.0000e+00,  0.0000e+00,  0.0000e+00],
          [ 0.0000e+00,  0.0000e+00,  0.0000e+00,  0.0000e+00,  0.0000e+00]]],


        [[[ 0.0000e+00,  0.0000e+00,  0.0000e+00,  0.0000e+00,  0.0000e+00],
          [ 0.0000e+00,  0.0000e+00,  0.0000e+00,  0.0000e+00,  0.0000e+00],
          [ 0.0000e+00,  0.0000e+00,  0.0000e+00,  0.0000e+00,  0.0000e+00],
          [ 0.0000e+00,  0.0000e+00,  0.0000e+00,  0.0000e+00,  0.0000e+00],
          [ 0.0000e+00,  0.0000e+00,  0.0000e+00,  0.0000e+00,  0.0000e+00]]],


        [[[ 0.0000e+00,  0.0000e+00,  0.0000e+00,  0.0000e+00,  0.0000e+00],
          [ 0.0000e+00,  0.0000e+00,  0.0000e+00,  0.0000e+00,  0.0000e+00],
          [ 0.0000e+00,  0.0000e+00,  0.0000e+00,  0.0000e+00,  0.0000e+00],
          [ 0.0000e+00,  0.0000e+00,  0.0000e+00,  0.0000e+00,  0.0000e+00],
          [ 0.0000e+00,  0.0000e+00,  0.0000e+00,  0.0000e+00,  0.0000e+00]]],


        [[[ 0.0000e+00,  0.0000e+00,  0.0000e+00,  0.0000e+00,  0.0000e+00],
          [ 0.0000e+00,  0.0000e+00,  0.0000e+00,  0.0000e+00,  0.0000e+00],
          [ 0.0000e+00,  0.0000e+00,  0.0000e+00,  0.0000e+00,  0.0000e+00],
          [ 0.0000e+00,  0.0000e+00,  0.0000e+00,  0.0000e+00,  0.0000e+00],
          [ 0.0000e+00,  0.0000e+00,  0.0000e+00,  0.0000e+00,  0.0000e+00]]],


        [[[ 0.0000e+00,  0.0000e+00,  0.0000e+00,  0.0000e+00,  0.0000e+00],
          [ 0.0000e+00,  0.0000e+00,  0.0000e+00,  0.0000e+00,  0.0000e+00],
          [ 0.0000e+00,  0.0000e+00,  0.0000e+00,  0.0000e+00,  0.0000e+00],
          [ 0.0000e+00,  0.0000e+00,  0.0000e+00,  0.0000e+00,  0.0000e+00],
          [ 0.0000e+00,  0.0000e+00,  0.0000e+00,  0.0000e+00,  0.0000e+00]]],


        [[[ 0.0000e+00,  0.0000e+00,  0.0000e+00,  0.0000e+00,  0.0000e+00],
          [ 0.0000e+00,  0.0000e+00,  0.0000e+00,  0.0000e+00,  0.0000e+00],
          [ 0.0000e+00,  0.0000e+00,  0.0000e+00,  0.0000e+00,  0.0000e+00],
          [ 0.0000e+00,  0.0000e+00,  0.0000e+00,  0.0000e+00,  0.0000e+00],
          [ 0.0000e+00,  0.0000e+00,  0.0000e+00,  0.0000e+00,  0.0000e+00]]],


        [[[ 0.0000e+00,  0.0000e+00,  0.0000e+00,  0.0000e+00,  0.0000e+00],
          [ 0.0000e+00,  0.0000e+00,  0.0000e+00,  0.0000e+00,  0.0000e+00],
          [ 0.0000e+00,  0.0000e+00,  0.0000e+00,  0.0000e+00,  0.0000e+00],
          [ 0.0000e+00,  0.0000e+00,  0.0000e+00,  0.0000e+00,  0.0000e+00],
          [ 0.0000e+00,  0.0000e+00,  0.0000e+00,  0.0000e+00,  0.0000e+00]]],


        [[[ 0.0000e+00,  0.0000e+00,  0.0000e+00,  0.0000e+00,  0.0000e+00],
          [ 0.0000e+00,  0.0000e+00,  0.0000e+00,  0.0000e+00,  0.0000e+00],
          [ 0.0000e+00,  0.0000e+00,  0.0000e+00,  0.0000e+00,  0.0000e+00],
          [ 0.0000e+00,  0.0000e+00,  0.0000e+00,  0.0000e+00,  0.0000e+00],
          [ 0.0000e+00,  0.0000e+00,  0.0000e+00,  0.0000e+00,  0.0000e+00]]],


        [[[ 0.0000e+00,  0.0000e+00,  0.0000e+00,  0.0000e+00,  0.0000e+00],
          [ 0.0000e+00,  0.0000e+00,  0.0000e+00,  0.0000e+00,  0.0000e+00],
          [ 0.0000e+00,  0.0000e+00,  0.0000e+00,  0.0000e+00,  0.0000e+00],
          [ 0.0000e+00,  0.0000e+00,  0.0000e+00,  0.0000e+00,  0.0000e+00],
          [ 0.0000e+00,  0.0000e+00,  0.0000e+00,  0.0000e+00,  0.0000e+00]]]],
       device='cuda:0', requires_grad=True)conv1.biasParameter containing:
tensor([-0.0008, -0.0012,  0.0006, -0.0007,  0.0007,  0.0029, -0.0014, -0.0013,
        -0.0010, -0.0005, -0.0004, -0.0004, -0.0004, -0.0017,  0.0012, -0.0006,
        -0.0007, -0.0002, -0.0008, -0.0006], device='cuda:0',
       requires_grad=True)conv2.weightParameter containing:
tensor([[[[ 0.0000,  0.0000,  0.0000,  0.0000,  0.0000],
          [ 0.0000,  0.0000,  0.0000,  0.0000,  0.0000],
          [ 0.0000,  0.0000,  0.0000,  0.0000,  0.0000],
          [ 0.0000,  0.0000,  0.0000,  0.0000,  0.0000],
          [ 0.0000,  0.0000,  0.0000,  0.0000,  0.0000]],

         [[ 0.0000,  0.0000,  0.0000,  0.0000,  0.0000],
          [ 0.0000,  0.0000,  0.0000,  0.0000,  0.0000],
          [ 0.0000,  0.0000,  0.0000,  0.0000,  0.0000],
          [ 0.0000,  0.0000,  0.0000,  0.0000,  0.0000],
          [ 0.0000,  0.0000,  0.0000,  0.0000,  0.0000]],

         [[ 0.0000,  0.0000,  0.0000,  0.0000,  0.0000],
          [ 0.0000,  0.0000,  0.0000,  0.0000,  0.0000],
          [ 0.0000,  0.0000,  0.0000,  0.0000,  0.0000],
          [ 0.0000,  0.0000,  0.0000,  0.0000,  0.0000],
          [ 0.0000,  0.0000,  0.0000,  0.0000,  0.0000]],

         ...,

         [[ 0.0000,  0.0000,  0.0000,  0.0000,  0.0000],
          [ 0.0000,  0.0000,  0.0000,  0.0000,  0.0000],
          [ 0.0000,  0.0000,  0.0000,  0.0000,  0.0000],
          [ 0.0000,  0.0000,  0.0000,  0.0000,  0.0000],
          [ 0.0000,  0.0000,  0.0000,  0.0000,  0.0000]],

         [[ 0.0000,  0.0000,  0.0000,  0.0000,  0.0000],
          [ 0.0000,  0.0000,  0.0000,  0.0000,  0.0000],
          [ 0.0000,  0.0000,  0.0000,  0.0000,  0.0000],
          [ 0.0000,  0.0000,  0.0000,  0.0000,  0.0000],
          [ 0.0000,  0.0000,  0.0000,  0.0000,  0.0000]],

         [[ 0.0000,  0.0000,  0.0000,  0.0000,  0.0000],
          [ 0.0000,  0.0000,  0.0000,  0.0000,  0.0000],
          [ 0.0000,  0.0000,  0.0000,  0.0000,  0.0000],
          [ 0.0000,  0.0000,  0.0000,  0.0000,  0.0000],
          [ 0.0000,  0.0000,  0.0000,  0.0000,  0.0000]]],


        [[[ 0.0000,  0.0000,  0.0000,  0.0000,  0.0000],
          [ 0.0000,  0.0000,  0.0000,  0.0000,  0.0000],
          [ 0.0000,  0.0000,  0.0000,  0.0000,  0.0000],
          [ 0.0000,  0.0000,  0.0000,  0.0000,  0.0000],
          [ 0.0000,  0.0000,  0.0000,  0.0000,  0.0000]],

         [[ 0.0000,  0.0000,  0.0000,  0.0000,  0.0000],
          [ 0.0000,  0.0000,  0.0000,  0.0000,  0.0000],
          [ 0.0000,  0.0000,  0.0000,  0.0000,  0.0000],
          [ 0.0000,  0.0000,  0.0000,  0.0000,  0.0000],
          [ 0.0000,  0.0000,  0.0000,  0.0000,  0.0000]],

         [[ 0.0000,  0.0000,  0.0000,  0.0000,  0.0000],
          [ 0.0000,  0.0000,  0.0000,  0.0000,  0.0000],
          [ 0.0000,  0.0000,  0.0000,  0.0000,  0.0000],
          [ 0.0000,  0.0000,  0.0000,  0.0000,  0.0000],
          [ 0.0000,  0.0000,  0.0000,  0.0000,  0.0000]],

         ...,

         [[ 0.0000,  0.0000,  0.0000,  0.0000,  0.0000],
          [ 0.0000,  0.0000,  0.0000,  0.0000,  0.0000],
          [ 0.0000,  0.0000,  0.0000,  0.0000,  0.0000],
          [ 0.0000,  0.0000,  0.0000,  0.0000,  0.0000],
          [ 0.0000,  0.0000,  0.0000,  0.0000,  0.0000]],

         [[ 0.0000,  0.0000,  0.0000,  0.0000,  0.0000],
          [ 0.0000,  0.0000,  0.0000,  0.0000,  0.0000],
          [ 0.0000,  0.0000,  0.0000,  0.0000,  0.0000],
          [ 0.0000,  0.0000,  0.0000,  0.0000,  0.0000],
          [ 0.0000,  0.0000,  0.0000,  0.0000,  0.0000]],

         [[ 0.0000,  0.0000,  0.0000,  0.0000,  0.0000],
          [ 0.0000,  0.0000,  0.0000,  0.0000,  0.0000],
          [ 0.0000,  0.0000,  0.0000,  0.0000,  0.0000],
          [ 0.0000,  0.0000,  0.0000,  0.0000,  0.0000],
          [ 0.0000,  0.0000,  0.0000,  0.0000,  0.0000]]],


        [[[-0.0002,  0.0000,  0.0000,  0.0000,  0.0000],
          [ 0.0001,  0.0000,  0.0000, -0.0001,  0.0000],
          [ 0.0000,  0.0000,  0.0000,  0.0000,  0.0000],
          [ 0.0000,  0.0000,  0.0000,  0.0000, -0.0001],
          [ 0.0000,  0.0000,  0.0000, -0.0001,  0.0000]],

         [[ 0.0000,  0.0000,  0.0000,  0.0002,  0.0001],
          [-0.0002,  0.0000,  0.0000,  0.0000,  0.0000],
          [ 0.0000,  0.0000,  0.0001,  0.0000,  0.0000],
          [ 0.0000, -0.0001,  0.0000,  0.0001,  0.0000],
          [ 0.0001,  0.0000,  0.0002,  0.0000,  0.0000]],

         [[ 0.0000,  0.0001,  0.0000, -0.0002,  0.0000],
          [ 0.0000,  0.0002,  0.0000,  0.0000,  0.0000],
          [ 0.0000,  0.0000,  0.0000,  0.0000,  0.0000],
          [-0.0002,  0.0000, -0.0001,  0.0000,  0.0000],
          [ 0.0000,  0.0000,  0.0000, -0.0001,  0.0000]],

         ...,

         [[ 0.0000,  0.0000,  0.0000,  0.0000,  0.0001],
          [ 0.0000,  0.0000, -0.0001,  0.0001,  0.0000],
          [ 0.0000,  0.0000,  0.0000,  0.0000,  0.0000],
          [ 0.0000, -0.0002,  0.0000,  0.0000, -0.0001],
          [ 0.0000,  0.0000,  0.0000,  0.0000,  0.0000]],

         [[ 0.0000,  0.0000, -0.0001, -0.0001,  0.0000],
          [ 0.0000,  0.0002,  0.0000,  0.0000,  0.0000],
          [ 0.0000,  0.0000,  0.0000,  0.0001,  0.0000],
          [ 0.0000,  0.0000,  0.0000,  0.0000,  0.0000],
          [ 0.0000,  0.0000,  0.0000, -0.0001,  0.0000]],

         [[ 0.0000,  0.0000,  0.0000,  0.0000,  0.0000],
          [ 0.0000, -0.0001,  0.0000,  0.0000,  0.0001],
          [ 0.0000,  0.0002,  0.0000,  0.0000,  0.0000],
          [ 0.0000, -0.0001,  0.0000,  0.0000,  0.0000],
          [ 0.0000,  0.0000,  0.0000, -0.0001,  0.0000]]],


        ...,


        [[[ 0.0000,  0.0000,  0.0000,  0.0000,  0.0000],
          [ 0.0000,  0.0000,  0.0000,  0.0000,  0.0000],
          [ 0.0000,  0.0000,  0.0000,  0.0000,  0.0000],
          [ 0.0000,  0.0000,  0.0000,  0.0000,  0.0000],
          [ 0.0000,  0.0000,  0.0000,  0.0000,  0.0000]],

         [[ 0.0000,  0.0000,  0.0000,  0.0000,  0.0000],
          [ 0.0000,  0.0000,  0.0000,  0.0000,  0.0000],
          [ 0.0000,  0.0000,  0.0000,  0.0000,  0.0000],
          [ 0.0000,  0.0000,  0.0000,  0.0000,  0.0000],
          [ 0.0000,  0.0000,  0.0000,  0.0000,  0.0000]],

         [[ 0.0000,  0.0000,  0.0000,  0.0000,  0.0000],
          [ 0.0000,  0.0000,  0.0000,  0.0000,  0.0000],
          [ 0.0000,  0.0000,  0.0000,  0.0000,  0.0000],
          [ 0.0000,  0.0000,  0.0000,  0.0000,  0.0000],
          [ 0.0000,  0.0000,  0.0000,  0.0000,  0.0000]],

         ...,

         [[ 0.0000,  0.0000,  0.0000,  0.0000,  0.0000],
          [ 0.0000,  0.0000,  0.0000,  0.0000,  0.0000],
          [ 0.0000,  0.0000,  0.0000,  0.0000,  0.0000],
          [ 0.0000,  0.0000,  0.0000,  0.0000,  0.0000],
          [ 0.0000,  0.0000,  0.0000,  0.0000,  0.0000]],

         [[ 0.0000,  0.0000,  0.0000,  0.0000,  0.0000],
          [ 0.0000,  0.0000,  0.0000,  0.0000,  0.0000],
          [ 0.0000,  0.0000,  0.0000,  0.0000,  0.0000],
          [ 0.0000,  0.0000,  0.0000,  0.0000,  0.0000],
          [ 0.0000,  0.0000,  0.0000,  0.0000,  0.0000]],

         [[ 0.0000,  0.0000,  0.0000,  0.0000,  0.0000],
          [ 0.0000,  0.0000,  0.0000,  0.0000,  0.0000],
          [ 0.0000,  0.0000,  0.0000,  0.0000,  0.0000],
          [ 0.0000,  0.0000,  0.0000,  0.0000,  0.0000],
          [ 0.0000,  0.0000,  0.0000,  0.0000,  0.0000]]],


        [[[ 0.0000,  0.0000,  0.0000,  0.0000,  0.0000],
          [ 0.0000,  0.0000,  0.0000,  0.0000,  0.0000],
          [ 0.0000,  0.0000,  0.0000,  0.0000,  0.0000],
          [ 0.0000,  0.0000,  0.0000,  0.0000,  0.0000],
          [ 0.0000,  0.0000,  0.0000,  0.0000,  0.0000]],

         [[ 0.0000,  0.0000,  0.0000,  0.0000,  0.0000],
          [ 0.0000,  0.0000,  0.0000,  0.0000,  0.0000],
          [ 0.0000,  0.0000,  0.0000,  0.0000,  0.0000],
          [ 0.0000,  0.0000,  0.0000,  0.0000,  0.0000],
          [ 0.0000,  0.0000,  0.0000,  0.0000,  0.0000]],

         [[ 0.0000,  0.0000,  0.0000,  0.0000,  0.0000],
          [ 0.0000,  0.0000,  0.0000,  0.0000,  0.0000],
          [ 0.0000,  0.0000,  0.0000,  0.0000,  0.0000],
          [ 0.0000,  0.0000,  0.0000,  0.0000,  0.0000],
          [ 0.0000,  0.0000,  0.0000,  0.0000,  0.0000]],

         ...,

         [[ 0.0000,  0.0000,  0.0000,  0.0000,  0.0000],
          [ 0.0000,  0.0000,  0.0000,  0.0000,  0.0000],
          [ 0.0000,  0.0000,  0.0000,  0.0000,  0.0000],
          [ 0.0000,  0.0000,  0.0000,  0.0000,  0.0000],
          [ 0.0000,  0.0000,  0.0000,  0.0000,  0.0000]],

         [[ 0.0000,  0.0000,  0.0000,  0.0000,  0.0000],
          [ 0.0000,  0.0000,  0.0000,  0.0000,  0.0000],
          [ 0.0000,  0.0000,  0.0000,  0.0000,  0.0000],
          [ 0.0000,  0.0000,  0.0000,  0.0000,  0.0000],
          [ 0.0000,  0.0000,  0.0000,  0.0000,  0.0000]],

         [[ 0.0000,  0.0000,  0.0000,  0.0000,  0.0000],
          [ 0.0000,  0.0000,  0.0000,  0.0000,  0.0000],
          [ 0.0000,  0.0000,  0.0000,  0.0000,  0.0000],
          [ 0.0000,  0.0000,  0.0000,  0.0000,  0.0000],
          [ 0.0000,  0.0000,  0.0000,  0.0000,  0.0000]]],


        [[[ 0.0000,  0.0000,  0.0000,  0.0000,  0.0000],
          [ 0.0000,  0.0000,  0.0000,  0.0000,  0.0000],
          [ 0.0000,  0.0000,  0.0000,  0.0000,  0.0000],
          [ 0.0000,  0.0000,  0.0000,  0.0000,  0.0000],
          [ 0.0000,  0.0000,  0.0000,  0.0000,  0.0000]],

         [[ 0.0000,  0.0000,  0.0000,  0.0000,  0.0000],
          [ 0.0000,  0.0000,  0.0000,  0.0000,  0.0000],
          [ 0.0000,  0.0000,  0.0000,  0.0000,  0.0000],
          [ 0.0000,  0.0000,  0.0000,  0.0000,  0.0000],
          [ 0.0000,  0.0000,  0.0000,  0.0000,  0.0000]],

         [[ 0.0000,  0.0000,  0.0000,  0.0000,  0.0000],
          [ 0.0000,  0.0000,  0.0000,  0.0000,  0.0000],
          [ 0.0000,  0.0000,  0.0000,  0.0000,  0.0000],
          [ 0.0000,  0.0000,  0.0000,  0.0000,  0.0000],
          [ 0.0000,  0.0000,  0.0000,  0.0000,  0.0000]],

         ...,

         [[ 0.0000,  0.0000,  0.0000,  0.0000,  0.0000],
          [ 0.0000,  0.0000,  0.0000,  0.0000,  0.0000],
          [ 0.0000,  0.0000,  0.0000,  0.0000,  0.0000],
          [ 0.0000,  0.0000,  0.0000,  0.0000,  0.0000],
          [ 0.0000,  0.0000,  0.0000,  0.0000,  0.0000]],

         [[ 0.0000,  0.0000,  0.0000,  0.0000,  0.0000],
          [ 0.0000,  0.0000,  0.0000,  0.0000,  0.0000],
          [ 0.0000,  0.0000,  0.0000,  0.0000,  0.0000],
          [ 0.0000,  0.0000,  0.0000,  0.0000,  0.0000],
          [ 0.0000,  0.0000,  0.0000,  0.0000,  0.0000]],

         [[ 0.0000,  0.0000,  0.0000,  0.0000,  0.0000],
          [ 0.0000,  0.0000,  0.0000,  0.0000,  0.0000],
          [ 0.0000,  0.0000,  0.0000,  0.0000,  0.0000],
          [ 0.0000,  0.0000,  0.0000,  0.0000,  0.0000],
          [ 0.0000,  0.0000,  0.0000,  0.0000,  0.0000]]]], device='cuda:0',
       requires_grad=True)conv2.biasParameter containing:
tensor([-0.0063, -0.0188, -0.0185, -0.0044, -0.0052, -0.0067, -0.0099, -0.0063,
        -0.0052, -0.0063, -0.0052, -0.0051, -0.0063, -0.0046, -0.3520,  0.0388,
        -0.0132, -0.0045, -0.0058, -0.0044, -0.0091, -0.3820, -0.0049, -0.0139,
        -0.4354, -0.0180, -0.0145, -0.0194, -0.0138, -0.0260, -0.0058, -0.4482,
        -0.0141, -0.0127, -0.0122, -0.0139, -0.0041, -0.0083, -0.0054, -0.0839,
        -0.0051, -0.0184, -0.0133, -0.0139, -0.0041, -0.0106, -0.0046, -0.0130,
        -0.0065, -0.0150], device='cuda:0', requires_grad=True)fc1.weightParameter containing:
tensor([[0.0000, 0.0004, 0.0017,  ..., 0.0000, 0.0000, 0.0000],
        [0.0000, 0.0000, 0.0000,  ..., 0.0000, 0.0000, 0.0000],
        [0.0000, 0.0000, 0.0000,  ..., 0.0000, 0.0000, 0.0000],
        ...,
        [0.0000, 0.0000, 0.0000,  ..., 0.0000, 0.0000, 0.0000],
        [0.0000, 0.0000, 0.0000,  ..., 0.0000, 0.0000, 0.0000],
        [0.0000, 0.0000, 0.0000,  ..., 0.0000, 0.0000, 0.0000]],
       requires_grad=True)fc1.biasParameter containing:
tensor([-4.0771e-02, -1.1800e-41,  4.4842e-43, -2.1334e-02,  5.5767e-02,
        -2.0084e-02, -1.4286e-04, -1.9476e-03, -7.5982e-34, -6.4439e-05,
         1.3022e-41, -4.2302e-03, -6.4303e-14, -9.7979e-05, -1.1240e-26,
         2.2323e-42,  4.7336e-42, -1.3507e-24,  9.6279e-19,  5.1896e-02,
         7.0722e-26,  1.8158e-38, -2.0221e-03, -2.9342e-05, -8.4627e-17,
        -4.2455e-11,  7.6791e-43,  4.8851e-02, -4.1256e-04, -1.6679e-07,
        -1.6033e-04,  2.3335e-39,  1.0922e-02,  1.1778e-41, -6.3116e-04,
        -9.6159e-03,  4.9326e-42,  2.6468e-03, -4.6949e-25,  1.6138e-02,
        -4.2877e-05, -2.3258e-04, -1.3241e-41, -1.0826e-05, -2.6926e-11,
         5.5912e-42, -1.1590e-04, -1.0793e-07, -4.7083e-11, -1.2564e-41,
        -3.4164e-42, -4.5584e-07, -3.4624e-10, -1.1308e-42, -2.5312e-02,
         1.1306e-01,  1.2569e-02, -3.1317e-15, -7.6595e-42, -3.3892e-06,
        -4.0620e-09, -6.0368e-42, -7.1649e-13, -1.1454e-41, -9.1140e-42,
        -4.5986e-02,  2.9960e-42,  3.5901e-42,  2.0952e-02, -2.7437e-06,
        -5.3796e-17, -1.3148e-41,  7.8598e-03, -1.7102e-07, -1.5021e-12,
        -6.1774e-05,  1.5724e-02, -3.6111e-42,  1.5679e-02, -5.2254e-42,
         1.6342e-24, -4.4617e-11, -7.4253e-04, -4.9558e-06, -3.5959e-19,
        -3.0180e-35, -1.3006e-02,  2.3822e-44, -1.5269e-02, -6.0999e-42,
         1.0137e-01, -1.2716e-38, -4.5567e-05, -7.1767e-09, -1.0192e-02,
        -4.1639e-09, -5.0453e-21, -4.7504e-42, -3.7619e-24, -1.2886e-41,
        -1.9551e-03, -2.0535e-02, -5.5114e-03, -1.9811e-05, -1.5080e-02,
        -1.8766e-05,  1.8472e-40, -2.0279e-20, -3.7656e-02,  1.0594e-41,
        -1.2987e-41,  4.7897e-10, -3.3336e-23, -3.6266e-42, -6.7008e-02,
         8.3644e-42, -9.9995e-05, -1.1977e-11, -2.9432e-02, -1.4878e-02,
        -3.6616e-42, -1.3553e-41, -2.5235e-31, -6.4825e-15,  1.8830e-02,
        -7.2391e-42, -3.5140e-09,  2.1870e-19, -3.6324e-33,  4.7062e-22,
        -1.1655e-41,  5.0520e-39, -3.0439e-26,  7.3428e-43,  3.8390e-02,
         1.1911e-05, -2.1081e-07, -2.6366e-03,  6.9813e-42, -1.5633e-20,
         3.1930e-02,  2.0683e-42,  7.5749e-03,  7.0611e-42,  7.3260e-42,
         2.9077e-03, -6.2527e-08, -4.7640e-23,  4.1207e-02,  1.0784e-37,
        -2.0814e-07, -1.1339e-41,  2.1183e-07, -1.3982e-41, -1.1559e-41,
         1.1490e-08, -9.3817e-42,  5.1446e-24,  1.8967e-20,  8.0617e-42,
        -2.5951e-03, -1.3916e-30,  1.3224e-41,  5.6121e-03,  3.1636e-02,
         3.3757e-42, -1.2790e-41,  5.2948e-02,  1.9479e-40,  1.3705e-42,
        -4.5893e-03,  2.7749e-10, -4.7565e-03,  6.9070e-42, -3.5652e-20,
         1.4033e-02,  7.7660e-42, -6.5765e-05, -2.3219e-36, -7.9406e-05,
         1.1656e-41,  2.0596e-28,  1.1071e-02, -1.6213e-03, -1.1027e-41,
        -1.0386e-26, -2.4579e-42, -5.8573e-03, -2.7620e-42,  4.0568e-42,
        -9.0403e-04, -2.7655e-09, -5.5050e-03, -9.7900e-03, -4.4245e-03,
         2.1808e-02, -8.6852e-42, -2.3827e-07,  6.8450e-36, -1.2006e-28,
         2.4109e-02, -8.6586e-42, -8.0911e-42, -1.0055e-17,  1.1547e-42,
        -9.2084e-08,  5.3446e-42, -9.9620e-28,  1.6140e-35,  1.3483e-41,
        -4.0088e-05, -1.2444e-41, -3.0456e-07,  8.4181e-03, -2.5148e-11,
         2.1970e-02, -2.8178e-16, -1.4559e-02, -1.0802e-25,  1.2233e-42,
        -5.0746e-05,  1.3616e-41, -3.6610e-06,  1.1840e-41, -2.9785e-14,
         1.7029e-06, -3.6334e-06, -2.9936e-07, -2.2495e-34, -1.0255e-41,
         3.4579e-07, -5.8528e-23, -2.0325e-18, -1.2756e-41,  5.9322e-05,
         4.8325e-20,  1.2628e-02,  3.5491e-19,  2.9465e-02, -1.6867e-04,
        -1.9394e-42, -7.5379e-03,  1.2092e-41, -4.2682e-03, -7.7758e-42,
        -1.0709e-26, -1.0869e-10, -2.9632e-06, -2.5397e-02, -6.2736e-08,
        -1.0752e-02, -8.4139e-11, -1.5123e-03, -2.5279e-37,  6.2666e-42,
         1.3332e-41, -5.6931e-07, -5.5320e-26, -4.6847e-07,  1.0412e-02,
        -7.8991e-12, -3.5827e-24,  1.5301e-02, -2.4635e-42,  1.0587e-41,
        -4.1677e-04, -5.8337e-05, -6.4656e-42, -7.7241e-31,  1.3901e-42,
        -1.0534e-10,  5.3333e-42, -2.2649e-05, -9.6478e-03, -1.9520e-07,
        -2.2970e-04,  5.3216e-41, -4.3013e-23,  2.4751e-02, -2.1940e-02,
        -9.8651e-43,  1.5121e-03, -1.3094e-08, -1.5896e-02, -4.6149e-11,
        -1.2528e-03, -4.1425e-17,  2.4172e-03,  7.9394e-04, -5.0769e-03,
         5.5430e-38,  3.5075e-42, -9.6690e-44, -8.6338e-08, -3.2118e-42,
        -5.5477e-42,  9.8820e-42, -1.5178e-03, -9.4669e-03, -1.3820e-41,
        -1.1797e-26,  5.7297e-03, -1.4091e-02, -2.8006e-09, -3.2900e-31,
        -1.6118e-06, -1.6089e-02, -1.3198e-08,  3.6774e-03, -1.4860e-02,
         7.8249e-42, -6.9334e-04, -3.8170e-03, -5.8396e-09, -4.1358e-02,
         3.6140e-03,  4.5209e-31,  1.6508e-02, -9.0623e-15, -1.3088e-41,
         1.9822e-02, -4.1506e-42, -7.6595e-42, -1.9140e-13,  2.2761e-02,
        -1.0241e-08,  1.4310e-02,  1.0483e-02,  1.1365e-41,  4.1045e-02,
         5.3726e-42, -4.5296e-16, -3.0603e-04, -8.3131e-03,  5.7313e-02,
        -5.2682e-21, -1.5550e-07, -1.2297e-11, -8.2869e-36,  2.0620e-02,
         5.5212e-02,  5.0307e-43, -4.9409e-03,  3.2020e-42, -3.3271e-07,
        -3.6029e-07,  1.0451e-41, -2.1551e-06, -4.2395e-03,  2.2298e-03,
        -1.3667e-02,  1.2774e-07, -2.5430e-34, -1.3542e-41, -1.2728e-06,
        -3.5988e-12, -2.3965e-04, -9.2412e-10, -4.6061e-42,  4.2585e-02,
        -5.0604e-11, -3.8908e-04, -2.8740e-10, -1.9459e-02, -3.7303e-42,
        -1.1138e-41,  7.6665e-42, -6.6471e-40,  2.5676e-02,  2.4013e-23,
         4.2050e-02, -5.8042e-07, -1.5219e-20, -8.9911e-07,  8.6491e-37,
        -5.1134e-03, -3.4318e-42, -4.0867e-02,  6.9981e-42, -7.4842e-15,
         3.9797e-04, -5.9522e-18,  2.6203e-40, -3.8943e-11,  6.5178e-22,
         9.4041e-42, -6.5624e-09,  3.7296e-02, -1.3670e-41, -1.1673e-41,
        -6.3457e-22, -3.4672e-07, -6.9821e-03, -7.0756e-02,  1.0950e-41,
         1.0040e-02, -1.0678e-41,  1.2831e-03, -6.4710e-09,  2.4071e-02,
         1.1321e-41, -1.0334e-24, -1.2437e-05,  6.1275e-02, -5.8181e-09,
        -1.9288e-02, -6.9543e-03,  1.2214e-03, -2.7431e-04, -1.0719e-41,
        -5.5678e-40, -4.0464e-14, -2.1854e-02, -1.5751e-42, -1.9158e-04,
         5.7468e-03, -1.1296e-18, -2.0823e-42, -5.3120e-12,  3.1302e-03,
         3.3315e-02,  1.0630e-41, -4.0674e-08, -2.2841e-28,  1.3231e-04,
         1.4085e-02,  7.0840e-25,  3.8404e-06, -7.2745e-20, -1.8554e-02,
        -4.3043e-03,  3.4233e-09, -1.9165e-08, -2.9806e-42,  2.6384e-02,
        -2.7000e-10,  2.2077e-35, -1.0316e-05, -9.5209e-04, -2.5359e-23,
        -1.4595e-13, -4.3497e-08,  6.3444e-02, -1.1125e-02, -1.0721e-06,
        -5.3244e-09,  1.2151e-02, -4.5797e-03, -3.8954e-15, -1.8760e-13,
        -7.2125e-06,  4.8464e-08,  1.1429e-41, -5.4602e-02, -3.7471e-42,
         2.6574e-02, -8.4622e-17, -1.1781e-41, -1.5912e-18,  2.4662e-02,
        -5.4388e-05, -2.2641e-02, -2.0367e-06, -1.1378e-20, -1.7000e-38,
         1.8343e-13, -5.3720e-03, -3.0718e-12,  1.4854e-42, -3.9064e-35,
        -1.4449e-18, -1.2152e-02,  1.9016e-42,  2.1758e-06, -2.5464e-11,
         1.0717e-12,  2.3431e-02,  6.7693e-02, -1.1583e-41,  8.4905e-42,
        -5.0811e-05,  3.4038e-42, -1.1603e-04, -5.3053e-42,  1.4464e-03,
        -4.5438e-11, -1.9120e-02, -3.8467e-09, -1.3681e-41, -9.0665e-06,
         1.3074e-41, -1.6426e-03, -1.4621e-26,  2.5826e-42, -4.0184e-05,
         6.6940e-42, -2.9903e-09, -2.3150e-18,  1.1013e-41, -7.1201e-03],
       device='cuda:0', requires_grad=True)fc2.weightParameter containing:
tensor([[-8.1955e-02,  0.0000e+00,  0.0000e+00,  ...,  0.0000e+00,
          0.0000e+00, -1.4868e-02],
        [-1.5807e-02,  0.0000e+00,  0.0000e+00,  ...,  0.0000e+00,
          0.0000e+00,  2.2656e-02],
        [ 5.4201e-02,  0.0000e+00,  0.0000e+00,  ...,  1.8158e-04,
          0.0000e+00,  9.2913e-03],
        ...,
        [-2.5498e-02,  0.0000e+00,  0.0000e+00,  ..., -6.0247e-04,
          0.0000e+00, -1.3540e-02],
        [-5.6578e-01,  0.0000e+00,  0.0000e+00,  ...,  2.3540e-04,
          0.0000e+00,  6.0258e-04],
        [ 2.1153e-01,  0.0000e+00,  0.0000e+00,  ...,  0.0000e+00,
          0.0000e+00, -1.9428e-02]], requires_grad=True)fc2.biasParameter containing:
tensor([ 0.0048, -0.0527, -0.0137, -0.0248,  0.0066,  0.0174, -0.0297, -0.0579,
         0.1863, -0.0439], device='cuda:0', requires_grad=True)