conv1.weightParameter containing:
tensor([[[[ 2.2875e-04,  2.0283e-04,  5.9271e-05, -2.7216e-04,  2.6446e-05],
          [-2.1577e-04, -7.1865e-05, -2.3127e-05, -4.2242e-05,  5.2710e-05],
          [-2.3044e-04, -2.0515e-05,  1.8204e-04, -1.2263e-04, -2.1188e-06],
          [-3.1366e-06,  5.4503e-05, -1.4908e-04, -7.0914e-05, -3.0945e-05],
          [ 9.0812e-05, -3.4551e-05, -1.9240e-04,  1.5605e-04, -1.3066e-04]]],


        [[[-1.6147e-05,  9.3935e-06, -2.5399e-05,  5.3860e-05, -8.7453e-05],
          [ 1.7893e-04, -2.1437e-04,  4.2095e-05,  1.3364e-04,  2.9078e-05],
          [-9.9821e-05,  1.0694e-04,  7.3610e-05, -3.7907e-05, -6.5627e-05],
          [-1.2179e-04,  8.7429e-05, -9.8790e-05, -1.5652e-04,  3.3038e-05],
          [-1.1174e-04,  2.2274e-04, -3.4857e-06, -1.4823e-04, -1.7981e-04]]],


        [[[-3.1207e-05, -1.9302e-06,  2.7166e-05,  1.0837e-04,  1.2632e-05],
          [ 9.9536e-05,  3.6048e-04, -1.1173e-04, -8.7275e-05,  1.0107e-04],
          [-1.1267e-04, -8.6880e-05,  3.4861e-05, -3.7579e-04, -2.0383e-04],
          [-9.9015e-05,  8.5215e-05,  1.5500e-05,  1.6463e-04, -3.0253e-04],
          [-6.4946e-06,  3.1316e-05, -2.2652e-05, -1.1162e-04,  1.9432e-04]]],


        [[[-1.9057e-04, -5.5969e-04, -4.6636e-04,  1.8171e-04,  3.9370e-04],
          [-1.9419e-04,  5.3810e-04,  1.7689e-04, -8.5430e-05,  3.8143e-04],
          [ 2.3790e-03,  3.2432e-01,  2.7598e-01,  5.1901e-04, -5.1990e-05],
          [ 3.6882e-03,  1.9569e+00,  2.1433e+00,  2.1190e-03,  1.9559e-04],
          [-1.5332e-04,  3.0021e-02,  1.3822e+00,  7.7066e-01,  1.6991e-03]]],


        [[[ 3.6209e-05,  7.1947e-05,  4.1640e-05, -1.9650e-04,  1.5209e-05],
          [ 2.1057e-05,  2.8757e-04, -9.4828e-05,  5.8984e-05,  3.4576e-05],
          [-3.3092e-05,  2.2699e-04, -2.1061e-05,  8.3425e-05,  2.8478e-05],
          [-2.7532e-05,  1.6486e-04, -1.3680e-05, -2.2403e-05, -2.6666e-04],
          [ 5.3165e-05,  2.7555e-05, -3.8094e-05, -7.1231e-05,  1.5576e-05]]],


        [[[ 3.7332e-05,  2.8289e-05, -6.6602e-05, -1.1145e-04,  5.9101e-05],
          [ 2.2864e-04,  3.5045e-05, -8.6712e-05, -3.2540e-05, -7.4646e-05],
          [ 1.1941e-04, -8.7557e-05, -3.6264e-05, -2.3150e-04,  2.0739e-05],
          [ 2.3694e-04,  2.5179e-04, -3.6117e-05,  1.8872e-05, -1.5955e-04],
          [ 7.3209e-05, -1.5833e-07, -6.4222e-05, -5.2676e-05,  8.2154e-05]]],


        [[[ 1.4975e-04,  8.3829e-05,  8.7603e-05,  2.3364e-04, -1.1495e-05],
          [ 1.3820e-05, -1.5811e-04, -1.1343e-04,  8.8307e-05, -9.0196e-05],
          [ 2.6825e-04,  2.3132e-04,  2.9869e-05, -4.2732e-05, -6.5730e-05],
          [-3.8923e-05,  5.6574e-05,  1.1385e-05, -5.4247e-05, -1.0128e-04],
          [ 8.3071e-05, -1.1635e-04, -3.1173e-05,  4.0792e-05, -1.9107e-04]]],


        [[[-3.2953e-05,  1.1405e-04, -1.3245e-04, -7.7558e-05,  7.7525e-05],
          [-2.6613e-05, -6.9958e-05, -3.2207e-05,  8.6778e-05,  1.6923e-04],
          [ 1.4041e-04, -1.4040e-04,  7.6972e-05, -2.8014e-05, -5.3619e-05],
          [-1.2008e-05, -8.0085e-05,  4.1143e-05, -1.3610e-04,  7.7172e-05],
          [ 7.2895e-06,  1.0077e-04,  1.7331e-04, -1.6746e-04, -2.0356e-04]]],


        [[[ 9.6631e-05,  5.3886e-05,  2.6897e-06,  1.2177e-04,  1.1679e-04],
          [ 8.8751e-05,  1.6623e-05, -1.0259e-04, -4.1411e-05, -1.0542e-04],
          [ 1.1927e-05, -6.3238e-05,  7.2868e-05,  1.9055e-05,  1.3313e-04],
          [-2.4792e-05,  3.7209e-05,  1.1964e-04, -1.7938e-04, -8.9136e-06],
          [-1.2344e-04, -4.9486e-05,  1.0395e-04,  2.5538e-05,  2.8524e-05]]],


        [[[ 1.8875e-04, -2.6020e-04,  1.6609e-04, -4.8424e-05, -1.7630e-04],
          [ 1.3218e-04, -1.6309e-04, -6.1947e-05,  3.0385e-04, -1.2701e-04],
          [ 1.3133e-04,  5.1553e-05,  6.9486e-05,  5.2442e-05, -2.2224e-04],
          [ 9.6867e-05, -4.8658e-05, -7.6016e-05,  1.2824e-04,  1.7874e-04],
          [-6.3882e-05, -7.6317e-05,  1.2611e-04,  1.9926e-04,  2.2057e-04]]],


        [[[ 1.0205e-04,  5.6352e-05,  1.3867e-05,  2.1769e-04,  1.0825e-05],
          [-1.2711e-04, -4.1365e-05,  9.5424e-05,  1.7209e-04, -1.1533e-04],
          [ 1.1086e-04,  1.3404e-04, -8.4272e-05,  6.5203e-06,  9.5164e-05],
          [ 1.2938e-04, -7.4751e-05,  1.2696e-04, -2.0095e-04, -2.4237e-05],
          [ 3.9400e-05, -7.4514e-05, -1.7275e-05, -4.9245e-05, -2.1213e-04]]],


        [[[-5.8669e-05,  4.9444e-05, -8.1717e-05,  2.5809e-04, -1.4114e-04],
          [-1.3321e-04, -4.3638e-05, -2.5775e-06,  4.5487e-05, -1.0840e-04],
          [ 1.6477e-05,  4.2689e-05,  1.9221e-04, -1.2643e-04, -7.2930e-05],
          [ 1.1032e-04,  4.6724e-05, -4.6337e-05,  4.0264e-06, -1.6490e-04],
          [-2.4433e-05, -1.7108e-04,  8.9803e-05, -3.0303e-05, -3.0613e-05]]],


        [[[-7.4340e-05, -4.7976e-05, -6.0414e-05, -1.0145e-04, -9.1032e-05],
          [-4.1129e-05,  2.9120e-04,  1.3137e-05, -7.3075e-05,  4.2294e-05],
          [ 9.9212e-05, -3.5670e-05,  1.1207e-04,  1.7982e-04, -8.5680e-05],
          [ 2.0780e-04, -1.1622e-04, -2.8021e-04, -6.5513e-05, -3.7769e-05],
          [ 5.2270e-05,  1.5008e-04,  2.8187e-04,  2.0068e-05, -1.4865e-05]]],


        [[[ 5.7000e-06,  8.4445e-06,  2.1706e-04,  2.5167e-04,  1.1103e-04],
          [ 1.8763e-04, -2.5276e-04, -6.6662e-05, -1.6971e-05,  9.8326e-05],
          [ 3.6795e-05, -8.3716e-05, -1.4757e-04,  9.8526e-05,  3.2556e-05],
          [-2.3769e-05,  2.4767e-04,  8.0279e-05, -3.2301e-05,  4.3320e-06],
          [ 1.1610e-04, -1.6622e-04, -3.1234e-05, -1.2959e-06,  1.9611e-04]]],


        [[[-2.1465e-04, -4.8808e-05,  1.2128e-05,  2.6486e-06,  4.2302e-05],
          [-5.4829e-05,  6.0556e-06,  1.4591e-04,  2.3823e-04, -1.5224e-04],
          [-1.5288e-04, -4.2361e-04,  2.8717e-06, -2.3821e-04,  4.2625e-05],
          [ 5.0362e-05,  1.6276e-05,  3.4195e-05, -9.1860e-06, -3.7658e-05],
          [ 6.0495e-05,  1.6613e-05,  7.4787e-05, -4.1943e-05, -2.3822e-04]]],


        [[[-1.3206e-04, -1.2389e-04,  1.2469e-04,  8.5761e-05, -1.4443e-04],
          [ 1.2080e-05,  7.0872e-05,  1.5695e-05,  3.6944e-05,  1.1809e-04],
          [-4.5526e-06, -5.1358e-05,  1.1447e-04, -1.3398e-05, -7.7956e-05],
          [ 1.7037e-06, -1.4611e-04,  6.7953e-05,  2.5300e-05,  1.1813e-04],
          [ 2.2132e-05,  1.0843e-04, -2.0350e-05, -1.2943e-04,  1.3819e-05]]],


        [[[ 5.0787e-05,  1.3848e-05,  6.1839e-05,  8.9648e-05, -2.2210e-05],
          [ 2.1728e-05,  9.5951e-05, -2.0226e-04,  3.4530e-04, -4.1968e-05],
          [-2.4207e-05, -2.4140e-05,  2.4998e-05, -2.0452e-05, -1.1416e-04],
          [ 3.9213e-05,  6.9841e-05,  6.9138e-05, -2.1201e-04, -1.9496e-04],
          [-3.5903e-05,  8.9252e-05,  9.2840e-06,  1.2263e-04, -5.9569e-05]]],


        [[[ 2.0789e-05,  2.1957e-05,  3.3835e-05, -8.7072e-05, -4.4477e-05],
          [-1.5321e-04, -1.2450e-06, -2.4295e-04,  8.2725e-05,  3.9225e-05],
          [-3.9710e-05,  9.3571e-05, -5.5350e-05, -5.1763e-05,  2.9085e-04],
          [ 1.0927e-05,  5.3925e-05, -1.2235e-04, -1.7707e-04, -1.4081e-04],
          [-1.7850e-04, -1.7349e-04, -2.0153e-04,  8.8372e-05, -1.2683e-05]]],


        [[[ 3.4199e-08, -2.4585e-05, -2.0702e-05,  6.1893e-06, -2.9956e-04],
          [ 2.1459e-05,  1.2916e-05, -3.1011e-05, -2.2087e-04, -5.0879e-06],
          [-7.5524e-05,  1.8001e-04,  1.0964e-04, -7.7098e-05,  5.4944e-05],
          [ 6.5867e-05, -7.5979e-05, -7.8541e-05,  2.4204e-05, -2.2881e-05],
          [ 8.5685e-05, -1.2022e-04, -2.6224e-04, -1.1124e-04, -3.4481e-06]]],


        [[[-8.6019e-05, -2.4218e-05, -6.7315e-05, -1.1257e-04, -1.2723e-04],
          [-1.0075e-04, -4.6135e-05,  1.0214e-04, -1.8986e-05, -2.7295e-05],
          [-2.1465e-04, -6.5986e-05, -2.9545e-05,  7.0001e-05,  9.9804e-05],
          [-1.9491e-04,  6.6003e-05,  4.7638e-06, -6.6481e-05,  3.1649e-05],
          [ 1.1299e-04,  1.3278e-05,  3.3073e-05, -2.1659e-05, -4.2086e-05]]]],
       device='cuda:0', requires_grad=True)conv1.biasParameter containing:
tensor([-1.5661e-03, -2.9648e-04, -1.3663e-03,  2.8747e-03, -5.7635e-04,
        -1.1454e-03, -7.4680e-04, -6.8434e-05,  2.3036e-03,  3.2115e-03,
         1.6963e-03, -1.8270e-03,  6.9004e-05, -8.7215e-04,  8.2383e-03,
        -9.0456e-04,  2.1626e-03,  6.7741e-04, -1.4497e-03, -7.0979e-04],
       device='cuda:0', requires_grad=True)conv2.weightParameter containing:
tensor([[[[-5.5672e-05,  1.0913e-04,  1.3324e-04, -3.1558e-05, -7.4138e-05],
          [ 4.7617e-05, -1.3022e-05,  5.2392e-05,  5.2198e-05,  1.0485e-04],
          [-2.9537e-06,  7.2804e-05,  6.8773e-05,  1.7629e-04,  8.1137e-05],
          [ 9.7870e-05,  3.5412e-05, -1.7863e-04,  1.7876e-04,  1.0226e-04],
          [-5.4226e-05,  3.7441e-05, -2.4179e-05,  6.3660e-05,  2.2095e-04]],

         [[-7.2917e-05,  1.7901e-05,  1.3335e-04, -6.9902e-06,  1.3196e-04],
          [-8.1944e-05, -6.7929e-05,  3.3142e-05, -7.4552e-05, -8.1812e-05],
          [-5.6790e-06,  1.2710e-04, -1.2781e-04, -1.5910e-05,  1.2239e-05],
          [ 1.1945e-04,  1.1004e-04, -9.1089e-05,  9.4339e-05, -8.9070e-05],
          [-2.8724e-05, -1.3109e-04,  8.0657e-05,  4.6767e-05,  3.5582e-05]],

         [[ 4.3426e-05,  1.2407e-04,  1.1987e-04,  7.7224e-05, -3.6325e-05],
          [ 1.1446e-04,  1.9720e-05, -5.5280e-05, -6.7370e-05,  2.6698e-05],
          [-4.3970e-05,  5.4799e-05,  1.6488e-05,  3.5281e-06, -6.6731e-05],
          [-7.4411e-05, -6.0231e-05,  9.8270e-05, -6.0892e-05, -1.2343e-04],
          [-9.6566e-05,  3.1102e-05,  1.8825e-05,  3.5183e-06,  1.5853e-05]],

         ...,

         [[ 1.0188e-04,  8.0955e-05, -5.2010e-05,  7.3837e-05, -2.1871e-04],
          [ 1.7963e-05, -1.5969e-04,  2.6481e-04,  2.1991e-05,  3.7195e-05],
          [-7.2469e-06,  7.8927e-05,  6.7033e-05,  8.5241e-05,  4.1063e-06],
          [ 1.2099e-05,  3.2382e-05, -2.3441e-05,  6.2731e-05,  7.4606e-05],
          [-1.1104e-05,  7.2331e-06, -7.1362e-05,  6.2886e-05, -7.9537e-05]],

         [[-7.1489e-05, -2.2890e-04,  3.2265e-05,  3.4669e-05, -4.4124e-06],
          [-1.1168e-04, -2.3107e-05,  9.2087e-05,  1.6294e-04,  1.4937e-05],
          [-7.9093e-06, -1.7642e-04,  1.4353e-04, -2.9677e-05, -6.8205e-05],
          [-3.1329e-05,  2.1763e-04,  3.5064e-05,  5.6395e-05,  9.7510e-05],
          [ 1.3240e-04, -5.7942e-05, -4.1228e-05,  1.0961e-04, -7.6233e-05]],

         [[ 1.1730e-04,  8.1898e-05, -8.8405e-05, -6.0171e-06,  8.0555e-06],
          [-3.6998e-05,  2.5946e-05, -8.4841e-05,  6.7430e-06, -9.3781e-05],
          [ 2.9042e-05,  7.9807e-06,  1.8355e-05, -7.9474e-05,  5.8852e-05],
          [-1.6786e-04, -3.6456e-05,  6.7154e-06,  7.5071e-05, -7.9491e-05],
          [-2.2313e-05,  3.2758e-05,  1.0047e-04, -7.1491e-05,  3.2428e-05]]],


        [[[ 2.7219e-05, -1.2509e-04, -4.6258e-05,  5.6784e-05, -4.3298e-05],
          [-8.5059e-05,  6.0035e-05,  2.2131e-04,  8.9150e-05, -1.2089e-04],
          [ 1.0526e-04, -8.7660e-05, -7.1314e-05, -2.2113e-04,  6.8213e-06],
          [ 5.3914e-05, -6.8505e-05,  5.5352e-05, -8.4357e-05,  2.3972e-05],
          [ 2.3612e-05, -7.1745e-06,  1.0064e-04, -1.2312e-04, -2.2107e-04]],

         [[ 8.4283e-05, -2.8257e-05,  1.1163e-04, -1.4851e-04,  3.4645e-05],
          [ 1.0621e-04, -7.7764e-05, -7.2482e-05,  6.7192e-05,  3.1698e-05],
          [ 7.8733e-05,  1.2730e-04, -1.8678e-05,  2.3126e-04, -6.3109e-05],
          [ 8.0045e-05,  7.5924e-05, -5.0435e-05,  5.0326e-05,  1.4826e-04],
          [ 2.3080e-04, -5.1845e-05, -5.6213e-06,  1.1053e-04,  1.4819e-04]],

         [[ 1.8796e-06, -1.6976e-04,  1.1055e-06, -7.8268e-05,  8.1121e-05],
          [ 3.1501e-05, -3.5063e-05, -6.4892e-05, -5.6499e-05,  3.2676e-05],
          [-7.5180e-05,  1.5819e-06, -1.0824e-04,  4.4292e-05,  4.1788e-05],
          [-5.6259e-05,  3.7276e-05,  7.3009e-05,  8.3599e-05,  5.5954e-05],
          [-2.5707e-05,  1.2840e-04, -1.1654e-04,  6.3194e-05,  8.5359e-05]],

         ...,

         [[ 1.8808e-04,  3.2125e-05, -1.2233e-05,  1.6388e-05,  9.2463e-05],
          [-1.0724e-04, -7.2049e-05,  7.9709e-05, -2.8780e-05,  9.0132e-05],
          [ 1.2090e-04, -2.8861e-06,  3.7217e-05,  5.0445e-05,  4.5736e-05],
          [ 7.2628e-05,  2.4373e-05, -8.5142e-05,  8.4190e-05,  6.6136e-05],
          [-4.4487e-05,  8.6929e-05,  9.5513e-05, -7.2309e-05,  8.7119e-05]],

         [[ 1.5761e-04, -6.3223e-05,  6.1578e-05, -4.2460e-06, -6.8340e-07],
          [-5.4264e-05,  6.7370e-05, -2.1460e-04,  6.3614e-05, -9.0666e-05],
          [ 1.1910e-04,  1.1059e-05,  1.5329e-05,  2.2278e-05, -3.8411e-05],
          [-4.8725e-05,  2.3765e-05,  1.0526e-04, -2.5303e-04,  4.1740e-06],
          [-1.2332e-04, -8.9542e-05, -6.2284e-05,  4.7593e-05, -2.2291e-05]],

         [[-8.1539e-05,  8.2872e-05, -3.8370e-05,  1.1753e-04,  7.3724e-05],
          [ 2.9522e-05, -8.0265e-05, -8.7316e-06, -1.0869e-04, -1.1000e-04],
          [-4.2120e-05,  1.0587e-04, -1.0370e-04,  4.7379e-06,  6.2791e-05],
          [-2.9715e-05,  4.7246e-05, -1.8700e-04,  5.3931e-05, -1.3461e-04],
          [ 9.7515e-05, -2.4605e-05, -9.6076e-05,  8.2588e-05, -7.4518e-05]]],


        [[[-1.7558e-05,  1.3969e-04, -1.0838e-04,  1.0170e-05, -2.5675e-05],
          [-1.0567e-04, -6.5807e-06, -1.5573e-06, -2.0681e-04, -8.3348e-05],
          [-5.7383e-05,  2.7436e-05, -3.5217e-05,  9.6808e-05, -3.4602e-05],
          [ 5.3895e-05,  1.7474e-05,  7.5832e-05,  9.5818e-05, -5.3677e-05],
          [-1.9132e-05,  1.8275e-04,  1.1940e-04, -1.0604e-04,  8.4152e-05]],

         [[ 2.4011e-06, -1.7480e-04,  4.1466e-05, -2.1416e-05,  8.6008e-05],
          [ 4.8179e-05,  4.5993e-05,  1.8817e-04,  5.9672e-05, -5.5411e-05],
          [ 5.8296e-05, -9.8859e-05,  5.4991e-05,  5.8183e-05,  1.5703e-04],
          [ 1.2421e-04,  2.0308e-04,  3.2882e-05, -4.7140e-05, -2.6761e-06],
          [-4.2951e-05, -1.3558e-04, -4.7118e-05, -3.4350e-05, -3.3339e-05]],

         [[-6.3219e-05,  2.4382e-05,  9.9657e-06, -2.3970e-05, -9.1246e-05],
          [ 7.4304e-05,  1.7045e-04, -8.6146e-05, -1.7037e-04, -9.8317e-05],
          [-1.4104e-05,  3.3370e-05, -8.7510e-05, -1.0653e-04, -6.7109e-05],
          [ 4.2169e-05,  7.2407e-07,  2.4344e-04, -7.1007e-05,  8.8839e-05],
          [ 4.1130e-05, -4.1742e-05, -1.9005e-05,  4.0566e-05, -9.4825e-05]],

         ...,

         [[ 2.6784e-05, -3.8217e-05, -7.2562e-05, -9.2012e-05,  6.5073e-05],
          [ 5.5516e-05, -5.6883e-05, -6.2844e-05,  3.2244e-05, -2.8393e-05],
          [-1.2973e-04, -1.0123e-04,  2.2037e-05, -1.2999e-04, -8.3344e-05],
          [-3.3223e-05,  1.1832e-04, -4.8771e-05, -2.6616e-05,  5.4767e-05],
          [ 9.2871e-05,  3.9892e-05,  2.6579e-05,  1.4631e-05,  3.7296e-06]],

         [[ 1.5597e-05, -2.7193e-06, -9.7223e-06, -9.1502e-05, -5.2637e-05],
          [ 2.1126e-05, -6.3332e-05,  5.1876e-06, -1.2407e-04, -1.9828e-04],
          [-9.3647e-05,  9.3656e-05,  2.7285e-06, -9.7444e-06, -7.3018e-05],
          [ 2.0936e-07, -1.9608e-04, -1.8507e-06,  4.4553e-06,  6.2103e-05],
          [ 7.6600e-05, -8.5272e-05, -1.1342e-05, -1.2273e-04, -8.9114e-05]],

         [[-7.6431e-05, -2.0603e-07, -5.5615e-05, -6.9567e-05, -5.8699e-05],
          [-4.5845e-05, -1.5857e-05,  1.5945e-05,  4.2863e-05,  6.7826e-05],
          [ 1.0076e-04,  2.7661e-06,  7.5498e-06, -6.4897e-05,  2.5980e-05],
          [ 1.3363e-04, -1.6720e-05, -8.5799e-05, -8.6910e-05, -1.0779e-05],
          [ 4.0663e-05,  1.9321e-05,  1.2859e-06, -7.0309e-05,  1.1525e-04]]],


        ...,


        [[[-1.0552e-04,  6.5498e-05, -1.1181e-04,  1.3262e-04,  1.3500e-04],
          [ 1.1065e-04,  1.6257e-04, -4.2536e-05, -4.0653e-05, -3.0646e-05],
          [-1.1622e-04,  7.5560e-05,  4.9933e-05,  4.5178e-05,  1.6675e-04],
          [ 5.3932e-05,  4.5139e-05,  1.3296e-05, -6.5557e-06, -5.4113e-05],
          [-1.0049e-04, -1.0572e-05,  5.7134e-05, -1.6560e-04, -1.3887e-04]],

         [[ 1.0402e-04, -1.0334e-04,  3.3038e-05, -9.5150e-05, -1.9417e-05],
          [ 6.3823e-05, -8.4636e-05,  9.7967e-05, -9.2661e-05,  5.4778e-05],
          [ 4.8483e-05, -2.3377e-04, -1.5474e-04, -4.7749e-06, -1.9101e-04],
          [ 1.9818e-04, -5.0299e-05,  3.9991e-05,  7.1503e-05,  8.4291e-05],
          [-1.4713e-07,  4.7093e-05,  8.9075e-05,  1.7663e-05, -5.5559e-05]],

         [[-9.2323e-05, -7.3305e-05, -1.5017e-04,  7.4785e-05, -1.3383e-04],
          [-1.0068e-04,  7.4221e-06,  5.8638e-05, -7.6859e-05,  4.4608e-05],
          [-5.5730e-06,  8.1463e-05,  1.2104e-04, -1.2108e-04,  7.9837e-05],
          [ 6.5108e-05, -3.9636e-05, -1.0055e-04,  2.2572e-05,  7.8476e-05],
          [ 1.0641e-04,  5.5087e-05,  2.0598e-05,  1.3918e-04,  9.9902e-05]],

         ...,

         [[-2.3985e-06,  1.3449e-04, -2.4815e-06,  5.0067e-05,  1.0127e-05],
          [-5.1711e-05, -4.0231e-05,  3.6338e-05, -9.9544e-05, -6.4135e-06],
          [-2.0945e-05, -5.8188e-05,  1.2891e-04, -4.8065e-05,  5.1991e-05],
          [-1.6423e-04, -6.0803e-05,  1.5999e-04, -6.0636e-05,  5.0815e-05],
          [-6.1926e-05,  9.1712e-05,  1.3061e-04, -2.4731e-06,  6.3279e-05]],

         [[ 1.1834e-04,  1.0497e-04,  9.6525e-07, -2.2383e-05,  4.8727e-05],
          [ 1.0328e-04, -1.0568e-04, -1.1837e-04,  2.0786e-05, -5.9959e-05],
          [ 4.0010e-05, -6.6984e-06, -1.0500e-04, -6.8144e-05, -3.9471e-05],
          [ 1.8061e-04,  1.0788e-04, -4.8485e-06, -7.4709e-05,  4.9194e-05],
          [ 1.0325e-04,  2.9675e-05, -9.2655e-05, -2.1880e-06,  1.0329e-04]],

         [[ 9.3997e-05, -1.7060e-04,  4.4747e-05, -2.0051e-06,  9.9476e-06],
          [-3.5883e-05, -1.1885e-05,  1.1393e-04,  5.9572e-05,  1.0013e-04],
          [-1.0114e-04, -3.0464e-06, -1.2834e-05, -1.0109e-04, -7.7239e-05],
          [ 2.8898e-05,  2.7547e-05,  5.2078e-05, -1.1483e-04,  7.5381e-05],
          [ 6.1186e-05,  8.8463e-05,  8.5827e-05,  4.7995e-05, -1.9616e-05]]],


        [[[-6.6867e-05,  7.6768e-05,  2.2184e-04, -3.0955e-06,  5.5874e-05],
          [-4.0247e-05,  9.0625e-05, -1.2388e-04,  1.0416e-04,  1.2310e-04],
          [-2.3673e-05,  5.5502e-05, -8.4373e-05,  1.0854e-05,  4.9775e-05],
          [ 8.6427e-05, -3.5228e-05, -9.1699e-05,  2.5370e-05,  1.8704e-05],
          [ 7.2109e-07,  1.5258e-05,  5.9895e-05,  4.9923e-05,  9.8679e-05]],

         [[-3.8175e-05,  1.6124e-04,  6.3161e-05, -8.9101e-05, -7.8537e-05],
          [ 2.2343e-05,  9.7333e-05,  2.3251e-05,  3.6814e-05, -1.3434e-04],
          [ 3.2228e-05, -2.5796e-05, -5.7337e-05, -4.7101e-05,  9.7193e-05],
          [-2.0142e-05,  3.9266e-05,  1.0052e-04,  7.8732e-05,  1.6505e-05],
          [ 6.4416e-06,  1.0211e-04,  3.0958e-05, -3.8542e-05, -1.1819e-04]],

         [[ 1.0930e-06,  5.1641e-05, -1.6462e-05,  6.3160e-05, -1.6485e-05],
          [-4.0835e-05, -5.3984e-05,  1.1108e-06,  9.5987e-05, -4.0950e-05],
          [ 9.7752e-05, -7.8970e-05,  1.7317e-05, -3.4532e-05,  7.2114e-06],
          [ 1.6695e-05,  1.3388e-04,  4.5356e-05, -7.3725e-06,  1.3559e-06],
          [ 1.7222e-04, -6.0284e-05, -2.7773e-05,  2.7718e-05,  1.2314e-04]],

         ...,

         [[-6.3130e-05, -8.2198e-05,  2.2444e-04, -2.2751e-05,  1.5514e-04],
          [ 1.1385e-04,  8.1351e-05,  5.0662e-06, -1.1240e-04,  4.2453e-07],
          [-2.7857e-05, -4.0100e-05, -5.4332e-05, -6.4988e-05, -8.2167e-05],
          [-2.8019e-06,  1.5817e-04, -1.2873e-04,  1.3843e-05, -5.9010e-06],
          [ 1.1292e-04,  1.2505e-04, -1.5460e-04, -4.2343e-05, -2.5698e-06]],

         [[-9.1664e-05,  1.0966e-04,  8.7318e-05, -6.5292e-06, -7.8837e-05],
          [ 1.3224e-04, -1.4550e-04, -1.7586e-04,  2.4658e-04, -1.2969e-04],
          [ 6.8331e-05,  3.4577e-05,  5.1861e-05,  1.1445e-04, -1.1446e-04],
          [ 1.1137e-04,  6.8324e-05,  1.2565e-04,  1.0289e-04, -1.9202e-05],
          [ 1.3011e-04, -2.0660e-04, -1.0295e-04,  6.8730e-05,  2.1492e-05]],

         [[ 1.0262e-04, -4.5293e-05,  1.4610e-04, -2.2739e-07, -6.3396e-06],
          [ 1.3221e-04,  7.8359e-05, -1.5161e-04,  3.4387e-05,  1.1392e-04],
          [-1.5085e-04,  2.7603e-05,  1.0733e-04, -1.6174e-05,  2.1777e-05],
          [-9.3525e-05, -4.8256e-05, -1.0851e-04,  1.2555e-06, -1.1531e-04],
          [-6.5114e-05,  2.3243e-05,  5.2485e-05, -1.5495e-04,  1.0296e-04]]],


        [[[ 2.3705e-05, -3.4281e-06,  2.0382e-04, -1.1891e-04,  3.5153e-05],
          [ 5.4321e-05, -1.0403e-04,  9.7107e-05,  4.0610e-07,  1.7361e-04],
          [ 1.3340e-06,  6.3508e-06,  5.1609e-05, -8.0180e-05, -9.7810e-05],
          [-1.2978e-04,  5.0915e-06,  1.1643e-04,  9.7826e-05, -1.0438e-04],
          [ 7.2160e-05,  1.3183e-04,  1.0889e-04,  2.5101e-04,  1.1960e-04]],

         [[ 1.2635e-04, -2.1162e-05,  1.1350e-04, -1.4429e-05,  6.6742e-05],
          [-3.2390e-05,  8.5330e-06, -5.4583e-05,  2.0919e-06,  1.0918e-04],
          [ 1.7430e-05, -9.7488e-06,  4.6629e-06, -5.8556e-05, -2.7976e-05],
          [ 6.0322e-05, -1.6744e-04, -4.4006e-06, -1.0871e-04, -8.5571e-05],
          [ 2.2507e-05, -1.1321e-04,  1.5295e-04, -4.8552e-05, -5.4305e-06]],

         [[-2.6766e-05,  5.3239e-05, -1.7506e-04,  8.6462e-05,  3.6801e-06],
          [-1.7471e-04,  2.5273e-06, -2.6236e-05,  4.6113e-05, -6.4602e-05],
          [-1.1216e-04,  3.2490e-05, -5.0339e-05,  4.0245e-05, -3.5775e-05],
          [ 1.5430e-06,  7.6080e-05,  8.1702e-05,  8.7824e-05,  3.4574e-05],
          [-2.6255e-05, -3.3227e-06, -6.1300e-05,  5.5108e-06, -2.6898e-05]],

         ...,

         [[-6.5412e-05,  9.4186e-05, -6.8830e-05, -5.7459e-06,  3.1137e-05],
          [ 5.5501e-05,  1.1557e-04, -2.3751e-04, -8.5021e-05, -1.0659e-04],
          [ 1.1565e-04, -1.0898e-04, -1.9242e-05,  1.7135e-04, -1.1274e-04],
          [ 1.9164e-04, -1.3502e-04,  3.4517e-05,  3.2662e-05, -7.3420e-06],
          [-4.5393e-06, -4.2323e-05,  7.5983e-05, -2.7282e-05, -3.6064e-05]],

         [[-4.8615e-05, -1.2087e-05, -2.6702e-06,  3.2621e-05, -6.6337e-06],
          [-2.6984e-06, -8.8624e-05,  7.4013e-05,  3.2234e-05, -1.1542e-04],
          [-1.2535e-04,  2.8238e-05, -6.6138e-05, -9.5883e-05, -1.3841e-04],
          [ 2.4096e-04, -4.6939e-05, -1.1520e-04,  8.7012e-05,  6.7414e-05],
          [ 1.4150e-04,  1.2040e-05,  7.0531e-05,  3.4662e-05,  7.4018e-06]],

         [[-1.1196e-04,  1.9572e-05,  6.0522e-05, -4.5851e-05,  5.9521e-05],
          [-1.4045e-04,  1.9386e-04,  1.3622e-04, -1.2814e-04, -6.7654e-06],
          [-1.4948e-04, -3.4197e-05,  5.5781e-05,  7.7068e-06, -1.1242e-04],
          [-9.0884e-06, -5.9115e-05,  9.9051e-06,  1.0006e-04,  5.9773e-06],
          [ 7.2567e-05, -4.3948e-06, -4.9656e-05,  1.0534e-04, -8.0913e-06]]]],
       device='cuda:0', requires_grad=True)conv2.biasParameter containing:
tensor([-0.0147, -0.0067, -0.0032, -0.0083, -0.0054, -0.0069, -0.0180, -0.0036,
        -0.0117, -0.0195, -0.0151, -0.0296, -0.0137, -0.0174, -0.5895, -0.0030,
        -0.0049, -0.0034,  0.0014, -0.0043, -0.0063, -0.3145, -0.0036, -0.0045,
        -0.5011, -0.0044, -0.0049, -0.0317, -0.0211, -0.0087, -0.0072, -0.4428,
        -0.0407, -0.0040, -0.0170, -0.0058, -0.0265,  0.0099, -0.0058, -0.0051,
        -0.0124, -0.0061, -0.0090, -0.0019, -0.0058, -0.0250, -0.0066, -0.0079,
        -0.0050, -0.0175], device='cuda:0', requires_grad=True)fc1.weightParameter containing:
tensor([[ 1.5695e-41, -1.4651e-41, -1.4457e-41,  ..., -4.8847e-08,
         -1.1938e-08,  2.6575e-08],
        [ 1.5560e-40, -9.5179e-41,  1.7094e-40,  ...,  2.6899e-17,
         -3.9031e-17,  4.0694e-28],
        [ 8.9585e-42, -2.9720e-41, -1.1681e-40,  ..., -1.3452e-40,
          7.7611e-41,  1.8167e-40],
        ...,
        [ 1.2078e-40,  1.2359e-40,  1.8322e-40,  ..., -1.6409e-42,
          1.0534e-41,  1.1697e-41],
        [-1.6322e-40,  1.2219e-40,  1.2845e-40,  ...,  4.9008e-36,
          3.0999e-36, -4.6347e-37],
        [-1.9280e-40,  3.9152e-42, -6.0713e-41,  ..., -8.3162e-27,
         -1.1901e-26, -1.2028e-28]], device='cuda:0', requires_grad=True)fc1.biasParameter containing:
tensor([-4.8757e-02, -8.7076e-04, -4.1815e-42, -2.4051e-02,  9.8352e-04,
         2.9365e-03, -4.1046e-03,  6.1895e-42, -9.8261e-06, -5.6611e-04,
        -9.4421e-25,  2.9022e-06, -3.7359e-42, -3.4685e-06, -1.3695e-04,
        -1.4238e-06,  2.6563e-05, -2.8915e-07, -1.1989e-30,  3.9827e-02,
         1.3150e-41, -3.2905e-09, -5.1589e-07,  1.3509e-42, -2.3286e-04,
        -1.2342e-10,  2.5586e-23,  5.4705e-02, -6.0871e-16,  2.1622e-42,
        -1.0702e-05, -1.3633e-04,  1.8626e-02, -4.1521e-13, -7.1214e-42,
        -5.1663e-06,  2.2421e-44, -3.7291e-03,  9.5386e-42,  4.0399e-02,
        -8.3329e-12,  9.8567e-42, -1.3284e-03, -5.7705e-42, -6.1792e-10,
         7.0667e-31, -1.4693e-27, -1.2691e-24, -4.6103e-43, -4.8531e-05,
        -7.5299e-05,  2.2440e-13, -1.8086e-06, -1.0825e-08, -4.3048e-02,
         1.0012e-01, -4.4807e-03, -1.6707e-05, -8.0273e-10, -9.9298e-33,
         1.3200e-41, -8.1402e-09, -3.9809e-08, -5.0536e-06, -7.1759e-11,
        -3.1521e-02, -2.6739e-07, -1.1472e-11,  2.6074e-02,  1.2878e-26,
        -1.2032e-26, -7.1507e-35,  5.0258e-02, -1.1173e-12, -1.3523e-02,
        -8.5143e-42,  4.8043e-03,  5.5169e-42, -1.2165e-02,  9.6073e-42,
         8.3947e-10,  5.0374e-30, -4.9021e-04, -5.8226e-06, -4.2349e-11,
        -1.2797e-05,  4.9739e-03, -4.5509e-16,  3.2292e-02,  7.6441e-42,
         1.0724e-01, -1.9572e-10,  7.4577e-42, -9.3616e-24, -4.5357e-02,
        -1.8738e-11, -6.5917e-42,  9.6427e-25, -4.5187e-13,  3.3225e-13,
         1.3988e-02, -3.1552e-03, -2.5442e-02, -1.7850e-04, -1.9991e-02,
         1.3863e-41, -1.0055e-15, -1.1167e-22, -5.6669e-02, -1.1469e-28,
        -1.0639e-41, -4.7336e-42, -1.6521e-26, -1.3517e-06, -1.3132e-02,
        -2.5948e-03, -2.8271e-35, -8.7292e-08, -1.1474e-05,  6.6099e-42,
        -2.3400e-06,  1.2298e-41, -6.8726e-09,  9.2528e-42,  3.4752e-02,
        -1.2963e-09, -3.5828e-04, -6.2103e-08, -2.3157e-04, -2.8654e-05,
        -1.7388e-31, -2.6785e-04,  8.3251e-42, -7.3958e-13,  2.1352e-02,
         5.2444e-31, -5.1690e-03, -7.4729e-03, -4.8093e-42, -4.4652e-03,
         1.2697e-02,  4.6383e-42,  2.6381e-02, -1.0127e-07,  7.4759e-42,
         5.7542e-07, -3.0262e-08, -1.0312e-14,  6.3446e-02, -7.4056e-12,
        -2.3049e-22, -8.6068e-42,  5.9343e-39, -1.2199e-13,  3.5649e-42,
        -1.0541e-18, -2.5144e-27, -1.1298e-28, -3.9110e-42, -8.7322e-21,
         1.2830e-41, -1.4532e-19, -1.5561e-02,  2.7105e-02,  3.8141e-02,
         1.0744e-41, -1.8148e-07, -3.8676e-42, -2.4942e-40,  1.0918e-36,
         1.0243e-41,  4.1689e-42, -1.1111e-13,  9.6071e-40, -1.8847e-34,
         3.2359e-03, -4.7849e-34, -1.6774e-03, -1.3161e-02, -1.1698e-04,
         3.0008e-17, -3.3739e-08, -3.6367e-08,  1.1396e-02,  1.0084e-41,
         1.4209e-42, -4.1841e-10,  9.6845e-03, -1.6401e-04, -4.2508e-16,
        -1.0873e-07,  1.0044e-06, -7.2781e-04, -5.2465e-42, -8.5129e-42,
         3.4639e-02, -3.1473e-42, -7.7574e-23, -9.8899e-03, -3.9153e-12,
         1.4086e-20, -1.3794e-13, -9.6834e-06, -1.3577e-05, -2.2382e-13,
        -3.0314e-21, -1.6636e-15, -5.2277e-04,  2.0159e-25, -5.6424e-32,
        -2.1969e-12,  5.5393e-05, -1.7758e-05,  2.8854e-02, -3.1800e-10,
        -5.9751e-42, -4.1063e-07, -1.0389e-41, -5.1134e-06,  2.9347e-05,
         8.9029e-35,  1.4882e-42,  1.2602e-41, -4.2866e-42,  4.7793e-05,
        -1.6467e-07,  6.0476e-23,  7.8220e-42,  4.6162e-07, -1.1449e-15,
        -3.5966e-34, -4.4722e-17, -3.8778e-06, -6.9371e-18,  6.5090e-42,
        -6.3950e-06,  4.1470e-03, -2.1958e-42,  3.6093e-02,  4.1787e-42,
        -7.1888e-12,  2.7412e-02, -6.5903e-42,  1.7567e-02, -7.0332e-11,
         1.0165e-41, -3.7988e-06, -4.8626e-23,  1.9159e-02, -2.2659e-14,
         2.5684e-02,  1.3326e-42, -2.2041e-03,  5.7486e-11, -1.2709e-06,
         9.1084e-43, -1.2228e-03,  1.7125e-03, -1.3513e-41,  4.0541e-02,
        -3.0636e-06, -5.6753e-42,  2.2111e-03,  1.3293e-41, -6.8587e-26,
        -8.1789e-05, -8.3769e-10,  1.3284e-42, -7.6525e-42,  5.3502e-42,
        -1.0795e-16, -8.5649e-06, -7.1043e-06, -4.0306e-03, -4.0203e-42,
        -6.9609e-23, -1.0676e-41, -1.3443e-41,  1.3404e-02, -2.9091e-02,
        -1.5940e-04,  2.1124e-02, -1.1571e-11, -9.6738e-03, -1.2633e-04,
        -1.2661e-41, -7.5433e-25, -4.6293e-03,  1.9012e-02,  6.5903e-31,
         1.5297e-04,  2.7326e-08,  4.3370e-42,  2.5552e-05,  4.5935e-42,
         1.1767e-41, -1.0401e-07, -2.4336e-08, -4.2453e-02, -4.7792e-05,
         3.7695e-42, -1.8175e-42, -9.0856e-04,  6.9691e-09,  6.4776e-20,
        -8.4856e-05, -1.6695e-02,  5.3011e-42, -1.3609e-24, -3.1714e-08,
        -2.8993e-07, -4.6189e-02, -1.6076e-04, -1.2420e-41, -3.3901e-02,
         2.3732e-02,  2.3055e-11,  4.0834e-42,  4.7266e-42, -1.8712e-26,
         2.1499e-02, -6.2245e-18, -3.0211e-12,  1.6277e-41, -2.6056e-09,
         7.2952e-42, -1.4479e-02, -3.6079e-09, -6.2929e-15,  3.6215e-02,
        -2.2200e-20,  5.5722e-38, -3.6623e-07,  1.7130e-02,  8.5044e-02,
         7.7212e-43, -3.1613e-42, -1.2814e-02, -3.9682e-08,  1.6525e-02,
         3.1260e-02, -1.5859e-02, -1.2903e-41, -6.1545e-42, -1.2170e-41,
        -8.8277e-35, -4.3298e-17, -1.2565e-41, -7.4003e-42, -7.3750e-04,
        -1.1261e-04,  3.3631e-44,  2.9776e-04, -1.3504e-41,  1.6417e-38,
        -1.0688e-41, -1.3845e-41, -3.4687e-25, -1.2023e-41,  3.3774e-02,
         1.0608e-42, -1.1411e-04,  4.3356e-42,  1.9783e-02,  1.6263e-06,
        -2.6642e-04, -4.2117e-03, -1.9442e-02,  5.3155e-03, -4.6524e-10,
         3.9311e-02,  5.5015e-42, -3.4491e-15,  5.4606e-40, -9.2784e-06,
        -3.6048e-12,  5.6642e-12, -1.6887e-02, -6.8564e-03, -1.8804e-21,
         6.1018e-03, -4.3540e-08, -4.8135e-42, -1.4254e-09, -4.4154e-16,
        -1.8727e-31,  1.1003e-41,  2.8976e-02, -1.0838e-14,  4.3571e-10,
         7.8781e-42, -1.3269e-06,  1.1607e-10, -2.0889e-02,  1.1373e-22,
         2.2996e-02, -1.2943e-09, -6.9760e-30, -1.1563e-14,  2.2167e-02,
        -6.2592e-05, -1.1513e-41, -6.4590e-41,  9.1222e-02, -1.5835e-43,
        -8.7511e-42,  3.3821e-02,  5.9112e-38, -3.0682e-13,  3.3609e-13,
        -7.5191e-07, -1.0089e-42, -4.6700e-03, -1.7336e-07, -2.2519e-42,
        -3.5551e-42, -2.4162e-06, -1.6359e-07, -7.6897e-07, -2.3429e-02,
         3.4256e-02, -3.4237e-22,  2.8640e-21, -5.6903e-06,  3.9668e-37,
         3.9053e-02, -1.2270e-41, -1.0622e-06, -5.3064e-16, -4.6608e-04,
        -3.6527e-07, -6.5036e-06,  8.6323e-05, -9.0177e-06,  2.1105e-02,
        -1.1397e-41,  6.1013e-42, -2.7352e-05,  9.9052e-04, -8.7564e-26,
        -5.8835e-06, -1.4303e-02,  8.0757e-02,  4.4379e-42, -2.1124e-08,
        -9.1535e-05, -8.3811e-19, -2.5999e-16,  3.3561e-42, -2.6176e-42,
        -1.3627e-21, -2.7183e-07, -1.5184e-04, -3.9351e-02, -1.7404e-04,
         1.1508e-02, -7.7818e-04, -4.7220e-07, -1.4800e-04,  2.8010e-02,
         6.0074e-42, -3.5833e-02,  4.5044e-29, -9.0403e-12, -5.7062e-40,
        -9.8250e-05, -2.7003e-04,  5.9149e-42, -1.3909e-41, -4.7438e-37,
        -5.7184e-30, -1.8036e-05, -3.4659e-07, -9.8515e-12, -3.2464e-22,
        -4.8134e-23,  4.7963e-02,  6.4538e-02, -5.1960e-17,  6.7374e-42,
        -7.8375e-11, -1.5523e-38, -1.0789e-18, -2.0160e-10, -1.1965e-02,
        -2.8563e-37,  9.0517e-03, -1.2972e-41,  1.2117e-41, -2.6847e-03,
        -7.7924e-04, -6.2225e-12,  1.9827e-26,  1.3209e-41, -6.6389e-06,
        -4.2624e-07, -1.2436e-15, -3.5162e-22,  1.5624e-27, -9.6827e-05],
       device='cuda:0', requires_grad=True)fc2.weightParameter containing:
tensor([[-1.3990e-01, -3.6033e-03, -6.2724e-05,  ..., -1.4062e-10,
          1.7157e-09,  1.4360e-02],
        [-1.3523e-03,  1.1578e-02,  7.1682e-25,  ...,  7.4458e-06,
         -4.7847e-10, -9.0453e-03],
        [ 3.2489e-02, -2.1422e-02, -4.7365e-06,  ...,  4.8576e-11,
          1.2367e-07,  8.9487e-03],
        ...,
        [-9.9485e-02, -1.2612e-02, -1.7155e-06,  ..., -3.6469e-05,
         -8.3646e-07, -2.0540e-03],
        [-6.4177e-01,  1.6687e-02,  6.4865e-04,  ...,  7.3193e-05,
          6.9490e-07,  1.2700e-02],
        [ 3.5303e-01, -7.0815e-03, -1.8754e-06,  ..., -6.1121e-06,
         -5.1102e-05, -9.3811e-03]], device='cuda:0', requires_grad=True)fc2.biasParameter containing:
tensor([-0.0127, -0.0091, -0.0159, -0.0064,  0.0366, -0.0151, -0.0430, -0.0590,
         0.1291, -0.0180], device='cuda:0', requires_grad=True)