conv1.weightParameter containing:
tensor([[[[ 9.3594e-05, -1.0933e-04, -1.7105e-04,  1.2007e-04, -1.0404e-04],
          [-1.6840e-04,  2.0671e-04,  3.4641e-05,  1.1056e-04, -8.7974e-05],
          [ 1.8055e-04, -2.0264e-04,  7.2224e-05, -6.6570e-05,  1.6469e-04],
          [-5.7312e-05, -1.6936e-05, -9.3450e-05, -3.8651e-05,  1.5657e-04],
          [-6.5304e-05, -4.3402e-06, -1.2989e-04,  1.9293e-04, -3.3110e-06]]],


        [[[-2.5570e-06,  6.5353e-05,  2.8188e-05,  8.1142e-05, -1.9476e-04],
          [-9.9191e-05, -2.5716e-04,  2.0121e-04, -1.1239e-04,  3.7075e-05],
          [-6.5393e-06, -2.1175e-05,  1.9610e-04, -1.6700e-05,  1.7131e-06],
          [-6.1397e-05, -2.6638e-05,  2.1285e-04,  4.4680e-06,  9.6908e-05],
          [ 8.8254e-05, -7.5411e-05,  2.4681e-04, -1.0109e-04,  7.7452e-05]]],


        [[[-1.2543e-04, -6.8060e-05,  9.6643e-05,  1.0033e-04,  1.9436e-04],
          [ 6.9544e-05,  1.2734e-04, -1.0206e-04, -2.0378e-05, -9.3491e-05],
          [-3.7238e-06, -6.7363e-05,  7.6569e-05,  1.1494e-04, -1.2930e-04],
          [-2.0217e-04,  6.6570e-05,  5.2054e-05, -2.0294e-04,  6.9975e-05],
          [ 1.8347e-04, -5.3784e-05, -8.2287e-05, -1.1574e-04, -2.2175e-04]]],


        [[[-8.3273e-04,  2.1429e-03, -7.9260e-04, -3.7538e-03, -4.4895e-03],
          [-7.4922e-04,  2.6853e-04, -7.2984e-04, -2.8353e-03, -4.8215e-03],
          [-1.3523e-04,  7.8421e-01,  9.0474e-01,  8.5597e-02,  6.8581e-04],
          [ 4.6634e-02,  1.9136e+00,  2.3345e+00,  9.0353e-01,  2.0544e-03],
          [ 6.0365e-04,  5.8468e-01,  1.4093e+00,  6.7859e-01, -1.3630e-03]]],


        [[[ 1.3342e-04,  1.1179e-04,  1.2135e-04,  1.2069e-05, -1.0151e-04],
          [ 2.0755e-05, -1.1694e-05, -1.3299e-04, -5.6272e-05,  1.5034e-04],
          [-3.2863e-05,  5.6071e-06, -8.0174e-05,  1.4595e-04, -8.4530e-05],
          [-1.1507e-04, -3.2580e-05, -6.0167e-05,  3.0416e-05,  4.8078e-05],
          [-7.8757e-05,  5.9483e-05,  1.6924e-04, -5.2482e-05, -8.2770e-05]]],


        [[[-5.4331e-05, -2.4106e-05, -9.8073e-05,  2.2203e-04, -4.5452e-06],
          [ 9.1066e-05, -1.0239e-04,  1.0075e-04, -1.7230e-04,  1.2683e-05],
          [ 1.0143e-04, -1.0894e-05, -3.8046e-05,  5.4714e-06,  1.0518e-04],
          [-8.2149e-06,  2.6654e-04, -1.3373e-04,  3.6452e-05, -9.9806e-05],
          [ 1.1485e-05, -7.5239e-06, -8.7036e-05,  2.2050e-04,  6.0665e-05]]],


        [[[ 2.2952e-05,  2.5380e-04, -3.1545e-05,  9.7809e-06, -5.4174e-05],
          [ 1.7995e-04,  1.1775e-04,  1.7532e-04,  1.0101e-04,  1.0827e-04],
          [ 7.5759e-05,  1.0758e-04,  1.3886e-04, -1.6028e-05, -1.8412e-04],
          [-1.2229e-04,  3.5752e-05, -1.7927e-04,  1.5272e-04, -2.8885e-05],
          [ 5.0230e-06, -8.1327e-05,  1.8035e-04, -8.4386e-05, -6.4911e-05]]],


        [[[ 1.8550e-04,  4.5017e-05, -4.7045e-05,  2.1289e-05, -1.1295e-04],
          [ 1.3161e-04, -1.6247e-05,  4.8310e-05,  1.0804e-05, -1.3096e-04],
          [-2.5440e-05, -1.0838e-04,  1.9665e-05, -1.1398e-04,  2.7762e-04],
          [ 1.0282e-04, -2.6654e-05, -1.0380e-04,  1.6609e-04, -1.4715e-06],
          [ 4.9954e-05,  1.4222e-05, -1.2383e-04,  9.6494e-05,  1.3459e-04]]],


        [[[ 1.1694e-04, -1.9492e-04,  2.3527e-05,  1.0817e-05,  8.3326e-05],
          [ 6.6823e-05,  8.0894e-05, -7.9410e-05,  1.2891e-05,  2.8715e-04],
          [-1.0082e-04,  1.0441e-04,  7.1952e-05,  1.0411e-04,  4.8070e-05],
          [-9.3989e-05,  6.9189e-05, -3.3545e-05, -1.7118e-04,  3.1287e-06],
          [ 1.4840e-04, -1.8644e-04, -1.5210e-04,  1.5245e-04, -6.7087e-05]]],


        [[[-1.2723e-05, -2.5120e-04,  3.6065e-05,  8.0662e-05, -1.3875e-04],
          [ 3.1847e-04, -1.7030e-04, -1.8795e-04, -1.4186e-04,  7.2717e-05],
          [-2.5663e-04,  1.8789e-04, -3.6501e-05, -1.8651e-04, -3.6072e-05],
          [-2.6772e-05,  6.9683e-05,  2.0086e-04, -3.1955e-04,  4.9143e-05],
          [ 1.4910e-04, -6.7846e-05,  1.6109e-04, -2.3697e-05,  2.2180e-05]]],


        [[[-1.3173e-04,  5.4088e-06, -1.4816e-04, -2.7339e-05, -6.0681e-05],
          [-3.0459e-05,  2.6492e-04, -2.4311e-04,  1.1630e-04, -9.1227e-05],
          [ 2.9626e-05,  5.3168e-06,  9.1877e-05,  2.1671e-05,  5.5146e-05],
          [ 1.9785e-05, -1.0460e-05,  2.3424e-05,  7.9528e-05,  1.2741e-06],
          [ 1.1002e-04, -5.4149e-05, -3.3299e-05,  5.3807e-05, -4.7804e-05]]],


        [[[ 7.2530e-05, -5.4870e-05, -3.1348e-06, -5.5223e-05,  1.8090e-04],
          [ 8.6796e-05, -9.4998e-05,  3.4634e-05, -3.6401e-06,  2.3708e-04],
          [-4.4592e-06,  3.4519e-05,  3.0223e-05,  8.6734e-05, -1.7134e-04],
          [-2.4186e-05, -3.1098e-05, -1.6076e-04,  3.1417e-05, -2.8373e-05],
          [ 2.4003e-05,  1.3069e-04, -3.7345e-05, -2.3373e-04, -6.2508e-05]]],


        [[[-8.9367e-05,  4.5723e-05,  1.0839e-04, -5.9329e-05, -7.9367e-05],
          [-6.4443e-05,  1.6818e-04, -5.1953e-05,  1.2334e-05,  2.2237e-05],
          [ 1.4596e-04,  8.7759e-05,  2.0928e-05,  7.0788e-06,  8.4470e-05],
          [-7.8575e-07,  9.6940e-05, -4.7144e-05,  1.6232e-04, -1.8159e-04],
          [-2.4002e-05, -3.8958e-05, -1.1966e-04, -6.6531e-05, -1.0522e-04]]],


        [[[ 2.3577e-06,  8.7257e-06, -5.9223e-05,  6.8843e-05,  1.0221e-05],
          [-5.8003e-05,  1.1640e-04, -2.2411e-04,  4.6260e-05,  1.4446e-05],
          [-1.6615e-05, -7.9643e-05, -6.2527e-05, -2.9345e-05,  4.1391e-06],
          [ 1.6321e-04,  5.8971e-06,  1.2577e-04,  1.5365e-04,  1.4854e-04],
          [-7.2963e-05,  2.4370e-05,  1.6496e-04,  6.8946e-05, -4.2890e-05]]],


        [[[ 5.5235e-05,  5.6197e-06, -1.7095e-04,  3.0480e-05, -2.5478e-05],
          [-5.2954e-05, -1.0863e-05,  5.0620e-05, -1.7065e-04, -2.7466e-05],
          [ 2.1245e-04,  7.0778e-05,  1.7036e-04, -4.5844e-05,  2.8529e-05],
          [ 1.5062e-05,  1.5740e-04, -1.5884e-04,  8.8788e-05,  9.9350e-05],
          [ 1.4199e-04,  1.7612e-04, -9.6753e-05, -1.6687e-05, -4.3449e-05]]],


        [[[-1.0080e-04, -1.6101e-04,  1.6049e-05,  2.2194e-05,  1.5420e-04],
          [-1.3001e-04, -1.2355e-05,  7.0167e-05,  1.1051e-04,  1.6657e-04],
          [ 4.1527e-05,  6.3904e-05,  3.8475e-05, -2.0246e-05,  1.0898e-04],
          [-6.0955e-06,  1.9550e-04,  4.5457e-05,  6.2193e-05,  1.1175e-04],
          [-4.3455e-05, -6.9774e-05, -2.7813e-05,  5.9827e-06,  5.7703e-05]]],


        [[[ 4.3144e-05,  2.7741e-05,  1.9235e-05,  6.1602e-05,  2.0095e-06],
          [ 9.1376e-05, -6.9896e-05,  1.8452e-05,  4.1746e-05, -4.3406e-05],
          [ 1.0731e-05, -9.1705e-05, -1.6104e-04, -8.3151e-05,  9.4342e-05],
          [ 4.5476e-05, -1.5695e-05, -2.3985e-04, -3.2043e-06, -4.7033e-05],
          [-2.1393e-05, -4.9528e-06, -2.4166e-05,  4.5624e-05, -2.1638e-04]]],


        [[[-1.2934e-04, -2.0743e-04, -1.6439e-04,  7.6468e-05, -1.0930e-04],
          [ 1.1169e-04, -2.4313e-05, -1.0516e-05, -8.1054e-05,  1.3288e-04],
          [-2.7948e-05, -3.7940e-05, -2.8221e-04,  1.1245e-04,  4.7448e-05],
          [-8.4374e-05, -1.3288e-04, -1.0494e-04,  2.4257e-05, -4.3224e-05],
          [ 4.3630e-05,  4.4784e-05, -6.2119e-05, -9.3835e-05,  5.0497e-05]]],


        [[[-1.6469e-04,  1.9223e-05, -6.3139e-05, -3.2967e-05, -4.1599e-05],
          [ 4.1210e-05,  1.0543e-04,  3.2516e-04,  7.6394e-05, -6.8043e-05],
          [ 2.9159e-04,  1.7957e-04, -6.2384e-05,  6.6135e-05, -1.8180e-04],
          [-4.0806e-05,  1.0674e-04,  4.7798e-05, -4.7125e-05,  7.5844e-06],
          [ 1.8930e-05,  1.8137e-04,  9.4399e-06, -2.9439e-04, -2.4232e-04]]],


        [[[-1.3209e-05,  2.1386e-04, -2.0764e-04, -1.4988e-05, -1.1355e-04],
          [-1.4076e-04, -2.4148e-05,  3.1103e-05,  6.4024e-05, -2.0043e-04],
          [-9.1275e-05,  8.1491e-05,  6.1922e-05, -8.0275e-05, -6.0281e-05],
          [-6.3339e-05, -4.3445e-05, -2.3249e-05, -3.8062e-05, -4.8682e-05],
          [ 1.7959e-05, -6.3038e-05,  6.2451e-05,  6.2805e-05,  8.0545e-05]]]],
       device='cuda:0', requires_grad=True)conv1.biasParameter containing:
tensor([-0.0008, -0.0012,  0.0006, -0.0007,  0.0007,  0.0029, -0.0014, -0.0013,
        -0.0010, -0.0005, -0.0004, -0.0004, -0.0004, -0.0017,  0.0012, -0.0006,
        -0.0007, -0.0002, -0.0008, -0.0006], device='cuda:0',
       requires_grad=True)conv2.weightParameter containing:
tensor([[[[-4.8150e-05, -6.4897e-05,  1.2962e-04, -1.1779e-04, -1.2114e-04],
          [-4.5080e-05, -3.7459e-05,  3.9004e-05, -1.1771e-04,  9.3195e-06],
          [ 7.7824e-05, -1.7696e-04, -8.1496e-05, -2.9688e-05,  1.5808e-06],
          [ 1.2798e-05, -1.9488e-04,  5.5983e-05,  1.0278e-04,  5.4474e-05],
          [-8.7475e-06, -9.2659e-06,  1.2767e-05, -6.4926e-05,  2.2043e-05]],

         [[ 4.4181e-05,  5.4139e-05, -2.7952e-05,  9.2204e-05,  2.0113e-04],
          [ 2.6529e-07, -4.1894e-05, -6.5820e-05,  2.1818e-04,  1.7593e-06],
          [-1.3624e-04,  8.8669e-05,  1.2210e-04, -1.3620e-04,  2.7686e-05],
          [ 6.8904e-05, -2.2446e-05, -1.2064e-05,  1.8050e-04, -1.2536e-04],
          [ 3.9747e-05, -4.4194e-05, -6.6356e-05, -1.1972e-05, -5.3132e-05]],

         [[ 1.5267e-05, -4.0139e-05, -7.0469e-05, -8.4451e-05,  5.1773e-05],
          [-5.4168e-05,  1.6433e-04, -2.4913e-05,  1.4129e-04,  6.5000e-05],
          [ 1.7415e-05, -4.6493e-05, -7.5842e-05,  5.6043e-05, -1.4862e-04],
          [ 4.7849e-05,  6.9773e-05,  3.7355e-05,  1.4127e-04, -2.3698e-04],
          [-6.0042e-05,  1.0367e-04, -9.2952e-05, -1.3395e-04, -7.5224e-05]],

         ...,

         [[-3.4333e-05, -2.8547e-05,  8.3984e-05, -9.4496e-06, -9.4455e-06],
          [-7.3507e-05, -3.4180e-05,  1.5739e-04, -2.2931e-05,  1.4438e-04],
          [ 7.3148e-05,  5.2328e-05,  1.1361e-04, -4.3680e-05, -1.1832e-04],
          [ 2.7213e-05, -2.5407e-05,  1.7163e-04,  1.6557e-05,  1.7767e-04],
          [ 9.0133e-06,  1.4080e-04, -6.4521e-05,  1.0047e-05,  2.1559e-04]],

         [[ 1.5233e-04,  9.3523e-05, -5.9523e-05, -1.4835e-04,  9.2525e-07],
          [-8.6018e-05, -9.1409e-07,  3.3765e-07,  9.5568e-05,  2.7314e-05],
          [-1.0148e-04, -2.3883e-04,  2.4092e-05,  1.0759e-06,  6.7385e-05],
          [-7.1589e-05, -1.4647e-04, -6.4373e-05, -7.5525e-05,  1.3226e-04],
          [ 7.2093e-06,  4.2316e-05,  8.1951e-05, -7.6048e-05, -2.1739e-05]],

         [[ 7.5671e-05,  1.0107e-04, -1.9919e-04, -1.4221e-05,  7.6137e-05],
          [ 5.5552e-05, -1.9877e-04, -4.5506e-05,  6.9836e-05, -1.1247e-05],
          [-9.6069e-06, -1.5544e-04,  1.6602e-04, -5.4124e-05, -1.1859e-05],
          [ 5.6615e-06,  7.8141e-05,  1.1954e-04,  2.6762e-05, -1.8693e-04],
          [-9.0347e-06, -1.2288e-04,  7.9601e-05, -9.2960e-05,  1.6574e-04]]],


        [[[-1.2935e-05, -4.7498e-05, -7.9364e-05,  1.7682e-04,  1.2888e-04],
          [ 1.0970e-05, -1.2733e-04,  1.3546e-05, -3.2217e-06, -5.9123e-05],
          [ 7.9940e-05,  8.8750e-05, -4.4998e-05, -8.9755e-05, -3.7923e-05],
          [ 4.3335e-05,  6.3712e-05, -1.2777e-04, -1.3072e-04,  4.4883e-05],
          [ 6.1019e-05,  7.9683e-05, -8.6702e-05, -8.9431e-05,  1.0608e-05]],

         [[ 9.9415e-05,  1.8665e-05,  2.0028e-06,  6.7587e-05, -8.1712e-05],
          [ 8.9403e-05,  8.8790e-05,  1.1179e-04, -2.1617e-05,  8.1668e-06],
          [-1.0321e-05, -4.6556e-07, -7.0880e-05, -8.7857e-05, -5.2113e-05],
          [ 5.2281e-05, -2.0804e-05, -5.8541e-05, -7.2123e-05,  1.2296e-04],
          [-9.5673e-05, -9.5122e-05,  3.4425e-06, -1.1516e-04, -1.0532e-04]],

         [[ 6.4780e-06, -1.1320e-04, -4.5350e-05,  5.8088e-05,  5.2318e-05],
          [ 1.2090e-04, -4.6164e-05,  1.3194e-05,  4.5690e-05,  7.9206e-05],
          [-1.2746e-04,  3.2709e-05,  2.1647e-05,  2.3384e-04,  2.0564e-05],
          [ 1.5963e-04,  5.3533e-06,  1.6057e-04,  1.1349e-04, -2.3013e-05],
          [ 8.8380e-05, -2.9825e-05,  1.2387e-04, -1.5728e-04, -1.0922e-04]],

         ...,

         [[ 1.1262e-04, -7.4599e-05, -4.8133e-06,  1.2150e-04, -9.2163e-08],
          [ 1.2219e-04, -1.2534e-04, -9.1918e-06, -1.9607e-05, -3.2262e-05],
          [ 6.5817e-05,  5.9505e-05, -1.1282e-04, -8.9150e-05,  1.6553e-04],
          [-3.9239e-05,  3.1779e-05,  5.4336e-05, -8.1209e-05, -1.4384e-05],
          [ 1.7122e-04,  7.8967e-05,  6.6814e-06, -1.5327e-04,  4.9948e-05]],

         [[ 1.0340e-04, -3.4339e-04, -1.3123e-04, -1.0339e-04, -4.2134e-05],
          [ 1.8655e-05, -4.2016e-05,  1.9271e-05,  2.3407e-05,  2.8768e-05],
          [ 1.2223e-05, -6.7671e-05, -7.9641e-06,  6.8009e-06,  1.2507e-04],
          [ 3.0048e-06,  2.3473e-05,  8.8068e-05, -8.5874e-06, -2.4863e-04],
          [-2.1501e-05,  5.4555e-05, -2.0388e-05,  1.0125e-05, -1.4112e-04]],

         [[-2.9521e-05,  5.1809e-05,  8.3609e-05, -1.4009e-04,  6.4125e-05],
          [ 1.2409e-04,  1.0915e-04, -3.5863e-05, -4.5060e-05,  7.6414e-05],
          [-3.8062e-05,  4.9252e-05,  1.0667e-04, -1.0760e-04, -1.8440e-04],
          [-1.7185e-05, -7.7113e-05, -2.7904e-05,  1.8792e-05,  1.1020e-04],
          [-1.0165e-04, -2.0476e-05,  7.5423e-05, -9.8206e-05,  3.2329e-05]]],


        [[[-2.0000e-04,  7.5941e-05, -6.9508e-06, -7.4304e-05, -2.8723e-05],
          [ 1.3666e-04,  3.3033e-05, -2.2447e-05, -1.0003e-04,  1.8769e-05],
          [-8.1453e-06, -8.8056e-05, -1.4926e-05,  1.6905e-05, -3.9283e-05],
          [-1.2419e-05,  2.0502e-05, -7.1393e-05, -7.1089e-05, -1.2451e-04],
          [-6.3154e-05,  2.1893e-05, -1.8256e-05, -1.2209e-04,  2.7529e-05]],

         [[ 6.9532e-05, -5.4551e-05, -5.3725e-05,  2.2756e-04,  1.2753e-04],
          [-1.5646e-04, -5.6314e-05, -8.8894e-05,  3.5677e-05, -2.4918e-06],
          [ 6.8753e-05, -6.0733e-05,  1.1395e-04, -5.7026e-05,  4.8964e-05],
          [-8.8039e-05, -1.0696e-04, -7.8039e-06,  1.2082e-04,  1.3008e-05],
          [ 1.0461e-04,  1.3577e-05,  1.5882e-04, -6.6641e-05, -1.9864e-05]],

         [[ 2.2157e-05,  1.2424e-04,  2.4767e-05, -1.6244e-04, -3.6732e-05],
          [-9.5034e-05,  1.8013e-04,  8.1422e-05,  8.4636e-06,  3.5914e-05],
          [ 4.4028e-05,  8.2712e-06,  4.7020e-05,  7.0928e-05,  4.6042e-05],
          [-1.5155e-04,  4.3864e-05, -1.3203e-04,  5.3619e-05, -1.6770e-05],
          [-1.2641e-05,  4.8165e-05, -3.4868e-05, -1.2801e-04,  1.7830e-05]],

         ...,

         [[-5.8191e-05, -6.6825e-05,  5.4303e-05,  7.2569e-05,  1.0601e-04],
          [ 9.5332e-05,  9.6205e-05, -1.1551e-04,  1.0913e-04,  4.5490e-05],
          [ 9.2953e-05, -6.3911e-05,  7.6513e-05, -2.5394e-05, -7.0509e-05],
          [-4.1131e-05, -1.7489e-04,  4.1297e-05, -1.8195e-05, -1.1513e-04],
          [ 9.7429e-05, -1.3929e-05,  5.5397e-05,  9.0746e-05, -5.7648e-05]],

         [[-2.8722e-05,  7.4651e-05, -1.2363e-04, -1.4794e-04, -9.8085e-05],
          [ 2.6911e-05,  1.9402e-04, -5.8871e-05,  2.4530e-05,  1.3189e-05],
          [ 7.9177e-05,  4.6411e-05,  2.6457e-05,  1.4890e-04,  4.7455e-05],
          [ 4.3143e-05, -4.3313e-05,  1.2546e-05, -4.6872e-05, -2.3992e-06],
          [-7.3005e-05, -3.6924e-06, -9.4983e-05, -1.1219e-04, -8.7143e-05]],

         [[ 7.9635e-05, -1.8637e-05, -1.3915e-06, -2.0984e-05, -3.0056e-05],
          [ 2.0705e-06, -1.2105e-04, -5.0546e-05, -5.4773e-05,  1.0699e-04],
          [ 2.4830e-05,  1.5252e-04,  2.0317e-05, -3.5334e-05,  6.5380e-05],
          [ 1.8951e-05, -1.2532e-04,  9.7575e-05, -5.5781e-05, -2.7361e-05],
          [ 8.6953e-05, -7.3070e-06, -1.1405e-05, -1.1303e-04,  1.8850e-05]]],


        ...,


        [[[-1.1239e-04, -1.3174e-04,  3.5707e-05, -2.0884e-05, -9.6815e-05],
          [ 6.0104e-05,  9.6165e-05,  2.1635e-05,  8.7605e-05, -4.2358e-06],
          [-1.3692e-04,  3.7972e-05, -2.0729e-06,  2.4191e-04,  1.1108e-05],
          [-1.2003e-05,  1.5402e-04,  2.3274e-04, -1.2319e-04,  7.5333e-05],
          [ 6.5180e-06, -4.5398e-05,  1.2525e-04,  7.3386e-05,  1.1155e-04]],

         [[-1.1028e-04, -1.9032e-04,  1.4272e-04, -5.7850e-05,  7.2615e-05],
          [ 1.6369e-04,  3.8626e-05,  1.5925e-05, -5.0327e-05, -1.5566e-04],
          [-7.4694e-06, -1.4954e-05, -1.1452e-04,  2.7271e-05,  2.9473e-05],
          [-5.8563e-05, -5.8327e-05, -6.4077e-06,  7.7692e-06, -5.4314e-05],
          [ 2.0007e-05,  6.1647e-05, -3.0795e-05,  1.0335e-04, -1.5776e-05]],

         [[ 3.6977e-05, -8.4394e-05, -6.7467e-05,  2.5410e-07, -1.5401e-04],
          [-3.5085e-05, -9.1980e-06,  2.3656e-05,  2.1361e-05, -2.6889e-05],
          [-1.2996e-04,  4.0309e-05, -2.6061e-05,  8.6291e-05, -5.6078e-05],
          [-3.8818e-05, -7.3040e-06, -1.4013e-05, -3.5067e-05,  6.4409e-05],
          [-6.6531e-05,  4.9913e-05,  1.9318e-05,  1.6496e-04, -1.0979e-04]],

         ...,

         [[ 3.2081e-06,  2.1945e-06,  5.4373e-05, -5.6703e-05, -6.5928e-05],
          [ 1.2828e-05,  5.2643e-06, -9.0203e-05, -1.5632e-04,  9.0534e-05],
          [-1.6990e-04, -1.6993e-04,  2.8349e-05, -3.4003e-05,  4.1553e-05],
          [ 1.3367e-05, -2.1082e-05,  4.4976e-05, -1.3786e-04,  1.7607e-04],
          [-7.0204e-05,  6.3966e-06,  1.5233e-05, -9.0359e-05,  1.4808e-04]],

         [[-1.9779e-05, -1.0971e-04,  2.1742e-05, -1.7982e-04,  1.1060e-04],
          [ 3.9802e-06, -4.7133e-05, -1.1213e-05,  4.7134e-05, -6.4922e-05],
          [-4.7062e-05, -6.1705e-05, -1.4294e-05, -2.4439e-05,  8.4857e-05],
          [-1.7330e-04,  1.6609e-04, -1.3382e-04,  1.3053e-05,  9.6352e-05],
          [-6.0462e-05, -2.0679e-05, -1.3375e-04, -2.7105e-05,  5.0877e-06]],

         [[-1.8132e-05, -2.2616e-04, -4.2548e-05,  1.4991e-04, -1.3303e-04],
          [-7.7676e-05, -8.2500e-05,  7.9195e-05, -6.2682e-05,  1.5184e-04],
          [ 9.3348e-07,  8.6991e-05,  1.1549e-04, -6.2430e-05,  4.1084e-05],
          [ 1.6094e-05, -6.9614e-05, -5.5484e-05,  7.7401e-05,  2.1808e-05],
          [-1.0467e-05, -4.9302e-05,  4.3760e-05,  2.2156e-05, -2.2126e-05]]],


        [[[ 1.6040e-04, -9.0348e-05,  3.8826e-05, -4.7934e-05, -1.2138e-04],
          [ 1.1216e-04, -2.9754e-05,  1.3743e-04, -3.2975e-05,  5.3334e-05],
          [ 3.0287e-05, -7.5817e-05, -3.0716e-07,  1.8337e-04,  9.1667e-06],
          [ 1.2101e-04, -3.1097e-05, -5.1352e-05,  9.5015e-05, -1.3628e-04],
          [-1.3167e-04,  9.0129e-05,  2.8462e-05, -4.0374e-07,  3.2056e-05]],

         [[-2.0938e-05, -1.0157e-04, -3.7090e-05,  4.4323e-05, -2.7466e-05],
          [-3.0798e-05, -4.1512e-05, -3.1830e-05, -9.0537e-05, -1.5952e-04],
          [-2.0702e-05,  1.1277e-04, -1.5944e-04, -4.4973e-05, -5.9908e-05],
          [ 4.8497e-05,  5.9944e-05,  1.1017e-04, -2.8341e-05, -4.6250e-05],
          [ 1.1076e-04,  6.8426e-05,  6.0905e-05, -6.5682e-05, -1.2133e-04]],

         [[ 2.1713e-05, -1.2445e-04,  2.4925e-04, -2.4178e-04, -1.0025e-04],
          [ 9.9822e-05,  9.2068e-05,  9.9732e-05, -6.3956e-05,  7.9803e-05],
          [ 1.3277e-04, -4.2565e-05, -7.6236e-05,  6.8342e-05, -1.0700e-04],
          [ 1.0475e-04, -6.6409e-05, -2.0204e-04,  1.0515e-04, -7.3046e-05],
          [ 2.0098e-05, -5.5536e-05,  9.9801e-05, -4.8765e-05, -7.3796e-06]],

         ...,

         [[ 2.4138e-04,  1.9693e-04,  4.0415e-05,  1.0124e-04,  7.3890e-05],
          [ 8.8606e-05, -5.6896e-05,  1.1353e-04,  3.6074e-05, -3.5044e-05],
          [-7.7101e-06, -3.2947e-05, -5.3845e-05, -5.9040e-05, -2.1776e-05],
          [-9.5297e-05, -3.3443e-05,  7.0762e-05,  1.9891e-04, -9.7169e-05],
          [ 2.4171e-04, -7.2438e-05,  8.4929e-05, -2.2680e-05, -5.8615e-05]],

         [[ 1.3510e-04,  2.9507e-05, -1.2375e-05, -7.5568e-05, -5.4476e-05],
          [-1.7180e-04, -8.8862e-05,  9.0552e-05,  3.0845e-05,  7.1971e-05],
          [-1.3319e-04,  1.8213e-04,  3.8701e-06,  1.3892e-04,  1.1695e-04],
          [-9.7613e-05, -1.8214e-06, -5.2836e-05, -1.7080e-04,  5.4558e-05],
          [-4.4627e-05, -5.8844e-05,  6.9670e-05,  1.6372e-04,  1.9793e-04]],

         [[ 4.3159e-05,  4.7903e-05,  6.3241e-05, -1.0387e-04,  1.9877e-04],
          [-6.2608e-05,  1.2071e-04, -9.1346e-06,  1.0131e-05, -8.0928e-05],
          [ 7.5704e-05,  3.9223e-05, -1.0164e-04, -4.5825e-05, -4.8251e-05],
          [-7.2216e-05, -4.5188e-05, -4.9795e-06, -4.5124e-05,  8.7029e-05],
          [ 6.9269e-06,  3.1453e-07, -7.0304e-05,  8.7894e-05, -3.3515e-05]]],


        [[[ 1.3660e-04,  1.6166e-05,  3.2628e-05,  1.5996e-04, -1.9681e-04],
          [-3.1069e-05,  1.7007e-04, -7.0614e-05,  5.7816e-05,  1.9709e-06],
          [ 4.5358e-05, -6.9967e-05,  1.2118e-04, -1.2923e-04,  1.9099e-05],
          [ 2.5220e-05, -1.0669e-04, -2.3820e-05, -1.6152e-04,  2.5905e-04],
          [-1.8888e-04,  1.8275e-05,  5.3878e-05, -1.8161e-05,  8.1220e-05]],

         [[ 1.1140e-04, -1.1539e-04,  5.7662e-05, -8.1118e-05, -7.1736e-05],
          [ 1.3456e-05,  8.6645e-05, -5.4525e-05, -1.6610e-06, -1.5168e-04],
          [-1.0759e-05,  1.3867e-06, -1.3205e-04,  1.3250e-04,  7.0741e-06],
          [ 6.8866e-06,  1.5932e-04, -2.6727e-05, -4.0116e-05,  7.0757e-05],
          [-1.2607e-04, -1.3950e-05,  1.1376e-04,  1.7383e-04,  3.8047e-05]],

         [[ 1.2391e-05, -1.5983e-04,  2.5282e-04,  3.7286e-05, -1.1783e-04],
          [-5.2926e-05,  8.7961e-05, -2.5809e-04,  3.6299e-05,  9.5488e-05],
          [-1.4140e-05, -2.0557e-05,  1.7918e-05,  1.9341e-05,  3.5075e-05],
          [-7.3372e-05, -7.9992e-05, -1.0085e-04,  5.1019e-05,  1.4257e-04],
          [ 1.2612e-05,  5.6482e-05, -7.8625e-05, -1.3346e-05,  4.9711e-05]],

         ...,

         [[-9.3948e-05,  4.0452e-05, -5.6384e-05,  2.8722e-05,  6.2656e-06],
          [ 2.5013e-04,  8.6154e-05, -1.6421e-04,  1.1755e-04, -5.8732e-05],
          [ 6.3414e-06,  1.8365e-05, -2.8628e-05,  1.9510e-05,  1.1558e-04],
          [-2.3527e-06,  2.0493e-05,  7.2847e-05,  1.5958e-05,  7.1963e-06],
          [ 3.4797e-05,  4.9628e-05,  2.5911e-06,  3.9888e-06, -7.6247e-05]],

         [[-5.1763e-05, -7.1754e-05, -6.4746e-05,  1.5476e-05, -2.3876e-05],
          [ 6.1846e-05, -1.0512e-04,  9.2578e-05,  1.1098e-04,  1.9894e-05],
          [-1.0576e-04,  2.8854e-05,  1.1000e-04, -8.3206e-05, -3.0707e-05],
          [-2.6228e-05,  1.1681e-05, -6.1741e-05,  3.7361e-05, -1.4052e-04],
          [ 6.5868e-05, -6.8425e-05,  2.2679e-05, -1.1190e-05,  1.2097e-05]],

         [[-1.1141e-04,  1.1149e-04, -1.6635e-04, -6.6680e-05, -2.0044e-06],
          [-1.2830e-04, -1.2311e-04, -2.9753e-05,  7.2751e-05, -1.4376e-04],
          [-1.0346e-05,  5.7961e-05,  9.1275e-05, -1.8625e-04, -1.9345e-04],
          [-8.8131e-05,  1.8172e-04,  1.3407e-04, -1.0699e-05, -3.7550e-05],
          [-3.4524e-05,  2.7238e-05,  1.9767e-05,  7.9360e-05, -2.0284e-04]]]],
       device='cuda:0', requires_grad=True)conv2.biasParameter containing:
tensor([-0.0063, -0.0188, -0.0185, -0.0044, -0.0052, -0.0067, -0.0099, -0.0063,
        -0.0052, -0.0063, -0.0052, -0.0051, -0.0063, -0.0046, -0.3520,  0.0388,
        -0.0132, -0.0045, -0.0058, -0.0044, -0.0091, -0.3820, -0.0049, -0.0139,
        -0.4354, -0.0180, -0.0145, -0.0194, -0.0138, -0.0260, -0.0058, -0.4482,
        -0.0141, -0.0127, -0.0122, -0.0139, -0.0041, -0.0083, -0.0054, -0.0839,
        -0.0051, -0.0184, -0.0133, -0.0139, -0.0041, -0.0106, -0.0046, -0.0130,
        -0.0065, -0.0150], device='cuda:0', requires_grad=True)fc1.weightParameter containing:
tensor([[-2.8652e-07,  4.2123e-04,  1.7492e-03,  ...,  8.7426e-35,
         -3.6065e-39, -8.4442e-42],
        [ 1.2958e-40,  5.2331e-41, -1.3764e-40,  ...,  9.5598e-41,
         -2.0261e-41, -1.0057e-40],
        [ 1.9848e-40,  4.4407e-42, -3.6222e-41,  ...,  1.0476e-41,
          1.8155e-41, -1.8320e-40],
        ...,
        [ 3.8055e-41, -4.1918e-41, -8.2482e-41,  ..., -5.4625e-41,
         -1.4827e-41,  4.8304e-41],
        [-2.0924e-41, -6.8933e-41, -1.8591e-40,  ..., -1.4878e-40,
          8.0157e-41,  1.8525e-40],
        [-1.6601e-08, -1.1113e-07, -5.9993e-07,  ..., -1.4463e-40,
          5.2507e-41,  1.1401e-40]], device='cuda:0', requires_grad=True)fc1.biasParameter containing:
tensor([-4.0771e-02, -1.1800e-41,  4.4842e-43, -2.1334e-02,  5.5767e-02,
        -2.0084e-02, -1.4286e-04, -1.9476e-03, -7.5982e-34, -6.4439e-05,
         1.3022e-41, -4.2302e-03, -6.4303e-14, -9.7979e-05, -1.1240e-26,
         2.2323e-42,  4.7336e-42, -1.3507e-24,  9.6279e-19,  5.1896e-02,
         7.0722e-26,  1.8158e-38, -2.0221e-03, -2.9342e-05, -8.4627e-17,
        -4.2455e-11,  7.6791e-43,  4.8851e-02, -4.1256e-04, -1.6679e-07,
        -1.6033e-04,  2.3335e-39,  1.0922e-02,  1.1778e-41, -6.3116e-04,
        -9.6159e-03,  4.9326e-42,  2.6468e-03, -4.6949e-25,  1.6138e-02,
        -4.2877e-05, -2.3258e-04, -1.3241e-41, -1.0826e-05, -2.6926e-11,
         5.5912e-42, -1.1590e-04, -1.0793e-07, -4.7083e-11, -1.2564e-41,
        -3.4164e-42, -4.5584e-07, -3.4624e-10, -1.1308e-42, -2.5312e-02,
         1.1306e-01,  1.2569e-02, -3.1317e-15, -7.6595e-42, -3.3892e-06,
        -4.0620e-09, -6.0368e-42, -7.1649e-13, -1.1454e-41, -9.1140e-42,
        -4.5986e-02,  2.9960e-42,  3.5901e-42,  2.0952e-02, -2.7437e-06,
        -5.3796e-17, -1.3148e-41,  7.8598e-03, -1.7102e-07, -1.5021e-12,
        -6.1774e-05,  1.5724e-02, -3.6111e-42,  1.5679e-02, -5.2254e-42,
         1.6342e-24, -4.4617e-11, -7.4253e-04, -4.9558e-06, -3.5959e-19,
        -3.0180e-35, -1.3006e-02,  2.3822e-44, -1.5269e-02, -6.0999e-42,
         1.0137e-01, -1.2716e-38, -4.5567e-05, -7.1767e-09, -1.0192e-02,
        -4.1639e-09, -5.0453e-21, -4.7504e-42, -3.7619e-24, -1.2886e-41,
        -1.9551e-03, -2.0535e-02, -5.5114e-03, -1.9811e-05, -1.5080e-02,
        -1.8766e-05,  1.8472e-40, -2.0279e-20, -3.7656e-02,  1.0594e-41,
        -1.2987e-41,  4.7897e-10, -3.3336e-23, -3.6266e-42, -6.7008e-02,
         8.3644e-42, -9.9995e-05, -1.1977e-11, -2.9432e-02, -1.4878e-02,
        -3.6616e-42, -1.3553e-41, -2.5235e-31, -6.4825e-15,  1.8830e-02,
        -7.2391e-42, -3.5140e-09,  2.1870e-19, -3.6324e-33,  4.7062e-22,
        -1.1655e-41,  5.0520e-39, -3.0439e-26,  7.3428e-43,  3.8390e-02,
         1.1911e-05, -2.1081e-07, -2.6366e-03,  6.9813e-42, -1.5633e-20,
         3.1930e-02,  2.0683e-42,  7.5749e-03,  7.0611e-42,  7.3260e-42,
         2.9077e-03, -6.2527e-08, -4.7640e-23,  4.1207e-02,  1.0784e-37,
        -2.0814e-07, -1.1339e-41,  2.1183e-07, -1.3982e-41, -1.1559e-41,
         1.1490e-08, -9.3817e-42,  5.1446e-24,  1.8967e-20,  8.0617e-42,
        -2.5951e-03, -1.3916e-30,  1.3224e-41,  5.6121e-03,  3.1636e-02,
         3.3757e-42, -1.2790e-41,  5.2948e-02,  1.9479e-40,  1.3705e-42,
        -4.5893e-03,  2.7749e-10, -4.7565e-03,  6.9070e-42, -3.5652e-20,
         1.4033e-02,  7.7660e-42, -6.5765e-05, -2.3219e-36, -7.9406e-05,
         1.1656e-41,  2.0596e-28,  1.1071e-02, -1.6213e-03, -1.1027e-41,
        -1.0386e-26, -2.4579e-42, -5.8573e-03, -2.7620e-42,  4.0568e-42,
        -9.0403e-04, -2.7655e-09, -5.5050e-03, -9.7900e-03, -4.4245e-03,
         2.1808e-02, -8.6852e-42, -2.3827e-07,  6.8450e-36, -1.2006e-28,
         2.4109e-02, -8.6586e-42, -8.0911e-42, -1.0055e-17,  1.1547e-42,
        -9.2084e-08,  5.3446e-42, -9.9620e-28,  1.6140e-35,  1.3483e-41,
        -4.0088e-05, -1.2444e-41, -3.0456e-07,  8.4181e-03, -2.5148e-11,
         2.1970e-02, -2.8178e-16, -1.4559e-02, -1.0802e-25,  1.2233e-42,
        -5.0746e-05,  1.3616e-41, -3.6610e-06,  1.1840e-41, -2.9785e-14,
         1.7029e-06, -3.6334e-06, -2.9936e-07, -2.2495e-34, -1.0255e-41,
         3.4579e-07, -5.8528e-23, -2.0325e-18, -1.2756e-41,  5.9322e-05,
         4.8325e-20,  1.2628e-02,  3.5491e-19,  2.9465e-02, -1.6867e-04,
        -1.9394e-42, -7.5379e-03,  1.2092e-41, -4.2682e-03, -7.7758e-42,
        -1.0709e-26, -1.0869e-10, -2.9632e-06, -2.5397e-02, -6.2736e-08,
        -1.0752e-02, -8.4139e-11, -1.5123e-03, -2.5279e-37,  6.2666e-42,
         1.3332e-41, -5.6931e-07, -5.5320e-26, -4.6847e-07,  1.0412e-02,
        -7.8991e-12, -3.5827e-24,  1.5301e-02, -2.4635e-42,  1.0587e-41,
        -4.1677e-04, -5.8337e-05, -6.4656e-42, -7.7241e-31,  1.3901e-42,
        -1.0534e-10,  5.3333e-42, -2.2649e-05, -9.6478e-03, -1.9520e-07,
        -2.2970e-04,  5.3216e-41, -4.3013e-23,  2.4751e-02, -2.1940e-02,
        -9.8651e-43,  1.5121e-03, -1.3094e-08, -1.5896e-02, -4.6149e-11,
        -1.2528e-03, -4.1425e-17,  2.4172e-03,  7.9394e-04, -5.0769e-03,
         5.5430e-38,  3.5075e-42, -9.6690e-44, -8.6338e-08, -3.2118e-42,
        -5.5477e-42,  9.8820e-42, -1.5178e-03, -9.4669e-03, -1.3820e-41,
        -1.1797e-26,  5.7297e-03, -1.4091e-02, -2.8006e-09, -3.2900e-31,
        -1.6118e-06, -1.6089e-02, -1.3198e-08,  3.6774e-03, -1.4860e-02,
         7.8249e-42, -6.9334e-04, -3.8170e-03, -5.8396e-09, -4.1358e-02,
         3.6140e-03,  4.5209e-31,  1.6508e-02, -9.0623e-15, -1.3088e-41,
         1.9822e-02, -4.1506e-42, -7.6595e-42, -1.9140e-13,  2.2761e-02,
        -1.0241e-08,  1.4310e-02,  1.0483e-02,  1.1365e-41,  4.1045e-02,
         5.3726e-42, -4.5296e-16, -3.0603e-04, -8.3131e-03,  5.7313e-02,
        -5.2682e-21, -1.5550e-07, -1.2297e-11, -8.2869e-36,  2.0620e-02,
         5.5212e-02,  5.0307e-43, -4.9409e-03,  3.2020e-42, -3.3271e-07,
        -3.6029e-07,  1.0451e-41, -2.1551e-06, -4.2395e-03,  2.2298e-03,
        -1.3667e-02,  1.2774e-07, -2.5430e-34, -1.3542e-41, -1.2728e-06,
        -3.5988e-12, -2.3965e-04, -9.2412e-10, -4.6061e-42,  4.2585e-02,
        -5.0604e-11, -3.8908e-04, -2.8740e-10, -1.9459e-02, -3.7303e-42,
        -1.1138e-41,  7.6665e-42, -6.6471e-40,  2.5676e-02,  2.4013e-23,
         4.2050e-02, -5.8042e-07, -1.5219e-20, -8.9911e-07,  8.6491e-37,
        -5.1134e-03, -3.4318e-42, -4.0867e-02,  6.9981e-42, -7.4842e-15,
         3.9797e-04, -5.9522e-18,  2.6203e-40, -3.8943e-11,  6.5178e-22,
         9.4041e-42, -6.5624e-09,  3.7296e-02, -1.3670e-41, -1.1673e-41,
        -6.3457e-22, -3.4672e-07, -6.9821e-03, -7.0756e-02,  1.0950e-41,
         1.0040e-02, -1.0678e-41,  1.2831e-03, -6.4710e-09,  2.4071e-02,
         1.1321e-41, -1.0334e-24, -1.2437e-05,  6.1275e-02, -5.8181e-09,
        -1.9288e-02, -6.9543e-03,  1.2214e-03, -2.7431e-04, -1.0719e-41,
        -5.5678e-40, -4.0464e-14, -2.1854e-02, -1.5751e-42, -1.9158e-04,
         5.7468e-03, -1.1296e-18, -2.0823e-42, -5.3120e-12,  3.1302e-03,
         3.3315e-02,  1.0630e-41, -4.0674e-08, -2.2841e-28,  1.3231e-04,
         1.4085e-02,  7.0840e-25,  3.8404e-06, -7.2745e-20, -1.8554e-02,
        -4.3043e-03,  3.4233e-09, -1.9165e-08, -2.9806e-42,  2.6384e-02,
        -2.7000e-10,  2.2077e-35, -1.0316e-05, -9.5209e-04, -2.5359e-23,
        -1.4595e-13, -4.3497e-08,  6.3444e-02, -1.1125e-02, -1.0721e-06,
        -5.3244e-09,  1.2151e-02, -4.5797e-03, -3.8954e-15, -1.8760e-13,
        -7.2125e-06,  4.8464e-08,  1.1429e-41, -5.4602e-02, -3.7471e-42,
         2.6574e-02, -8.4622e-17, -1.1781e-41, -1.5912e-18,  2.4662e-02,
        -5.4388e-05, -2.2641e-02, -2.0367e-06, -1.1378e-20, -1.7000e-38,
         1.8343e-13, -5.3720e-03, -3.0718e-12,  1.4854e-42, -3.9064e-35,
        -1.4449e-18, -1.2152e-02,  1.9016e-42,  2.1758e-06, -2.5464e-11,
         1.0717e-12,  2.3431e-02,  6.7693e-02, -1.1583e-41,  8.4905e-42,
        -5.0811e-05,  3.4038e-42, -1.1603e-04, -5.3053e-42,  1.4464e-03,
        -4.5438e-11, -1.9120e-02, -3.8467e-09, -1.3681e-41, -9.0665e-06,
         1.3074e-41, -1.6426e-03, -1.4621e-26,  2.5826e-42, -4.0184e-05,
         6.6940e-42, -2.9903e-09, -2.3150e-18,  1.1013e-41, -7.1201e-03],
       device='cuda:0', requires_grad=True)fc2.weightParameter containing:
tensor([[-8.1955e-02, -1.4202e-08, -3.7914e-11,  ...,  2.2218e-11,
          3.3848e-05, -1.4868e-02],
        [-1.5807e-02, -1.0339e-10, -4.4695e-05,  ...,  1.8441e-08,
          1.3644e-05,  2.2656e-02],
        [ 5.4201e-02,  5.6730e-11, -3.8103e-10,  ...,  1.8158e-04,
         -3.5552e-05,  9.2913e-03],
        ...,
        [-2.5498e-02,  6.1423e-07,  9.0932e-06,  ..., -6.0247e-04,
         -8.2677e-09, -1.3540e-02],
        [-5.6578e-01,  9.4875e-09,  2.4592e-05,  ...,  2.3540e-04,
         -3.4311e-05,  6.0258e-04],
        [ 2.1153e-01,  2.8430e-06, -6.2200e-07,  ..., -8.0409e-05,
         -5.7423e-05, -1.9428e-02]], device='cuda:0', requires_grad=True)fc2.biasParameter containing:
tensor([ 0.0048, -0.0527, -0.0137, -0.0248,  0.0066,  0.0174, -0.0297, -0.0579,
         0.1863, -0.0439], device='cuda:0', requires_grad=True)