0.0
0.7120770215988159
3.1420233249664307
6.640681743621826
0.0
0.0
0.0
0.0
2.61824893951416
0.0
0.0
0.0
0.0
0.0
6.13173770904541
0.0
0.0
0.0
3.7177248001098633
0.0
0.0
0.0
3.6172871589660645
0.0
0.0
0.0
0.0
0.0
0.0
0.0
0.0
0.0
0.0
0.0
5.135205268859863
3.7349774837493896
0.0
0.0
0.0
0.0
1.9710339307785034
3.393812656402588
0.0
0.0
2.744647979736328
0.0
0.0
0.0
0.0
0.0
0.0
4.659093856811523
0.0
0.0
0.0
0.0
0.0
3.9874792098999023
0.0
3.8825554847717285
0.0
0.0
0.0
0.0
0.0
0.0
0.0
0.0
0.0
1.6784406900405884
