conv1.weightParameter containing:
tensor([[[[ 0.0000e+00,  0.0000e+00,  0.0000e+00,  0.0000e+00,  0.0000e+00],
          [ 0.0000e+00,  0.0000e+00,  0.0000e+00,  0.0000e+00,  0.0000e+00],
          [ 0.0000e+00,  0.0000e+00,  0.0000e+00,  0.0000e+00,  0.0000e+00],
          [ 0.0000e+00,  0.0000e+00,  0.0000e+00,  0.0000e+00,  0.0000e+00],
          [ 0.0000e+00,  0.0000e+00,  0.0000e+00,  0.0000e+00,  0.0000e+00]]],


        [[[ 6.5872e-04,  1.2374e-03,  6.4530e-02,  2.1082e-04, -8.2325e-04],
          [ 1.0215e-03,  1.1377e-03,  1.4446e-01,  0.0000e+00, -1.2381e-03],
          [ 6.4524e-04,  5.1745e-02,  9.1289e-02, -2.3484e-04, -3.4741e-02],
          [ 1.3741e-04,  6.3667e-04,  1.4310e-01, -1.3302e-04, -3.8484e-02],
          [ 3.1363e-04,  5.7930e-02,  7.0424e-02, -6.2490e-04, -6.3234e-03]]],


        [[[ 8.3862e-03,  1.0678e-01,  1.7579e-01,  2.9324e-04, -1.3392e-03],
          [ 9.9154e-03,  1.6342e-01,  1.6834e-01, -1.2109e-03, -1.5659e-01],
          [ 9.2674e-02,  2.9403e-01,  6.1030e-02, -9.6261e-02, -2.1494e-01],
          [ 2.1000e-01,  2.0122e-01,  3.5879e-04, -2.3636e-01, -1.7164e-01],
          [ 2.8084e-01,  1.2401e-01, -6.5722e-02, -1.9862e-01, -1.0225e-01]]],


        [[[ 1.6096e-03, -6.5627e-02, -2.8783e-01, -2.7607e-01, -1.9743e-01],
          [ 2.0144e-01,  6.9623e-04, -1.7072e-01, -1.6514e-01, -1.0593e-02],
          [ 4.6565e-01,  6.1092e-01,  3.7067e-01,  4.5732e-02,  7.8771e-02],
          [ 2.2873e-01,  7.8630e-01,  9.5320e-01,  4.7698e-01,  9.3454e-02],
          [ 3.4565e-03,  1.9633e-01,  5.2542e-01,  3.9583e-01,  3.2074e-02]]],


        [[[ 0.0000e+00,  0.0000e+00,  0.0000e+00,  0.0000e+00,  0.0000e+00],
          [ 0.0000e+00,  0.0000e+00,  0.0000e+00,  0.0000e+00,  0.0000e+00],
          [ 0.0000e+00,  0.0000e+00,  0.0000e+00,  0.0000e+00,  0.0000e+00],
          [ 0.0000e+00,  0.0000e+00,  0.0000e+00,  0.0000e+00,  0.0000e+00],
          [ 0.0000e+00,  0.0000e+00,  0.0000e+00,  0.0000e+00,  0.0000e+00]]],


        [[[ 0.0000e+00,  0.0000e+00,  0.0000e+00,  0.0000e+00,  0.0000e+00],
          [ 0.0000e+00,  0.0000e+00,  0.0000e+00,  0.0000e+00,  0.0000e+00],
          [ 0.0000e+00,  0.0000e+00,  0.0000e+00,  0.0000e+00,  0.0000e+00],
          [ 0.0000e+00,  0.0000e+00,  0.0000e+00,  0.0000e+00,  0.0000e+00],
          [ 0.0000e+00,  0.0000e+00,  0.0000e+00,  0.0000e+00,  0.0000e+00]]],


        [[[ 0.0000e+00,  0.0000e+00,  0.0000e+00,  0.0000e+00,  0.0000e+00],
          [ 0.0000e+00,  0.0000e+00,  0.0000e+00,  0.0000e+00,  0.0000e+00],
          [ 0.0000e+00,  0.0000e+00,  0.0000e+00,  0.0000e+00,  0.0000e+00],
          [ 0.0000e+00,  0.0000e+00,  0.0000e+00,  0.0000e+00,  0.0000e+00],
          [ 0.0000e+00,  0.0000e+00,  0.0000e+00,  0.0000e+00,  0.0000e+00]]],


        [[[ 0.0000e+00,  0.0000e+00,  0.0000e+00,  0.0000e+00,  0.0000e+00],
          [ 0.0000e+00,  0.0000e+00,  0.0000e+00,  0.0000e+00,  0.0000e+00],
          [ 0.0000e+00,  0.0000e+00,  0.0000e+00,  0.0000e+00,  0.0000e+00],
          [ 0.0000e+00,  0.0000e+00,  0.0000e+00,  0.0000e+00,  0.0000e+00],
          [ 0.0000e+00,  0.0000e+00,  0.0000e+00,  0.0000e+00,  0.0000e+00]]],


        [[[ 4.7608e-03,  1.5788e-01,  1.4905e-01, -4.2213e-04, -9.6432e-03],
          [ 2.5180e-02,  2.9384e-01,  1.7207e-01, -9.4740e-04, -2.0454e-01],
          [ 2.9545e-03,  3.5383e-01,  1.4386e-01, -1.3061e-02, -2.8053e-01],
          [ 7.2801e-02,  2.7603e-01,  4.7942e-02, -3.7787e-03, -1.4830e-01],
          [ 6.1132e-03,  1.0500e-01,  1.3647e-01, -2.8707e-03, -6.3670e-03]]],


        [[[ 0.0000e+00,  0.0000e+00,  0.0000e+00,  0.0000e+00,  0.0000e+00],
          [ 0.0000e+00,  0.0000e+00,  0.0000e+00,  0.0000e+00,  0.0000e+00],
          [ 0.0000e+00,  0.0000e+00,  0.0000e+00,  0.0000e+00,  0.0000e+00],
          [ 0.0000e+00,  0.0000e+00,  0.0000e+00,  0.0000e+00,  0.0000e+00],
          [ 0.0000e+00,  0.0000e+00,  0.0000e+00,  0.0000e+00,  0.0000e+00]]],


        [[[ 0.0000e+00,  0.0000e+00,  0.0000e+00,  0.0000e+00,  0.0000e+00],
          [ 0.0000e+00,  0.0000e+00,  0.0000e+00,  0.0000e+00,  0.0000e+00],
          [ 0.0000e+00,  0.0000e+00,  0.0000e+00,  0.0000e+00,  0.0000e+00],
          [ 0.0000e+00,  0.0000e+00,  0.0000e+00,  0.0000e+00,  0.0000e+00],
          [ 0.0000e+00,  0.0000e+00,  0.0000e+00,  0.0000e+00,  0.0000e+00]]],


        [[[ 0.0000e+00,  0.0000e+00,  0.0000e+00,  0.0000e+00,  0.0000e+00],
          [ 0.0000e+00,  0.0000e+00,  0.0000e+00,  0.0000e+00,  0.0000e+00],
          [ 0.0000e+00,  0.0000e+00,  0.0000e+00,  0.0000e+00,  0.0000e+00],
          [ 0.0000e+00,  0.0000e+00,  0.0000e+00,  0.0000e+00,  0.0000e+00],
          [ 0.0000e+00,  0.0000e+00,  0.0000e+00,  0.0000e+00,  0.0000e+00]]],


        [[[ 0.0000e+00,  0.0000e+00,  0.0000e+00,  0.0000e+00,  0.0000e+00],
          [ 0.0000e+00,  0.0000e+00,  0.0000e+00,  0.0000e+00,  0.0000e+00],
          [ 0.0000e+00,  0.0000e+00,  0.0000e+00,  0.0000e+00,  0.0000e+00],
          [ 0.0000e+00,  0.0000e+00,  0.0000e+00,  0.0000e+00,  0.0000e+00],
          [ 0.0000e+00,  0.0000e+00,  0.0000e+00,  0.0000e+00,  0.0000e+00]]],


        [[[ 0.0000e+00,  0.0000e+00,  0.0000e+00,  0.0000e+00,  0.0000e+00],
          [ 0.0000e+00,  0.0000e+00,  0.0000e+00,  0.0000e+00,  0.0000e+00],
          [ 0.0000e+00,  0.0000e+00,  0.0000e+00,  0.0000e+00,  0.0000e+00],
          [ 0.0000e+00,  0.0000e+00,  0.0000e+00,  0.0000e+00,  0.0000e+00],
          [ 0.0000e+00,  0.0000e+00,  0.0000e+00,  0.0000e+00,  0.0000e+00]]],


        [[[-1.3333e-02, -1.7940e-03,  2.2879e-01,  2.9161e-01,  3.5022e-01],
          [ 1.8599e-01,  4.7947e-01,  4.8026e-01,  3.7091e-01,  1.9440e-01],
          [ 1.8056e-01,  2.5195e-01,  9.5629e-02,  3.7782e-04, -2.3961e-02],
          [-6.1684e-02, -2.1269e-01, -3.3200e-01, -4.3637e-01, -4.2529e-01],
          [-2.0415e-01, -5.2251e-01, -5.2610e-01, -2.6124e-01,  4.3300e-04]]],


        [[[ 0.0000e+00,  0.0000e+00,  0.0000e+00,  0.0000e+00,  0.0000e+00],
          [ 0.0000e+00,  0.0000e+00,  0.0000e+00,  0.0000e+00,  0.0000e+00],
          [ 0.0000e+00,  0.0000e+00,  0.0000e+00,  0.0000e+00,  0.0000e+00],
          [ 0.0000e+00,  0.0000e+00,  0.0000e+00,  0.0000e+00,  0.0000e+00],
          [ 0.0000e+00,  0.0000e+00,  0.0000e+00,  0.0000e+00,  0.0000e+00]]],


        [[[ 0.0000e+00,  0.0000e+00,  0.0000e+00,  0.0000e+00,  0.0000e+00],
          [ 0.0000e+00,  0.0000e+00,  0.0000e+00,  0.0000e+00,  0.0000e+00],
          [ 0.0000e+00,  0.0000e+00,  0.0000e+00,  0.0000e+00,  0.0000e+00],
          [ 0.0000e+00,  0.0000e+00,  0.0000e+00,  0.0000e+00,  0.0000e+00],
          [ 0.0000e+00,  0.0000e+00,  0.0000e+00,  0.0000e+00,  0.0000e+00]]],


        [[[ 0.0000e+00,  0.0000e+00,  0.0000e+00,  0.0000e+00,  0.0000e+00],
          [ 0.0000e+00,  0.0000e+00,  0.0000e+00,  0.0000e+00,  0.0000e+00],
          [ 0.0000e+00,  0.0000e+00,  0.0000e+00,  0.0000e+00,  0.0000e+00],
          [ 0.0000e+00,  0.0000e+00,  0.0000e+00,  0.0000e+00,  0.0000e+00],
          [ 0.0000e+00,  0.0000e+00,  0.0000e+00,  0.0000e+00,  0.0000e+00]]],


        [[[-1.0244e-01, -2.6153e-01, -2.9957e-01,  1.3469e-03,  2.9214e-01],
          [-2.8402e-01, -1.7137e-01, -4.7119e-04,  3.6702e-01,  2.3741e-01],
          [-1.6876e-01,  0.0000e+00,  3.0972e-01,  3.2398e-01, -6.2325e-04],
          [ 3.5362e-04,  1.4830e-01,  2.7424e-01,  2.1386e-03, -1.7625e-01],
          [ 8.1025e-02,  1.9911e-01,  3.5545e-03,  9.8729e-04, -1.1380e-02]]],


        [[[ 0.0000e+00,  0.0000e+00,  0.0000e+00,  0.0000e+00,  0.0000e+00],
          [ 0.0000e+00,  0.0000e+00,  0.0000e+00,  0.0000e+00,  0.0000e+00],
          [ 0.0000e+00,  0.0000e+00,  0.0000e+00,  0.0000e+00,  0.0000e+00],
          [ 0.0000e+00,  0.0000e+00,  0.0000e+00,  0.0000e+00,  0.0000e+00],
          [ 0.0000e+00,  0.0000e+00,  0.0000e+00,  0.0000e+00,  0.0000e+00]]]],
       device='cuda:0', requires_grad=True)conv1.biasParameter containing:
tensor([-0.0405, -0.1272, -0.0694,  0.0192, -0.0228, -0.0014, -0.0017, -0.0089,
        -0.0738, -0.0010, -0.0137,  0.0025,  0.0318,  0.0361,  0.1137, -0.0020,
        -0.0321, -0.0040, -0.1755, -0.0078], device='cuda:0',
       requires_grad=True)conv2.weightParameter containing:
tensor([[[[ 0.0000e+00,  0.0000e+00,  0.0000e+00,  0.0000e+00,  0.0000e+00],
          [ 0.0000e+00,  0.0000e+00,  0.0000e+00,  0.0000e+00,  0.0000e+00],
          [ 0.0000e+00,  0.0000e+00,  0.0000e+00,  0.0000e+00,  0.0000e+00],
          [ 0.0000e+00,  0.0000e+00,  0.0000e+00,  0.0000e+00,  0.0000e+00],
          [ 0.0000e+00,  0.0000e+00,  0.0000e+00,  0.0000e+00,  0.0000e+00]],

         [[ 0.0000e+00,  0.0000e+00,  0.0000e+00,  0.0000e+00,  0.0000e+00],
          [ 0.0000e+00,  0.0000e+00,  0.0000e+00,  0.0000e+00,  0.0000e+00],
          [ 0.0000e+00,  0.0000e+00,  0.0000e+00,  0.0000e+00,  0.0000e+00],
          [ 0.0000e+00,  0.0000e+00,  0.0000e+00,  0.0000e+00,  0.0000e+00],
          [ 0.0000e+00,  0.0000e+00,  0.0000e+00,  0.0000e+00,  0.0000e+00]],

         [[ 0.0000e+00,  0.0000e+00,  0.0000e+00,  0.0000e+00,  0.0000e+00],
          [ 0.0000e+00,  0.0000e+00,  0.0000e+00,  0.0000e+00,  0.0000e+00],
          [ 0.0000e+00,  0.0000e+00,  0.0000e+00,  0.0000e+00,  0.0000e+00],
          [ 0.0000e+00,  0.0000e+00,  0.0000e+00,  0.0000e+00,  0.0000e+00],
          [ 0.0000e+00,  0.0000e+00,  0.0000e+00,  0.0000e+00,  0.0000e+00]],

         ...,

         [[ 0.0000e+00,  0.0000e+00,  0.0000e+00,  0.0000e+00,  0.0000e+00],
          [ 0.0000e+00,  0.0000e+00,  0.0000e+00,  0.0000e+00,  0.0000e+00],
          [ 0.0000e+00,  0.0000e+00,  0.0000e+00,  0.0000e+00,  0.0000e+00],
          [ 0.0000e+00,  0.0000e+00,  0.0000e+00,  0.0000e+00,  0.0000e+00],
          [ 0.0000e+00,  0.0000e+00,  0.0000e+00,  0.0000e+00,  0.0000e+00]],

         [[ 0.0000e+00,  0.0000e+00,  0.0000e+00,  0.0000e+00,  0.0000e+00],
          [ 0.0000e+00,  0.0000e+00,  0.0000e+00,  0.0000e+00,  0.0000e+00],
          [ 0.0000e+00,  0.0000e+00,  0.0000e+00,  0.0000e+00,  0.0000e+00],
          [ 0.0000e+00,  0.0000e+00,  0.0000e+00,  0.0000e+00,  0.0000e+00],
          [ 0.0000e+00,  0.0000e+00,  0.0000e+00,  0.0000e+00,  0.0000e+00]],

         [[ 0.0000e+00,  0.0000e+00,  0.0000e+00,  0.0000e+00,  0.0000e+00],
          [ 0.0000e+00,  0.0000e+00,  0.0000e+00,  0.0000e+00,  0.0000e+00],
          [ 0.0000e+00,  0.0000e+00,  0.0000e+00,  0.0000e+00,  0.0000e+00],
          [ 0.0000e+00,  0.0000e+00,  0.0000e+00,  0.0000e+00,  0.0000e+00],
          [ 0.0000e+00,  0.0000e+00,  0.0000e+00,  0.0000e+00,  0.0000e+00]]],


        [[[ 0.0000e+00,  0.0000e+00,  0.0000e+00,  0.0000e+00,  0.0000e+00],
          [ 0.0000e+00,  0.0000e+00,  0.0000e+00,  0.0000e+00,  0.0000e+00],
          [ 0.0000e+00,  0.0000e+00,  0.0000e+00,  0.0000e+00,  0.0000e+00],
          [ 0.0000e+00,  0.0000e+00,  0.0000e+00,  0.0000e+00,  0.0000e+00],
          [ 0.0000e+00,  0.0000e+00,  0.0000e+00,  0.0000e+00,  0.0000e+00]],

         [[ 0.0000e+00,  0.0000e+00,  0.0000e+00,  0.0000e+00,  0.0000e+00],
          [ 0.0000e+00,  0.0000e+00,  0.0000e+00,  0.0000e+00,  0.0000e+00],
          [ 0.0000e+00,  0.0000e+00,  0.0000e+00,  0.0000e+00,  0.0000e+00],
          [ 0.0000e+00,  0.0000e+00,  0.0000e+00,  0.0000e+00,  0.0000e+00],
          [ 0.0000e+00,  0.0000e+00,  0.0000e+00,  0.0000e+00,  0.0000e+00]],

         [[ 0.0000e+00,  0.0000e+00,  0.0000e+00,  0.0000e+00,  0.0000e+00],
          [ 0.0000e+00,  0.0000e+00,  0.0000e+00,  0.0000e+00,  0.0000e+00],
          [ 0.0000e+00,  0.0000e+00,  0.0000e+00,  0.0000e+00,  0.0000e+00],
          [ 0.0000e+00,  0.0000e+00,  0.0000e+00,  0.0000e+00,  0.0000e+00],
          [ 0.0000e+00,  0.0000e+00,  0.0000e+00,  0.0000e+00,  0.0000e+00]],

         ...,

         [[ 0.0000e+00,  0.0000e+00,  0.0000e+00,  0.0000e+00,  0.0000e+00],
          [ 0.0000e+00,  0.0000e+00,  0.0000e+00,  0.0000e+00,  0.0000e+00],
          [ 0.0000e+00,  0.0000e+00,  0.0000e+00,  0.0000e+00,  0.0000e+00],
          [ 0.0000e+00,  0.0000e+00,  0.0000e+00,  0.0000e+00,  0.0000e+00],
          [ 0.0000e+00,  0.0000e+00,  0.0000e+00,  0.0000e+00,  0.0000e+00]],

         [[ 0.0000e+00,  0.0000e+00,  0.0000e+00,  0.0000e+00,  0.0000e+00],
          [ 0.0000e+00,  0.0000e+00,  0.0000e+00,  0.0000e+00,  0.0000e+00],
          [ 0.0000e+00,  0.0000e+00,  0.0000e+00,  0.0000e+00,  0.0000e+00],
          [ 0.0000e+00,  0.0000e+00,  0.0000e+00,  0.0000e+00,  0.0000e+00],
          [ 0.0000e+00,  0.0000e+00,  0.0000e+00,  0.0000e+00,  0.0000e+00]],

         [[ 0.0000e+00,  0.0000e+00,  0.0000e+00,  0.0000e+00,  0.0000e+00],
          [ 0.0000e+00,  0.0000e+00,  0.0000e+00,  0.0000e+00,  0.0000e+00],
          [ 0.0000e+00,  0.0000e+00,  0.0000e+00,  0.0000e+00,  0.0000e+00],
          [ 0.0000e+00,  0.0000e+00,  0.0000e+00,  0.0000e+00,  0.0000e+00],
          [ 0.0000e+00,  0.0000e+00,  0.0000e+00,  0.0000e+00,  0.0000e+00]]],


        [[[ 0.0000e+00,  0.0000e+00, -2.2421e-04,  0.0000e+00, -1.0890e-04],
          [ 0.0000e+00,  0.0000e+00,  0.0000e+00,  0.0000e+00,  0.0000e+00],
          [ 0.0000e+00,  1.0272e-04,  0.0000e+00, -1.1476e-04,  0.0000e+00],
          [ 1.0914e-04,  0.0000e+00,  0.0000e+00,  0.0000e+00,  1.7207e-04],
          [ 0.0000e+00,  2.2954e-04,  0.0000e+00,  0.0000e+00, -1.2910e-04]],

         [[ 5.3856e-04,  4.0089e-04,  3.2730e-02,  5.0876e-04,  2.3171e-04],
          [ 4.8046e-04,  3.7923e-04,  1.4610e-02,  4.7239e-04,  0.0000e+00],
          [ 4.9832e-04,  0.0000e+00,  1.0736e-03,  0.0000e+00,  1.9642e-04],
          [-1.3525e-04,  4.0850e-04,  7.6614e-04,  1.0176e-03,  6.1032e-04],
          [ 0.0000e+00,  2.5797e-04,  3.6689e-04,  1.0638e-03, -1.8634e-04]],

         [[ 1.5838e-03,  2.5661e-03,  1.0818e-01,  1.8117e-01,  4.8439e-03],
          [ 2.0204e-03,  3.0466e-03,  3.2546e-01,  1.4556e-02,  9.1790e-04],
          [ 2.0431e-03, -5.0813e-04,  1.5048e-02,  1.1263e-03,  2.3125e-03],
          [-4.4883e-04, -2.7272e-03,  2.4607e-04,  7.3882e-04,  1.9549e-03],
          [-1.6396e-03, -2.5666e-03, -2.4132e-03,  5.0302e-04,  2.2729e-03]],

         ...,

         [[ 1.3120e-04,  0.0000e+00,  0.0000e+00,  0.0000e+00,  0.0000e+00],
          [ 0.0000e+00,  1.6029e-04,  0.0000e+00, -2.1750e-04,  0.0000e+00],
          [ 0.0000e+00,  1.1267e-04, -1.2410e-04,  0.0000e+00,  1.1256e-04],
          [ 0.0000e+00,  1.2393e-04,  0.0000e+00,  0.0000e+00,  2.1748e-04],
          [ 1.1989e-04,  1.1190e-04,  1.2849e-04,  1.2497e-04,  0.0000e+00]],

         [[ 3.3902e-03,  1.1204e-03,  9.5056e-03,  2.7115e-03,  2.0304e-03],
          [ 9.0382e-04,  9.5013e-02,  3.7179e-02,  2.4198e-03,  2.6271e-04],
          [ 8.4419e-03,  1.3900e-03,  3.0052e-04,  5.4511e-04,  6.7374e-03],
          [-3.9750e-03, -1.3919e-03, -6.9904e-04,  3.7633e-03,  5.7045e-03],
          [-1.2528e-02, -3.8765e-03,  1.8448e-04,  1.5849e-03,  1.6015e-03]],

         [[ 0.0000e+00,  0.0000e+00,  0.0000e+00,  0.0000e+00,  0.0000e+00],
          [ 0.0000e+00,  0.0000e+00,  0.0000e+00,  0.0000e+00,  0.0000e+00],
          [ 0.0000e+00,  0.0000e+00,  0.0000e+00,  0.0000e+00,  0.0000e+00],
          [ 0.0000e+00,  0.0000e+00,  0.0000e+00,  0.0000e+00,  0.0000e+00],
          [ 0.0000e+00,  0.0000e+00, -1.5741e-04,  0.0000e+00,  0.0000e+00]]],


        ...,


        [[[ 0.0000e+00,  0.0000e+00,  0.0000e+00,  0.0000e+00,  0.0000e+00],
          [ 0.0000e+00,  0.0000e+00,  0.0000e+00,  0.0000e+00,  0.0000e+00],
          [ 0.0000e+00,  0.0000e+00,  0.0000e+00,  0.0000e+00,  0.0000e+00],
          [ 0.0000e+00,  0.0000e+00,  0.0000e+00,  0.0000e+00,  0.0000e+00],
          [ 0.0000e+00,  0.0000e+00,  0.0000e+00,  0.0000e+00,  0.0000e+00]],

         [[ 0.0000e+00,  0.0000e+00,  0.0000e+00,  0.0000e+00,  0.0000e+00],
          [ 0.0000e+00,  0.0000e+00,  0.0000e+00,  0.0000e+00,  0.0000e+00],
          [ 0.0000e+00,  0.0000e+00,  0.0000e+00,  0.0000e+00,  0.0000e+00],
          [ 0.0000e+00,  0.0000e+00,  0.0000e+00,  0.0000e+00,  0.0000e+00],
          [ 0.0000e+00,  0.0000e+00,  0.0000e+00,  0.0000e+00,  0.0000e+00]],

         [[ 0.0000e+00,  0.0000e+00,  0.0000e+00,  0.0000e+00,  0.0000e+00],
          [ 0.0000e+00,  0.0000e+00,  0.0000e+00,  0.0000e+00,  0.0000e+00],
          [ 0.0000e+00,  0.0000e+00,  0.0000e+00,  0.0000e+00,  0.0000e+00],
          [ 0.0000e+00,  0.0000e+00,  0.0000e+00,  0.0000e+00,  0.0000e+00],
          [ 0.0000e+00,  0.0000e+00,  0.0000e+00,  0.0000e+00,  0.0000e+00]],

         ...,

         [[ 0.0000e+00,  0.0000e+00,  0.0000e+00,  0.0000e+00,  0.0000e+00],
          [ 0.0000e+00,  0.0000e+00,  0.0000e+00,  0.0000e+00,  0.0000e+00],
          [ 0.0000e+00,  0.0000e+00,  0.0000e+00,  0.0000e+00,  0.0000e+00],
          [ 0.0000e+00,  0.0000e+00,  0.0000e+00,  0.0000e+00,  0.0000e+00],
          [ 0.0000e+00,  0.0000e+00,  0.0000e+00,  0.0000e+00,  0.0000e+00]],

         [[ 0.0000e+00,  0.0000e+00,  0.0000e+00,  0.0000e+00,  0.0000e+00],
          [ 0.0000e+00,  0.0000e+00,  0.0000e+00,  0.0000e+00,  0.0000e+00],
          [ 0.0000e+00,  0.0000e+00,  0.0000e+00,  0.0000e+00,  0.0000e+00],
          [ 0.0000e+00,  0.0000e+00,  0.0000e+00,  0.0000e+00,  0.0000e+00],
          [ 0.0000e+00,  0.0000e+00,  0.0000e+00,  0.0000e+00,  0.0000e+00]],

         [[ 0.0000e+00,  0.0000e+00,  0.0000e+00,  0.0000e+00,  0.0000e+00],
          [ 0.0000e+00,  0.0000e+00,  0.0000e+00,  0.0000e+00,  0.0000e+00],
          [ 0.0000e+00,  0.0000e+00,  0.0000e+00,  0.0000e+00,  0.0000e+00],
          [ 0.0000e+00,  0.0000e+00,  0.0000e+00,  0.0000e+00,  0.0000e+00],
          [ 0.0000e+00,  0.0000e+00,  0.0000e+00,  0.0000e+00,  0.0000e+00]]],


        [[[ 0.0000e+00,  0.0000e+00,  0.0000e+00,  0.0000e+00,  0.0000e+00],
          [ 0.0000e+00,  0.0000e+00,  0.0000e+00,  0.0000e+00,  0.0000e+00],
          [ 0.0000e+00,  0.0000e+00,  0.0000e+00,  0.0000e+00,  0.0000e+00],
          [ 0.0000e+00,  0.0000e+00,  0.0000e+00,  0.0000e+00,  0.0000e+00],
          [ 0.0000e+00,  0.0000e+00,  0.0000e+00,  0.0000e+00,  0.0000e+00]],

         [[ 0.0000e+00,  0.0000e+00,  0.0000e+00,  0.0000e+00,  0.0000e+00],
          [ 0.0000e+00,  0.0000e+00,  0.0000e+00,  0.0000e+00,  0.0000e+00],
          [ 0.0000e+00,  0.0000e+00,  0.0000e+00,  0.0000e+00,  0.0000e+00],
          [ 0.0000e+00,  0.0000e+00,  0.0000e+00,  0.0000e+00,  0.0000e+00],
          [ 0.0000e+00,  0.0000e+00,  0.0000e+00,  0.0000e+00,  0.0000e+00]],

         [[ 0.0000e+00,  0.0000e+00,  0.0000e+00,  0.0000e+00,  0.0000e+00],
          [ 0.0000e+00,  0.0000e+00,  0.0000e+00,  0.0000e+00,  0.0000e+00],
          [ 0.0000e+00,  0.0000e+00,  0.0000e+00,  0.0000e+00,  0.0000e+00],
          [ 0.0000e+00,  0.0000e+00,  0.0000e+00,  0.0000e+00,  0.0000e+00],
          [ 0.0000e+00,  0.0000e+00,  0.0000e+00,  0.0000e+00,  0.0000e+00]],

         ...,

         [[ 0.0000e+00,  0.0000e+00,  0.0000e+00,  0.0000e+00,  0.0000e+00],
          [ 0.0000e+00,  0.0000e+00,  0.0000e+00,  0.0000e+00,  0.0000e+00],
          [ 0.0000e+00,  0.0000e+00,  0.0000e+00,  0.0000e+00,  0.0000e+00],
          [ 0.0000e+00,  0.0000e+00,  0.0000e+00,  0.0000e+00,  0.0000e+00],
          [ 0.0000e+00,  0.0000e+00,  0.0000e+00,  0.0000e+00,  0.0000e+00]],

         [[ 0.0000e+00,  0.0000e+00,  0.0000e+00,  0.0000e+00,  0.0000e+00],
          [ 0.0000e+00,  0.0000e+00,  0.0000e+00,  0.0000e+00,  0.0000e+00],
          [ 0.0000e+00,  0.0000e+00,  0.0000e+00,  0.0000e+00,  0.0000e+00],
          [ 0.0000e+00,  0.0000e+00,  0.0000e+00,  0.0000e+00,  0.0000e+00],
          [ 0.0000e+00,  0.0000e+00,  0.0000e+00,  0.0000e+00,  0.0000e+00]],

         [[ 0.0000e+00,  0.0000e+00,  0.0000e+00,  0.0000e+00,  0.0000e+00],
          [ 0.0000e+00,  0.0000e+00,  0.0000e+00,  0.0000e+00,  0.0000e+00],
          [ 0.0000e+00,  0.0000e+00,  0.0000e+00,  0.0000e+00,  0.0000e+00],
          [ 0.0000e+00,  0.0000e+00,  0.0000e+00,  0.0000e+00,  0.0000e+00],
          [ 0.0000e+00,  0.0000e+00,  0.0000e+00,  0.0000e+00,  0.0000e+00]]],


        [[[ 1.9460e-04,  0.0000e+00,  0.0000e+00,  0.0000e+00,  0.0000e+00],
          [ 0.0000e+00,  1.0621e-04,  0.0000e+00,  0.0000e+00,  0.0000e+00],
          [ 0.0000e+00,  0.0000e+00,  0.0000e+00,  0.0000e+00,  0.0000e+00],
          [ 0.0000e+00,  1.8111e-04,  0.0000e+00, -1.0692e-04,  0.0000e+00],
          [ 0.0000e+00,  0.0000e+00,  0.0000e+00,  1.1236e-04,  0.0000e+00]],

         [[ 5.3354e-04,  0.0000e+00,  2.1203e-04,  0.0000e+00,  6.0049e-04],
          [ 1.0579e-03,  4.4208e-04,  3.8834e-04,  0.0000e+00,  3.0125e-04],
          [ 8.2709e-04,  4.6380e-04,  1.9207e-04,  1.0522e-04,  0.0000e+00],
          [ 7.3511e-04,  2.9845e-04,  0.0000e+00, -1.3318e-04, -1.0692e-04],
          [ 1.2162e-04,  2.3968e-04,  7.6398e-04,  6.8438e-04,  2.8811e-04]],

         [[ 4.4777e-04, -1.2282e-03,  3.3920e-04,  2.5919e-03,  2.3711e-03],
          [ 1.1468e-04,  5.3265e-04,  1.3303e-02,  2.9924e-03,  1.0263e-03],
          [ 6.7129e-04,  2.4362e-02,  1.4324e-01,  2.0120e-03,  1.1588e-03],
          [ 2.1015e-04,  1.5149e-01,  3.7614e-03,  4.6168e-04,  0.0000e+00],
          [ 1.2208e-03,  2.2820e-03,  1.9280e-03,  5.5612e-04, -6.0608e-04]],

         ...,

         [[ 0.0000e+00,  0.0000e+00,  0.0000e+00,  0.0000e+00, -2.1958e-04],
          [ 0.0000e+00, -1.7860e-04,  0.0000e+00,  0.0000e+00,  0.0000e+00],
          [-1.1998e-04,  0.0000e+00,  0.0000e+00,  1.5423e-04,  0.0000e+00],
          [ 0.0000e+00, -2.5086e-04,  0.0000e+00,  1.0424e-04, -1.2056e-04],
          [ 0.0000e+00, -1.1609e-04,  1.1207e-04,  0.0000e+00,  0.0000e+00]],

         [[-8.1255e-04,  6.5480e-04,  3.2228e-03,  2.0960e-03,  7.0740e-04],
          [ 3.0523e-04,  2.0902e-03,  3.1994e-03,  1.4853e-04,  0.0000e+00],
          [ 1.8903e-03,  2.1426e-01,  1.2562e-04, -2.3055e-03, -5.8214e-04],
          [ 2.6955e-01,  1.6656e-01,  0.0000e+00,  0.0000e+00, -1.5778e-03],
          [ 9.8395e-02,  3.1506e-04, -1.9440e-03, -1.0845e-03, -9.4659e-04]],

         [[ 1.6271e-04,  1.0367e-04, -1.1736e-04,  0.0000e+00,  0.0000e+00],
          [ 0.0000e+00,  0.0000e+00,  0.0000e+00, -1.4854e-04,  0.0000e+00],
          [-1.7401e-04,  1.0245e-04,  0.0000e+00,  1.5190e-04,  1.5360e-04],
          [ 0.0000e+00,  0.0000e+00,  0.0000e+00,  0.0000e+00,  0.0000e+00],
          [ 0.0000e+00, -1.1336e-04, -1.1168e-04, -1.1172e-04,  0.0000e+00]]]],
       device='cuda:0', requires_grad=True)conv2.biasParameter containing:
tensor([-0.0028, -0.0055,  0.0004, -0.0025, -0.0062, -0.0038, -0.0057, -0.0023,
        -0.0017, -0.0076, -0.0120, -0.0021, -0.0048, -0.0027,  0.0110, -0.0562,
        -0.0415, -0.0029, -0.0054, -0.0025, -0.1200, -0.1601, -0.0094, -0.0168,
        -0.1407, -0.0052, -0.0030, -0.0040, -0.0238, -0.0026, -0.0020, -0.0260,
        -0.0141, -0.0027, -0.0031, -0.0107, -0.0027, -0.1010, -0.0024, -0.1105,
        -0.0029, -0.0020, -0.0039, -0.0037, -0.0438, -0.0030, -0.0019,  0.0122,
        -0.0056, -0.1056], device='cuda:0', requires_grad=True)fc1.weightParameter containing:
tensor([[ 0.0000,  0.0000,  0.0000,  ..., -0.0136,  0.0831, -0.0007],
        [ 0.0000,  0.0000,  0.0000,  ...,  0.0179,  0.0182, -0.0097],
        [ 0.0000,  0.0000,  0.0000,  ...,  0.0000,  0.0000,  0.0000],
        ...,
        [ 0.0000,  0.0000,  0.0000,  ..., -0.0017, -0.0127, -0.0307],
        [ 0.0000,  0.0000,  0.0000,  ..., -0.0003, -0.0003, -0.0004],
        [ 0.0000,  0.0000,  0.0000,  ...,  0.0086,  0.0083,  0.0159]],
       requires_grad=True)fc1.biasParameter containing:
tensor([-1.4494e-02,  1.5308e-03,  1.1352e-41, -1.0872e-02,  1.7342e-02,
        -4.6362e-03, -3.3489e-12, -2.1419e-10, -3.2527e-03,  2.1529e-34,
         7.5104e-03,  7.0934e-03,  3.0674e-04, -1.4312e-10,  4.2889e-02,
         4.5278e-03, -3.2180e-03,  9.8862e-04,  3.6632e-03,  1.7286e-02,
         1.8711e-33,  1.5783e-35,  1.3348e-02, -5.1458e-04,  1.4108e-03,
         1.7548e-02, -6.8441e-13,  1.7583e-02, -7.3703e-04, -8.6310e-03,
        -2.4961e-02,  4.1788e-41,  9.9339e-03, -1.1398e-41,  1.7816e-02,
        -2.4895e-09, -1.2201e-41,  1.3760e-02,  1.5729e-02,  2.3916e-02,
         1.1622e-02, -5.8018e-03, -7.8094e-04, -3.7765e-42,  1.1653e-03,
        -5.0314e-03,  5.4570e-03, -8.5862e-04, -1.7481e-05,  3.5233e-37,
        -6.6857e-03,  5.2618e-03, -1.2617e-41, -2.9389e-03,  2.8688e-03,
         4.5741e-02, -8.6538e-03,  2.4445e-02,  2.7910e-36,  2.3925e-03,
        -1.3791e-03,  6.3171e-42, -4.7504e-05,  8.5794e-03,  2.0619e-02,
        -1.2712e-02,  6.1377e-42, -1.3628e-03,  3.1744e-02,  1.8601e-02,
        -5.3530e-42,  1.3787e-02,  6.6393e-03, -1.6889e-02, -8.4638e-03,
         1.1925e-02,  4.1860e-03, -1.0623e-13,  2.8733e-02, -2.5980e-10,
        -6.5125e-26,  1.4875e-10,  4.2135e-03,  2.9244e-03, -1.3889e-02,
        -3.6797e-14,  1.9447e-02, -4.2174e-03,  9.2112e-03, -3.5735e-06,
         5.9440e-02,  1.6662e-02, -6.5276e-19,  1.4013e-02, -6.1147e-03,
        -1.6325e-03,  2.2934e-30, -1.6901e-04, -5.9398e-31, -7.4785e-03,
        -2.4434e-02, -2.9585e-03, -2.1321e-03, -4.8051e-42,  5.1460e-04,
        -2.5859e-07, -9.3606e-15, -4.8982e-29, -1.2431e-02,  4.0798e-03,
        -1.1495e-02, -1.7655e-02,  2.6789e-02, -5.1420e-15, -3.0480e-02,
        -1.0354e-41,  1.4614e-02, -3.2887e-03, -1.9423e-02, -1.4909e-02,
        -1.8369e-11,  1.2217e-02, -1.0351e-07, -9.0733e-07,  1.8070e-02,
        -1.2341e-22,  7.2751e-04,  3.5449e-04,  1.5177e-02, -9.8371e-43,
         1.7915e-11, -5.3282e-17,  3.9410e-29, -5.1497e-03,  1.0722e-03,
         3.6562e-02,  1.2737e-02, -1.7864e-20,  1.5112e-02,  2.0454e-02,
         3.8453e-02, -9.7950e-19,  6.8028e-03, -2.6170e-05,  3.0035e-02,
         3.9626e-02, -3.6065e-03, -2.0457e-03,  3.3521e-02,  1.1310e-02,
        -1.2853e-17, -3.1724e-37,  1.2276e-03,  4.1019e-22, -1.0043e-04,
         1.7895e-02, -7.8244e-09, -5.7561e-17, -7.7565e-15,  1.6072e-36,
        -5.9652e-24, -1.2396e-05, -6.0742e-14,  2.7965e-02,  3.1738e-02,
        -2.2576e-03, -1.0977e-16,  3.4261e-02, -2.9940e-22,  2.7619e-19,
         1.8961e-02, -6.3394e-03, -1.4860e-17,  2.1831e-03,  1.8289e-02,
        -3.2572e-03, -4.5121e-03, -2.7861e-09,  1.4986e-02, -5.5130e-03,
        -3.7719e-03, -1.3940e-25,  1.0866e-02,  7.5198e-03, -3.8872e-04,
        -8.0154e-43, -4.7567e-03,  1.1251e-02, -1.1369e-10,  1.3991e-02,
        -1.2796e-03, -2.0581e-02,  8.4667e-03, -2.2324e-03, -4.9526e-03,
         2.3830e-02, -1.1025e-41, -4.6144e-13,  6.7931e-03, -5.7211e-10,
         1.1394e-02, -2.0047e-04,  4.3148e-04,  1.6033e-02,  1.8585e-02,
        -1.7014e-04,  1.6545e-02, -1.8443e-09,  1.0397e-02, -7.4498e-10,
         9.5989e-43, -1.5123e-12, -7.0778e-04, -1.2442e-02,  1.6929e-02,
         4.9574e-02,  3.7798e-03, -1.1524e-02, -1.3214e-03, -1.5473e-12,
        -2.7756e-02, -6.8018e-08, -1.9972e-05, -5.8963e-03,  2.0575e-02,
        -1.0650e-05, -1.8992e-21, -6.4251e-04, -5.4326e-16,  1.1041e-27,
         2.2306e-02, -1.0532e-41, -2.9869e-22, -2.6973e-22, -1.0449e-28,
        -5.7257e-03,  2.4884e-02, -3.2042e-07,  1.7938e-02, -8.5953e-03,
        -3.3729e-13,  5.3533e-03, -2.2813e-03,  1.0721e-02,  1.3871e-02,
         1.4820e-03, -4.6190e-03,  8.6132e-04, -6.9395e-03, -4.4358e-03,
        -6.9086e-03, -9.5961e-42,  1.4163e-03,  2.3221e-03,  1.5182e-02,
        -2.0594e-02, -2.8744e-21,  3.4467e-34,  6.6291e-03, -4.8540e-03,
        -6.9140e-42, -6.4258e-12,  6.1603e-03,  4.3121e-03,  5.8400e-04,
        -1.2381e-09,  1.8115e-02, -1.9411e-07, -2.2575e-42, -7.0945e-10,
        -2.5361e-03, -2.5052e-06, -6.2093e-03, -1.2206e-02,  2.4945e-02,
         4.5711e-03, -6.1794e-04,  1.4946e-19, -1.0219e-02, -1.8794e-02,
        -8.9461e-17,  2.1607e-02,  3.0390e-03, -1.0037e-02, -2.8634e-09,
         1.8041e-28,  6.9701e-42,  4.4948e-03,  1.0526e-02,  1.1538e-02,
        -8.3742e-03, -1.0302e-41, -5.8851e-04, -6.8150e-22, -2.2658e-13,
         2.9212e-02,  5.0854e-03, -1.3482e-03,  1.7605e-02, -6.2558e-13,
        -2.0946e-03, -4.7304e-04, -1.7717e-02, -7.6258e-05,  3.5702e-35,
        -1.8967e-04,  4.5670e-03, -5.2340e-19,  6.9233e-03, -3.1435e-19,
        -3.6741e-03, -7.7780e-03,  1.0904e-02, -8.8464e-41, -6.0627e-03,
         1.5641e-02,  4.0812e-27,  5.0323e-03, -8.2176e-04,  8.8524e-03,
         3.5417e-02, -4.7083e-03, -5.5410e-06, -1.4095e-02,  2.5673e-02,
         5.4701e-35,  5.9779e-03,  3.9424e-03, -3.0671e-03,  3.8392e-02,
         1.3010e-41,  7.4745e-42,  1.9100e-42,  3.5330e-03,  4.8083e-02,
        -7.0603e-04, -1.7090e-32,  6.0041e-03, -8.8702e-43,  1.5670e-02,
         4.1763e-02, -3.3839e-07,  9.9385e-03, -3.3718e-05, -5.0559e-42,
        -2.1972e-03,  3.0714e-02, -1.3282e-20,  4.2296e-03,  8.0944e-03,
        -1.2705e-02, -1.1143e-41, -1.2593e-36,  5.6400e-03, -7.3975e-42,
         1.4816e-02,  4.4045e-04,  1.4884e-02, -1.9298e-13,  1.3244e-02,
        -1.3394e-03,  1.2312e-02, -1.2893e-41, -1.4009e-02, -1.1900e-09,
        -1.0747e-19, -1.0572e-32, -8.2892e-15,  1.9519e-02, -2.8475e-08,
         3.3278e-02,  2.8556e-02, -1.2873e-02, -2.3444e-42, -2.5020e-03,
        -1.7691e-02, -1.8782e-04, -4.3441e-02, -1.6248e-05,  1.2007e-03,
        -7.3822e-25,  9.8361e-41, -1.5193e-02, -3.0353e-03, -1.5518e-02,
        -5.1034e-05, -1.2194e-41,  2.8333e-02,  1.4802e-02,  1.1334e-02,
        -8.7044e-04,  3.0696e-03,  8.8304e-03,  1.9500e-03, -6.6627e-08,
         2.1934e-03,  2.0879e-02, -8.1362e-03, -9.8071e-03,  3.2401e-02,
        -4.1389e-04,  7.2940e-03,  2.6693e-02,  4.0922e-02, -2.2262e-39,
        -2.9799e-04,  1.0393e-03, -3.2048e-03,  1.5696e-03,  1.0248e-38,
         7.1060e-42, -8.7312e-06,  4.2792e-03, -7.0713e-03,  8.5927e-03,
         1.4520e-02,  6.3352e-03, -2.1478e-09, -3.3030e-11,  1.7421e-02,
         2.2647e-02,  2.2867e-02, -7.3757e-04,  1.5558e-02, -6.0533e-03,
         1.6650e-02, -1.3146e-03, -5.4015e-03, -6.6573e-03, -1.1817e-02,
        -8.3209e-42, -2.1487e-04, -1.0790e-04,  1.2215e-03, -1.0315e-02,
        -8.2045e-20, -3.0952e-18, -1.7447e-08,  1.9621e-02, -7.6859e-03,
         4.5160e-03,  5.1638e-42,  4.7552e-02, -7.3890e-03,  1.0294e-03,
         8.5759e-43,  1.1161e-02, -1.6553e-34,  5.1480e-04, -2.7223e-30,
        -7.5291e-03,  1.6286e-02, -3.4386e-09, -2.0925e-02,  3.6393e-03,
         1.6749e-02,  2.8910e-02, -2.5765e-19,  1.0276e-41,  3.0715e-02,
         2.8107e-03, -5.1005e-03,  8.8735e-04, -8.1165e-03,  1.5271e-41,
        -5.7121e-13,  2.4072e-04, -1.7113e-10,  7.1853e-03, -8.8365e-23,
         1.5022e-02, -1.3497e-02, -3.0616e-21, -1.5596e-02,  3.0791e-03,
        -5.8010e-04,  1.0132e-02,  4.3360e-02,  7.6129e-03, -5.5001e-32,
        -1.4904e-29, -6.4382e-31, -1.0543e-06, -2.5561e-03,  1.2418e-02,
        -1.5344e-04, -1.9882e-04, -1.0522e-05, -1.1852e-41,  1.1277e-20,
        -6.0326e-04,  6.9090e-06,  4.1152e-03, -2.0627e-42, -2.1523e-28,
        -1.8770e-23, -5.7993e-04,  9.6760e-04, -1.3586e-03, -7.1123e-03],
       device='cuda:0', requires_grad=True)fc2.weightParameter containing:
tensor([[-4.3102e-02,  8.2422e-02,  0.0000e+00,  ...,  5.2550e-02,
          1.7024e-02, -2.4157e-02],
        [ 3.7978e-02, -1.6309e-01,  0.0000e+00,  ..., -1.6847e-01,
          1.0961e-02, -1.6392e-02],
        [ 5.4648e-02, -6.0033e-02,  0.0000e+00,  ...,  2.0162e-03,
         -1.5466e-02, -2.8707e-02],
        ...,
        [-2.6073e-02, -6.7803e-02,  0.0000e+00,  ..., -6.5558e-03,
          1.7471e-04,  7.8162e-02],
        [-3.7681e-01, -4.9896e-02,  0.0000e+00,  ..., -9.6223e-02,
          1.0030e-02,  6.4316e-02],
        [ 1.2567e-01,  1.4304e-01,  0.0000e+00,  ..., -1.4325e-01,
          7.2037e-03,  6.3683e-02]], requires_grad=True)fc2.biasParameter containing:
tensor([-0.0196, -0.0282, -0.0242, -0.0504, -0.0217,  0.0212, -0.0217, -0.0383,
         0.1390, -0.0189], device='cuda:0', requires_grad=True)