conv1.weightParameter containing:
tensor([[[[-7.4064e-05,  1.1984e-04, -1.8949e-04,  2.8871e-05, -1.3277e-04],
          [ 6.7221e-05, -2.5565e-04, -8.8535e-05,  1.3488e-04,  6.3107e-05],
          [-8.8055e-05, -4.1055e-05, -6.8759e-05, -4.6369e-05,  2.3727e-05],
          [ 9.2672e-05,  7.3327e-05, -6.8535e-05,  4.7646e-05,  2.3982e-04],
          [ 2.4058e-04,  7.2966e-05,  9.8512e-05, -9.4909e-05, -7.7327e-05]]],


        [[[-7.7549e-06, -2.6911e-06,  1.3364e-04,  1.9527e-04,  9.0118e-06],
          [-5.5053e-05, -6.6518e-05, -3.4588e-05, -1.1481e-04, -1.7701e-04],
          [ 4.5993e-06,  5.3696e-05,  2.4799e-04,  8.8852e-06,  1.5159e-05],
          [ 5.5330e-05,  2.0687e-04,  4.0961e-05, -1.8787e-04,  1.2113e-04],
          [-1.9420e-04,  7.8189e-05,  1.0335e-04, -2.2570e-04, -8.5779e-06]]],


        [[[-1.5091e-04,  3.4095e-05,  1.2438e-04, -8.4334e-05,  3.4625e-05],
          [-1.1345e-05,  1.5377e-04,  1.5365e-04,  3.3741e-05,  7.2130e-05],
          [-1.4169e-05,  3.1277e-06, -1.0403e-05,  2.9272e-06,  1.4877e-04],
          [-6.5819e-05,  7.8136e-05,  1.3674e-05, -7.3025e-05, -2.2175e-04],
          [ 1.1123e-04,  3.5889e-05,  5.8862e-05, -1.2458e-04, -1.2953e-04]]],


        [[[-1.5779e-04,  2.2928e-04, -1.8472e-04,  7.6902e-04, -2.0226e-04],
          [ 6.9529e-04,  2.1539e-04,  2.7361e-03,  3.0755e-03,  1.8719e-03],
          [ 2.4332e-04,  1.9692e-01,  8.5650e-01,  5.4703e-01,  4.9690e-05],
          [ 3.8821e-02,  1.1846e+00,  1.6440e+00,  7.3556e-01,  1.2826e-04],
          [ 2.5550e-04,  4.0263e-01,  3.6288e-01,  8.2721e-04, -2.4342e-04]]],


        [[[-1.3095e-04, -6.3971e-05, -2.7943e-05, -5.8049e-06,  1.0032e-04],
          [-3.0399e-06,  3.6362e-05, -1.1119e-04,  8.1103e-05, -9.4680e-05],
          [ 2.0008e-05, -1.1075e-04,  1.3605e-04, -2.0923e-06, -6.6032e-05],
          [ 9.7076e-05,  1.6539e-05,  1.0115e-05, -9.0651e-06,  8.2653e-05],
          [ 1.9637e-05,  4.0775e-05, -3.9466e-05, -5.4798e-05, -4.8834e-05]]],


        [[[-6.7477e-05,  8.4549e-05,  2.9161e-04, -3.1508e-05, -2.8819e-05],
          [-4.7500e-07, -1.3877e-04,  9.5522e-05, -2.6643e-04,  2.3472e-05],
          [ 9.4433e-05, -3.5913e-06, -3.3948e-05,  7.0967e-05, -9.4535e-05],
          [-2.3206e-05, -2.9569e-04,  1.1096e-04, -1.4804e-04,  7.2795e-05],
          [ 2.7367e-05,  2.7909e-05, -4.0809e-05, -3.7592e-05, -8.2982e-05]]],


        [[[-1.7919e-04, -1.0444e-04,  2.7608e-05,  9.5781e-05,  4.5542e-05],
          [-5.7031e-05, -1.7571e-05, -9.1582e-05,  5.8470e-05,  2.0748e-05],
          [-6.9552e-05,  2.1042e-04,  8.4955e-05,  2.9541e-05, -9.4133e-05],
          [ 7.6948e-06, -6.6890e-05, -6.4713e-05, -2.0220e-05, -8.6965e-05],
          [ 2.0494e-05, -7.0756e-05,  2.2931e-05,  6.5492e-06,  3.1992e-05]]],


        [[[-1.8615e-04, -1.4484e-04, -1.4373e-04, -1.9744e-05, -8.6674e-05],
          [-2.1027e-05,  3.2105e-06,  3.4308e-06, -3.1805e-06,  1.9830e-04],
          [ 1.8736e-05,  5.9073e-05, -4.1338e-05, -3.7137e-05, -3.2580e-05],
          [-4.2502e-05,  5.6764e-05, -4.1714e-05, -1.3524e-04, -8.1354e-05],
          [-4.9126e-05,  8.6924e-05,  2.6839e-05, -1.7684e-04, -6.5942e-05]]],


        [[[ 9.2317e-05,  8.2114e-05, -4.4813e-05,  1.4039e-04,  1.8289e-05],
          [ 1.3395e-04, -8.2760e-05,  1.1991e-04,  3.1203e-05, -1.8804e-04],
          [-2.9391e-04,  1.3361e-04, -8.1091e-05, -4.6438e-05, -1.0621e-04],
          [-6.5827e-05, -1.1986e-04, -1.1436e-04, -7.6031e-06,  1.1977e-04],
          [-1.1810e-04, -5.3739e-06, -2.9564e-07, -1.6864e-05,  3.3822e-05]]],


        [[[ 2.2394e-05,  4.6211e-05,  1.0310e-04, -4.5164e-05, -1.2501e-04],
          [ 1.3291e-04, -8.6967e-05, -9.2519e-05, -1.8444e-04, -2.1020e-04],
          [ 8.8577e-05, -2.1150e-04,  4.1828e-05, -1.8667e-05,  2.1031e-04],
          [-9.1833e-05,  2.3377e-05, -1.5875e-05, -4.6135e-05,  2.8569e-05],
          [-3.4713e-06,  4.0745e-05, -2.5460e-04,  6.5448e-06, -1.0500e-04]]],


        [[[-1.6126e-04, -1.9947e-06, -3.3714e-05, -6.5848e-05,  1.5131e-04],
          [ 1.1180e-04, -9.0603e-05,  4.5414e-05,  1.6480e-05, -3.2894e-04],
          [ 1.4981e-04, -1.3712e-04,  2.4784e-05, -4.3441e-05,  1.2980e-04],
          [-2.0384e-04,  1.6367e-05, -2.2190e-04, -2.4324e-05,  4.3546e-05],
          [ 3.4209e-05,  1.1238e-04,  1.8987e-05,  2.1212e-04,  3.0735e-05]]],


        [[[-1.3732e-05,  1.7551e-04,  5.2198e-05, -1.0221e-05, -2.2848e-05],
          [-9.5884e-05, -9.8195e-05, -7.7920e-05,  1.5502e-04,  1.9344e-04],
          [-5.5839e-05,  9.2106e-05,  9.6924e-05, -2.8925e-04, -1.9369e-04],
          [ 1.0220e-04, -7.8939e-05, -1.8295e-05, -1.8980e-06, -9.5902e-05],
          [-2.9076e-05, -2.5369e-04, -1.0276e-04,  3.8516e-05,  3.9484e-06]]],


        [[[-5.1484e-05,  8.9696e-05, -1.2078e-04, -6.7696e-05, -1.1272e-04],
          [-3.9000e-05, -6.9109e-05, -6.1415e-05, -3.6243e-05,  1.0100e-04],
          [ 4.5403e-05,  8.8625e-05, -8.3599e-06,  3.7855e-05, -1.0038e-04],
          [-3.7258e-05,  2.9056e-05, -6.0825e-05,  2.6210e-04, -1.6137e-04],
          [-3.0571e-05, -7.4555e-05, -3.7630e-05, -6.1845e-05,  7.9324e-05]]],


        [[[ 1.6499e-04, -2.7240e-05,  1.1234e-05,  3.0053e-05,  2.1098e-05],
          [ 4.3965e-05, -1.4346e-04,  5.3783e-05, -5.2108e-05,  2.1784e-05],
          [ 7.8868e-05,  4.3053e-05,  7.3595e-05,  1.6456e-04, -1.3577e-04],
          [ 1.9902e-05, -8.3872e-05, -2.0360e-04,  5.1769e-05, -2.2699e-05],
          [ 1.5466e-04,  1.8212e-04,  4.6275e-05,  2.3540e-05, -1.5027e-06]]],


        [[[-3.8350e-05,  3.7055e-05, -1.6010e-05, -5.9166e-05, -1.1943e-04],
          [ 1.1463e-05, -1.7469e-04,  5.5974e-05, -3.8624e-05,  9.9723e-05],
          [ 3.8838e-05, -5.4046e-05, -8.0248e-05, -1.7311e-04,  7.9456e-05],
          [ 1.3109e-05, -4.4913e-06, -8.4335e-05, -4.5213e-05, -2.5467e-05],
          [-6.5929e-05,  1.5429e-04,  4.8305e-05,  6.8885e-06, -1.2688e-04]]],


        [[[ 5.6206e-05,  1.5845e-04, -4.9403e-05, -4.3495e-05,  7.6050e-05],
          [-4.3545e-05,  2.2978e-05,  3.0511e-05,  1.5655e-04,  1.5798e-04],
          [-9.4499e-05, -4.8156e-05,  1.1862e-04,  7.8061e-05, -1.5749e-04],
          [-2.6624e-04,  6.2001e-05,  7.9730e-05,  6.4230e-05, -2.0002e-04],
          [-1.4727e-04,  1.6779e-04,  1.6478e-04,  1.6270e-04,  5.2257e-05]]],


        [[[-6.7862e-05, -2.1031e-04, -2.2623e-05, -1.7902e-05,  1.2121e-04],
          [ 5.1010e-05, -2.8664e-05,  6.9916e-05,  1.4072e-04,  3.5042e-05],
          [ 2.1686e-05, -2.2321e-05,  1.0392e-04,  1.1943e-04,  7.5550e-05],
          [ 2.3609e-05, -7.1723e-05, -4.1604e-05,  7.0023e-05,  1.0429e-04],
          [-2.1048e-04, -1.6362e-04, -1.2891e-04, -7.1709e-05,  1.7746e-04]]],


        [[[-3.2683e-06,  3.8942e-05,  1.1182e-04, -1.1847e-04,  1.2815e-04],
          [-1.1092e-04, -3.0167e-05, -9.7925e-06,  1.2199e-04, -3.2166e-04],
          [ 2.8091e-05,  1.3139e-04, -6.8624e-05, -9.7240e-05, -2.6504e-04],
          [-2.0815e-05,  6.9482e-05, -5.2860e-05,  2.3612e-06, -3.4281e-05],
          [-2.7635e-04, -1.5729e-04,  7.0182e-05, -2.4068e-05,  1.3743e-04]]],


        [[[-3.8052e-05,  2.5853e-05,  6.3016e-05, -8.7112e-05, -2.1379e-04],
          [-8.6835e-07, -3.8030e-05, -1.7476e-04, -3.2900e-05, -2.8832e-05],
          [ 5.5632e-05, -3.6980e-05, -8.5916e-05,  4.7484e-05,  4.5719e-05],
          [-5.6541e-05,  3.4632e-05,  6.9226e-05,  8.8094e-05, -2.7020e-05],
          [ 1.2331e-04, -7.8877e-05, -6.7967e-06, -3.1621e-05, -1.5369e-05]]],


        [[[-8.5407e-05, -7.4617e-06,  6.7961e-05, -7.8336e-05,  1.4614e-04],
          [-1.4572e-04,  1.2652e-05, -6.8388e-05,  2.9444e-05,  2.1203e-04],
          [-6.0246e-05, -2.7832e-05, -5.9455e-05, -2.6017e-05,  6.9714e-05],
          [ 3.2676e-06, -2.1272e-04, -1.7394e-04, -2.0499e-04, -3.9711e-07],
          [ 1.5897e-04,  1.1528e-04,  1.6709e-05,  1.2206e-04,  7.4465e-06]]]],
       device='cuda:0', requires_grad=True)conv1.biasParameter containing:
tensor([-0.0011,  0.0078,  0.0446,  0.0013, -0.0008, -0.0007,  0.0827, -0.0007,
        -0.0236,  0.0576, -0.0003,  0.0709,  0.0651,  0.0644,  0.0410, -0.0008,
        -0.0007,  0.0781, -0.0010, -0.0009], device='cuda:0',
       requires_grad=True)conv2.weightParameter containing:
tensor([[[[ 3.4832e-05,  1.7961e-05, -1.0233e-04,  4.6048e-05, -9.5399e-05],
          [ 1.8506e-04,  5.5233e-05,  1.2857e-04, -8.8899e-06, -9.9269e-05],
          [-5.0916e-05,  4.9096e-07,  3.9764e-06, -1.4598e-06, -8.1060e-05],
          [ 2.1486e-04, -3.9676e-05, -1.6382e-04,  4.8077e-05, -8.2967e-05],
          [-1.2089e-04,  1.7917e-04,  2.1498e-05,  1.2029e-04,  7.5491e-06]],

         [[-3.1456e-05, -2.7900e-05, -2.8241e-05, -4.6250e-05,  9.2226e-05],
          [ 1.1383e-04,  5.1636e-05,  6.2790e-05, -2.7858e-05,  5.6077e-06],
          [ 3.1767e-05,  3.8079e-05,  2.3057e-05, -1.0012e-04,  1.7032e-04],
          [-7.7718e-05,  5.2650e-05,  2.8414e-05, -7.8766e-05,  1.4561e-04],
          [-6.4289e-05, -7.4979e-05,  9.7743e-05, -6.9159e-06, -2.7750e-05]],

         [[-4.3754e-05,  1.2257e-04, -7.1635e-06,  3.2803e-06,  3.8417e-05],
          [-1.1536e-04,  6.3690e-06,  8.7395e-05,  5.5789e-05,  4.1207e-05],
          [-4.1283e-06, -1.7963e-05,  1.4264e-04, -3.8911e-06,  1.8093e-04],
          [ 5.7500e-05, -2.3411e-05, -3.7943e-05,  3.4084e-05,  2.2609e-05],
          [-4.4840e-05, -1.1293e-04, -3.2149e-05,  2.4355e-05,  1.1552e-05]],

         ...,

         [[ 9.8863e-05, -2.9220e-05, -1.0177e-05, -4.3912e-05,  9.7829e-05],
          [ 8.8718e-05, -5.5751e-05, -1.2018e-04, -6.2364e-05, -4.1301e-05],
          [ 3.3025e-05,  9.5195e-05, -8.1595e-05,  6.1212e-05, -8.0877e-05],
          [ 1.3306e-04, -1.3057e-05, -3.6164e-05,  2.0874e-05,  1.2297e-04],
          [ 5.9618e-05,  9.5839e-05,  1.0813e-04,  1.8823e-05,  1.7898e-04]],

         [[ 5.2930e-05,  8.0783e-05, -4.3844e-05,  5.7234e-05, -3.9289e-05],
          [ 2.0846e-04,  4.3310e-05, -7.5753e-05,  7.9101e-05, -1.6316e-04],
          [ 4.3957e-05, -7.0186e-05, -2.9510e-05,  2.9520e-05,  1.3564e-04],
          [ 2.2095e-05, -1.6832e-05, -5.6914e-05,  6.0736e-05,  8.2258e-05],
          [-2.0032e-05,  7.5666e-05, -4.3073e-05,  6.4197e-05,  1.0180e-04]],

         [[ 6.4492e-05, -4.9839e-05,  3.1478e-05, -3.8183e-05, -1.0416e-05],
          [ 6.4493e-05,  6.0481e-05, -2.6446e-05,  5.7552e-05,  3.8010e-05],
          [-9.2309e-05,  1.2805e-04,  1.9364e-05, -2.0372e-05,  1.0040e-04],
          [ 5.2756e-05,  4.1298e-05,  8.5606e-05, -2.4113e-04,  6.6422e-05],
          [-8.8072e-05,  1.6937e-04, -5.4445e-06,  7.2961e-05,  2.2101e-05]]],


        [[[ 1.0981e-04, -7.9615e-05, -4.6314e-05, -3.5218e-05,  2.1870e-05],
          [ 5.9552e-05, -1.6675e-05, -8.1462e-05, -5.0084e-05,  5.8042e-05],
          [-1.6663e-04,  8.6980e-05, -1.9111e-05, -8.4860e-05, -1.4598e-05],
          [ 3.3129e-05, -5.2295e-05, -1.0370e-04,  1.0530e-04, -2.9770e-05],
          [ 3.7537e-05,  1.2016e-04, -3.6307e-05, -7.7217e-05, -1.5121e-05]],

         [[ 5.4565e-05, -8.5348e-05,  9.3361e-05,  6.0541e-05,  4.5330e-05],
          [-1.4882e-04,  3.1343e-05, -1.0867e-05,  9.4462e-05,  4.2653e-05],
          [-5.3995e-05, -5.0814e-05,  5.1554e-05,  9.9901e-05,  1.0133e-04],
          [ 3.3953e-05, -2.8281e-05,  2.5719e-04,  4.7648e-05,  5.8662e-05],
          [ 2.9071e-05,  6.3402e-06,  1.3664e-05, -6.8354e-05, -1.7580e-04]],

         [[ 4.3859e-05, -8.3850e-05,  1.1643e-04, -9.5297e-05, -1.0607e-04],
          [ 7.1890e-05,  6.3067e-05, -7.2998e-05,  8.0463e-05, -3.1339e-05],
          [-1.4922e-05, -1.1438e-04, -4.9267e-05,  2.2503e-05, -4.6179e-06],
          [-1.6936e-05,  1.8379e-04,  2.2645e-05,  7.1793e-05,  2.5468e-05],
          [-1.0813e-04, -1.2182e-04,  2.7164e-05, -2.9498e-05,  1.8991e-05]],

         ...,

         [[ 3.2169e-05, -6.4647e-05, -9.8687e-05, -1.9827e-05, -5.1031e-05],
          [-2.0215e-05, -8.2898e-05, -3.7224e-05,  4.1485e-05,  6.5030e-05],
          [ 1.8963e-05, -2.5463e-05, -3.5880e-06, -1.6655e-04, -1.1618e-06],
          [-6.6518e-05, -1.2211e-04,  5.5443e-05,  1.3895e-04, -2.5331e-04],
          [ 1.6574e-05,  5.9549e-05, -1.4366e-04,  4.4797e-05, -6.7902e-05]],

         [[-2.7817e-05, -5.2414e-05, -5.7804e-05, -1.7921e-05,  5.5665e-05],
          [-4.5850e-05,  6.5753e-05,  7.7089e-05, -2.7657e-05, -9.0198e-05],
          [ 7.7113e-05, -2.8097e-05, -4.6447e-05,  3.5193e-05, -1.2590e-04],
          [-1.1774e-04, -4.6965e-05,  4.6584e-05, -8.8070e-06, -1.2817e-05],
          [ 5.7145e-05,  1.0439e-04, -6.4498e-05,  8.6632e-05, -1.0761e-04]],

         [[ 1.1879e-04, -1.2911e-04, -3.4163e-05,  8.9854e-05, -2.0862e-05],
          [-1.1019e-04,  8.9564e-05, -7.6966e-05, -9.4523e-05,  1.0231e-04],
          [-1.0810e-04, -6.7405e-05, -6.3580e-05,  8.9721e-05,  8.2630e-05],
          [ 6.9824e-05,  1.6607e-05, -1.0553e-04,  5.3763e-05,  1.5619e-05],
          [-2.4556e-04,  2.4405e-05,  5.7332e-05, -9.1801e-05, -2.4555e-04]]],


        [[[ 1.4229e-05,  1.6568e-04,  1.1315e-04,  1.1371e-04, -9.3718e-05],
          [-1.3283e-04, -3.9881e-05, -7.3008e-05, -4.3396e-05,  1.0497e-05],
          [-2.5764e-05,  8.8168e-07,  7.5171e-05,  4.9878e-05,  4.2656e-05],
          [ 1.2035e-04, -1.7693e-05,  1.4445e-05,  3.2789e-05,  1.2125e-05],
          [-1.0175e-04,  5.7289e-05,  2.6782e-05,  1.1481e-04,  3.5211e-05]],

         [[ 5.0357e-05,  1.4332e-04, -1.0541e-04, -1.4320e-04,  5.7249e-05],
          [-2.6355e-05, -5.4303e-05, -1.7307e-05, -9.9750e-06,  6.2967e-06],
          [ 1.7215e-04, -4.3507e-05, -9.1136e-05,  3.6251e-05,  1.1994e-04],
          [-1.3949e-05,  1.5261e-04, -1.3941e-04, -1.0726e-04,  8.7244e-07],
          [-9.1130e-05, -2.4928e-05,  1.8131e-04,  7.2008e-05, -7.4300e-05]],

         [[ 1.0695e-04, -4.9081e-05, -5.6429e-05,  1.0463e-04,  1.6683e-05],
          [-1.3835e-04, -1.3164e-05, -3.2739e-05, -9.5759e-05,  1.1310e-04],
          [-2.2771e-04,  1.5967e-04, -1.4050e-04,  5.0275e-05,  5.2988e-05],
          [ 4.5514e-05, -3.4724e-05, -3.8687e-06,  8.9058e-05,  1.3551e-05],
          [-1.1591e-04,  2.4773e-04,  6.4235e-05, -5.2836e-05,  1.0462e-04]],

         ...,

         [[ 2.7263e-05, -7.7169e-05, -3.6605e-05, -4.8632e-05, -2.6974e-05],
          [-1.8278e-05, -1.6171e-04, -1.6165e-04,  2.9131e-05,  9.2792e-05],
          [-7.3596e-05, -1.8590e-04, -3.4335e-05,  1.7080e-04, -2.0674e-04],
          [ 2.0283e-04,  4.2719e-05, -4.9774e-05, -6.1542e-05,  2.9756e-05],
          [-4.9785e-05, -1.6946e-05,  4.9864e-05,  1.0207e-04, -4.2718e-07]],

         [[-1.7093e-05,  2.4326e-05, -6.6528e-05,  1.0881e-04, -5.7706e-06],
          [-1.6616e-05, -1.2420e-04,  7.8858e-05,  2.7374e-05,  3.3743e-05],
          [ 1.5205e-04,  7.8051e-05,  1.3583e-05, -2.6777e-04, -5.9053e-05],
          [ 1.0006e-04,  1.2385e-04, -2.3412e-05,  2.6765e-04,  7.3127e-05],
          [-1.0716e-04,  5.6881e-05,  1.3632e-04,  2.4791e-06,  1.2255e-04]],

         [[-1.1444e-04,  1.6836e-04,  1.1409e-04,  3.5909e-05, -1.5838e-04],
          [-1.4781e-04, -4.1079e-05,  4.7873e-05,  1.4876e-04,  2.8542e-05],
          [ 6.1181e-05,  1.0230e-05, -7.8851e-06,  1.5459e-04, -1.0384e-05],
          [-9.3146e-05,  2.3164e-05, -5.3152e-05,  2.8324e-05,  1.2041e-04],
          [-1.4911e-07,  3.0980e-06, -1.2850e-04,  6.9015e-06, -2.0231e-05]]],


        ...,


        [[[ 5.4351e-05,  1.0528e-04,  1.2000e-04, -2.8873e-05, -7.1418e-06],
          [-6.0668e-05,  1.7079e-04,  1.3127e-04,  1.2088e-05,  5.6752e-05],
          [ 1.2067e-04, -3.8961e-05,  2.9714e-06,  3.7941e-05,  1.2008e-04],
          [-1.3090e-05, -2.4767e-06, -3.0866e-05, -6.0587e-05, -1.1220e-04],
          [ 7.4134e-05,  2.1311e-05, -3.1868e-05,  6.0138e-05, -1.6025e-04]],

         [[-3.0877e-05,  1.5539e-04,  9.7643e-05,  1.5134e-04, -7.1441e-05],
          [ 2.1363e-05, -9.5594e-05,  9.9565e-05,  8.5687e-05, -1.1554e-04],
          [ 1.0009e-04, -9.9158e-05,  1.4826e-05, -1.8709e-04,  1.7202e-05],
          [ 1.9004e-04,  8.8372e-05,  1.6860e-06,  8.6128e-06,  8.5683e-05],
          [ 7.1997e-05,  5.4658e-05, -2.2072e-05, -7.6353e-05,  2.4080e-05]],

         [[ 3.8397e-05, -1.5511e-04, -1.6334e-04, -7.3499e-05, -8.6101e-05],
          [ 4.1204e-07, -6.9863e-06, -7.2366e-05, -5.8219e-06, -6.6650e-05],
          [-7.3362e-05,  1.1850e-04, -1.7314e-05, -8.5278e-05, -3.0334e-06],
          [-2.8716e-05, -2.0620e-04, -3.1849e-05, -6.6160e-06, -1.5553e-04],
          [ 7.3969e-05,  1.2895e-04,  5.4812e-05, -7.7289e-05,  1.3063e-04]],

         ...,

         [[ 1.4275e-04,  1.6588e-04, -6.1750e-05, -1.1527e-04,  6.8123e-05],
          [-6.6731e-05,  1.1644e-04,  1.1476e-05, -1.7135e-04, -2.5567e-06],
          [-9.3202e-05,  2.3748e-04, -1.2930e-04, -7.6961e-05, -3.6586e-05],
          [-1.4659e-06, -9.5512e-05, -6.3981e-05,  2.9778e-05,  1.1938e-04],
          [-4.8345e-05, -4.0530e-05,  1.2701e-04,  1.0382e-04,  1.3028e-04]],

         [[ 1.1361e-04, -1.2461e-04, -5.7430e-05,  1.7019e-05, -2.2278e-04],
          [ 1.1397e-04, -1.2421e-04,  6.5730e-05, -5.3570e-05, -1.0497e-04],
          [-5.5132e-05,  9.1190e-05,  2.2562e-05,  5.2635e-05,  2.0258e-04],
          [ 7.1418e-06, -8.9850e-05, -6.4346e-06, -2.0631e-05, -1.6450e-05],
          [ 1.9803e-04,  9.2282e-05,  3.6701e-05,  2.0979e-05,  1.0873e-04]],

         [[ 2.4244e-05, -6.3326e-05, -1.4872e-04,  7.3941e-06, -2.0574e-05],
          [-3.2968e-05, -4.5769e-05,  8.9777e-05,  1.5420e-04,  9.2785e-05],
          [ 2.1269e-04, -2.3314e-05,  1.3742e-04,  4.2886e-05, -6.0272e-05],
          [ 1.9240e-04, -2.4608e-05,  1.3735e-04, -2.4307e-05,  1.9909e-05],
          [ 1.1014e-04, -1.0070e-05, -1.5800e-04, -1.5400e-04, -2.6788e-05]]],


        [[[ 5.5519e-05, -6.7574e-05,  2.9773e-05,  1.3123e-05, -1.1078e-04],
          [ 4.8857e-05,  4.1529e-06, -5.1689e-06,  2.5894e-05, -1.3838e-04],
          [-1.1964e-04, -9.5132e-05, -1.3405e-04, -7.9710e-05, -1.7942e-04],
          [ 6.7471e-05,  6.1599e-05,  1.0107e-04, -6.5513e-05,  1.1011e-04],
          [-3.1870e-05,  7.2032e-05, -1.0544e-04,  2.9584e-05,  1.1009e-04]],

         [[-1.0330e-04,  6.2864e-05, -1.2762e-04,  5.8539e-05, -3.1324e-05],
          [-3.5244e-05,  5.8214e-05,  5.0238e-06,  3.1808e-05,  9.6081e-05],
          [-7.4126e-05,  4.7198e-07, -2.0169e-05,  8.2968e-07,  6.6251e-05],
          [ 4.4113e-05, -2.3655e-05, -7.6350e-05,  1.1909e-05,  3.5243e-05],
          [ 1.0121e-04, -4.8828e-05,  4.9967e-07,  2.4612e-04,  9.8343e-05]],

         [[-6.7537e-05,  7.9528e-05, -1.5336e-04, -2.3427e-04,  3.5275e-05],
          [ 1.4130e-04, -5.3103e-05, -2.2373e-04,  1.1810e-04, -1.6240e-04],
          [-5.8840e-05,  7.2085e-05, -3.8119e-05, -6.8637e-06, -5.2517e-05],
          [ 1.2699e-04, -2.0370e-05, -8.2773e-06, -1.1384e-04, -1.2110e-04],
          [-1.5339e-05, -5.7386e-05, -2.7205e-05, -2.5503e-05, -3.0328e-05]],

         ...,

         [[-4.1546e-05, -1.1391e-05,  1.2060e-04, -7.7135e-05, -8.3179e-05],
          [ 3.8575e-05, -1.1237e-04, -9.6209e-05,  2.5725e-05, -1.6660e-04],
          [ 1.4966e-05, -8.1919e-05,  1.4041e-04, -1.4255e-04, -1.4094e-04],
          [-5.9399e-05,  3.4672e-06, -1.4346e-04,  1.4378e-05, -2.2609e-04],
          [ 1.9775e-05,  7.2920e-06, -4.9012e-05, -6.2374e-05,  2.0608e-04]],

         [[ 1.0120e-04, -1.0594e-04, -1.9365e-04, -8.1103e-05, -7.9783e-05],
          [ 6.5000e-06, -2.6057e-05,  6.1811e-05,  1.9518e-04, -6.5408e-06],
          [-1.0698e-04,  1.4930e-05,  8.6207e-05, -1.0215e-04,  8.1886e-05],
          [ 6.2111e-06, -1.3958e-04,  7.6176e-05,  3.1952e-06,  8.8289e-05],
          [ 3.4827e-05, -5.0178e-05, -9.4524e-05, -9.4214e-05,  1.0629e-04]],

         [[ 5.3434e-05,  1.0161e-04,  5.7291e-05,  8.4484e-05,  7.6520e-05],
          [-4.1495e-05, -2.7350e-05,  1.1658e-04,  2.8323e-07, -1.3530e-04],
          [ 2.8861e-05,  1.8816e-05, -8.4181e-05,  2.5436e-05, -1.2821e-05],
          [-2.0787e-05, -1.2202e-04, -7.4975e-05,  2.9428e-05, -6.3220e-05],
          [-1.7510e-04,  9.8913e-05, -6.6361e-06,  2.4415e-05, -6.5172e-06]]],


        [[[ 4.1781e-05, -1.6434e-04,  2.3728e-05,  4.6718e-05,  5.0074e-05],
          [-5.9982e-05,  3.5895e-05,  1.0961e-04, -5.7474e-05, -6.0325e-05],
          [-4.0171e-05, -3.7437e-06, -8.3671e-05, -4.9188e-05, -2.4886e-05],
          [ 1.7299e-04,  1.1027e-04, -3.5245e-05, -3.5475e-06,  1.3743e-05],
          [ 1.3875e-04, -6.1605e-05, -5.7668e-05, -6.9980e-05,  1.5780e-05]],

         [[-1.0446e-04, -8.8106e-06,  1.5396e-05, -6.2963e-06,  7.4665e-05],
          [-1.7729e-04, -2.3836e-05, -9.1259e-05, -4.4554e-05, -9.4541e-05],
          [ 1.1897e-04,  8.9252e-05, -1.0845e-04, -2.3799e-05,  4.5817e-05],
          [-6.6194e-05,  5.4752e-05,  3.4368e-05, -1.1653e-04,  7.9791e-06],
          [ 1.5551e-05,  3.3106e-05,  3.3023e-05,  1.1896e-04, -5.0204e-06]],

         [[ 2.3589e-05,  2.4717e-06,  7.0513e-05, -1.6956e-04, -1.6750e-04],
          [-1.3481e-04,  6.8584e-05,  2.4575e-05, -1.4805e-04,  1.5554e-04],
          [ 1.6318e-04, -6.8519e-05, -7.0690e-05,  6.1727e-05,  1.1846e-04],
          [ 2.2528e-05,  8.6219e-05,  1.0806e-05, -4.2392e-05,  7.0439e-06],
          [-1.2398e-04,  4.5319e-05, -9.1391e-06, -1.2436e-05, -1.8560e-05]],

         ...,

         [[ 4.2565e-05,  2.4542e-04, -2.1374e-05,  2.2568e-04,  1.0127e-04],
          [ 6.6408e-05, -3.9669e-05, -1.0300e-04,  1.1958e-04,  4.5863e-06],
          [-1.8248e-04,  1.0495e-04, -1.2705e-05,  4.9840e-05, -5.6386e-06],
          [-4.2669e-06, -8.4740e-05, -2.6764e-05,  1.2592e-06, -1.0511e-04],
          [-1.0567e-05,  3.3338e-06, -4.2809e-05, -1.5860e-04,  1.4887e-04]],

         [[-1.3194e-04, -1.6251e-04,  1.1854e-04,  4.5967e-05, -3.7813e-05],
          [ 7.1678e-05, -1.0177e-04,  2.1355e-05,  3.2909e-05,  1.0902e-04],
          [-2.0455e-05,  1.0263e-04, -2.6621e-05, -4.9937e-05,  1.0793e-04],
          [-3.3259e-05, -1.8230e-05, -6.7283e-05, -5.8371e-05,  1.9745e-04],
          [-2.5605e-05,  1.3006e-04,  7.0974e-05,  2.5676e-05,  7.6933e-05]],

         [[ 1.2479e-04,  1.0091e-04, -3.1382e-05, -6.2372e-06, -4.3938e-05],
          [ 1.1396e-04, -1.8484e-05,  3.7728e-06,  1.7969e-06, -3.9096e-05],
          [ 1.4031e-04, -5.4994e-05, -8.8989e-05,  4.7959e-05,  1.1029e-04],
          [ 1.0419e-04,  9.4085e-05,  1.3024e-04,  4.4788e-05, -3.9616e-05],
          [ 3.4831e-05, -1.0862e-04,  5.9927e-05, -5.2580e-06, -2.3307e-04]]]],
       device='cuda:0', requires_grad=True)conv2.biasParameter containing:
tensor([-0.0121, -0.0035, -0.0031, -0.0057, -0.0040, -0.0041, -0.0032, -0.0042,
        -0.0043, -0.0038, -0.0149, -0.0114, -0.0034, -0.0026, -0.1973, -0.0317,
        -0.0030, -0.0149, -0.0034, -0.0044, -0.0038, -0.0267, -0.0224, -0.0047,
        -0.0043, -0.0036, -0.0040, -0.0045, -0.0041, -0.0034, -0.0100, -0.0458,
        -0.0031, -0.0054, -0.0029, -0.0034, -0.0039, -0.0130, -0.0032, -0.0055,
        -0.0055, -0.0037, -0.0057, -0.0057,  0.0244, -0.0031, -0.0112, -0.0044,
        -0.0003, -0.2203], device='cuda:0', requires_grad=True)fc1.weightParameter containing:
tensor([[ 8.0429e-30, -7.7990e-30,  1.1163e-29,  ..., -5.1241e-02,
          1.0923e-01,  1.5093e-02],
        [ 2.9996e-30,  4.3365e-31, -1.4483e-30,  ...,  5.2421e-02,
          6.2082e-03, -1.6728e-02],
        [ 4.3533e-41, -9.2780e-42, -7.9222e-41,  ...,  5.4375e-24,
         -2.6586e-17,  1.8905e-22],
        ...,
        [-2.0625e-30,  5.5068e-31, -2.5905e-31,  ...,  6.6651e-02,
          6.9544e-02, -7.3952e-02],
        [ 1.0523e-29, -4.8744e-30, -1.4478e-30,  ...,  2.7641e-02,
          5.6644e-02,  5.8843e-03],
        [-5.3265e-30,  3.4457e-30, -1.0114e-30,  ...,  3.2626e-02,
          5.5045e-02,  2.2196e-02]], device='cuda:0', requires_grad=True)fc1.biasParameter containing:
tensor([-6.1957e-02,  2.4872e-02, -3.3783e-10, -6.1507e-03,  2.6227e-02,
        -6.5773e-03,  2.8250e-02,  1.9112e-02, -4.4682e-26,  1.2801e-41,
        -4.2262e-12,  2.1814e-02, -6.6211e-03, -5.2205e-16,  8.0949e-02,
         3.0373e-02,  9.9802e-03, -4.1651e-02,  4.5884e-03,  2.2330e-02,
        -3.1118e-06, -1.4842e-02,  2.1232e-02,  8.6421e-16,  5.4324e-03,
         4.3123e-02, -2.4819e-08,  5.9669e-02,  1.1533e-02, -6.6070e-03,
        -7.9962e-02, -5.7783e-02,  4.0122e-02, -1.1218e-32,  7.4576e-34,
        -1.9881e-20,  4.9088e-02,  2.1005e-02,  7.3601e-02,  4.8626e-02,
         5.0566e-02,  4.3389e-28,  2.2186e-02, -4.4343e-10,  9.4155e-02,
        -3.1702e-03, -1.1150e-08, -2.6599e-08, -6.1869e-22, -2.8079e-03,
        -7.8592e-03, -1.3643e-05, -2.3169e-13,  8.0864e-03, -1.8987e-34,
         1.0203e-01,  2.2277e-03,  6.9954e-02, -1.6726e-02, -8.5821e-03,
         4.6697e-03, -1.0271e-24, -2.1378e-02,  2.5013e-02,  2.3717e-39,
         2.7108e-02, -3.2660e-02, -2.8651e-02,  5.5785e-02,  2.5025e-02,
         1.0389e-02, -4.5013e-12, -3.1685e-02, -5.6108e-02, -4.2344e-05,
         2.2040e-02, -4.1179e-03, -3.6562e-05,  7.4109e-02, -1.0269e-02,
        -1.6326e-18, -3.4276e-07,  1.5861e-02, -1.5265e-02, -3.4364e-02,
        -7.3453e-11,  1.6754e-02,  2.7777e-02, -8.0792e-03, -1.0923e-41,
         1.0570e-01,  3.1230e-02, -6.2846e-02,  1.7575e-02,  1.8555e-02,
         4.1126e-02, -8.2943e-06, -1.5628e-24, -1.2426e-02,  5.0917e-02,
         6.9798e-03, -1.8848e-09,  8.1887e-03, -1.2538e-06, -4.1640e-02,
        -4.4504e-10, -4.8415e-09,  6.1310e-03, -4.8974e-02,  6.1313e-02,
        -2.6292e-02, -4.9644e-02, -9.6511e-06, -1.1391e-23, -6.7328e-02,
        -2.7834e-07,  5.9677e-02, -3.1597e-14, -3.4198e-02, -4.7356e-02,
        -2.8562e-05, -1.6795e-22,  8.1320e-04, -1.2394e-04, -7.2643e-02,
         1.6080e-02,  1.1085e-02, -2.5539e-03,  5.3591e-02, -1.1058e-03,
         5.7999e-35, -6.8621e-04, -2.1695e-05, -1.9181e-03,  4.0048e-02,
         1.1753e-41,  4.5207e-02, -2.4213e-08,  5.6229e-02,  2.3618e-02,
         7.7671e-02, -1.3473e-33, -1.8267e-02, -4.7859e-04,  8.7989e-02,
         6.7673e-02, -1.7896e-38, -1.5193e-02,  7.9367e-02,  2.3114e-02,
         3.9764e-02, -7.4250e-21, -3.6384e-03, -3.3202e-03,  3.1754e-20,
        -4.5739e-24, -1.6732e-37, -3.8287e-02,  3.2262e-24, -1.3308e-27,
         3.5467e-02, -3.8132e-19, -2.7865e-10,  3.3188e-02,  6.2139e-02,
        -3.0101e-05, -1.6608e-02,  7.7566e-02, -3.4191e-02, -5.8397e-04,
         2.2445e-02,  9.5607e-05, -1.4128e-36,  5.7630e-02,  5.4828e-02,
         3.9586e-03, -2.9298e-02, -2.5423e-30,  3.9961e-02, -3.1787e-02,
         1.5536e-04, -1.0402e-04, -8.8358e-03,  3.3095e-02,  3.4578e-02,
        -3.6082e-10, -3.5274e-03, -1.6897e-02, -5.2272e-26, -6.3670e-03,
        -2.4267e-02, -4.0193e-12,  7.8583e-02,  4.6550e-02, -4.9001e-02,
         5.7770e-02,  1.9304e-03,  1.0902e-42, -3.0720e-29,  6.0291e-02,
        -3.4004e-03,  6.3855e-02,  1.6716e-02,  3.2492e-02,  2.6317e-02,
        -5.6137e-04,  2.7112e-02,  5.3947e-02,  2.8626e-02, -1.2270e-41,
        -1.2082e-41, -9.2900e-04, -4.1302e-02, -1.8587e-02,  5.7372e-02,
         6.1207e-02,  4.3083e-02,  1.0530e-03, -1.0410e-02,  7.0440e-02,
        -6.0613e-02,  4.1486e-03,  1.3134e-37, -3.7149e-02,  3.7434e-02,
        -9.3299e-04, -2.9984e-03,  2.4041e-02, -3.9179e-24, -8.4382e-05,
         3.8876e-02,  3.9867e-42, -3.6013e-04,  4.3482e-42, -1.0412e-17,
        -2.4188e-09,  3.8431e-02,  9.7111e-02, -7.3916e-03,  4.0422e-03,
        -8.0015e-32, -4.9251e-03, -1.1323e-02, -7.0236e-26,  2.2012e-02,
        -1.7496e-02,  1.5754e-02,  1.6939e-02, -3.5591e-02,  1.5453e-02,
        -3.5548e-04, -7.8614e-04,  3.5787e-04, -1.0604e-02,  5.2582e-02,
        -7.8156e-02,  7.5554e-03, -6.0527e-04,  4.9969e-02,  6.4486e-41,
        -7.9063e-21, -1.0383e-12, -1.3527e-02,  1.3873e-02,  3.2392e-03,
        -1.3542e-41,  1.1799e-02, -8.5377e-07, -2.4638e-02, -6.2920e-05,
        -1.9745e-02,  3.1272e-02, -3.5107e-02, -8.3602e-03,  1.1158e-01,
        -1.4134e-16, -1.5279e-02, -1.8844e-11,  8.0804e-03, -5.9269e-02,
        -2.4481e-18,  3.2990e-02, -2.3109e-15, -2.7589e-02,  3.0280e-02,
         6.8828e-40, -1.6065e-02,  4.3776e-02,  2.1222e-02,  3.0297e-02,
        -3.4292e-03,  2.1704e-03, -1.4840e-07, -1.7517e-02,  7.3471e-02,
         5.4610e-02,  1.0632e-13, -3.5635e-41,  5.8421e-02, -3.8878e-10,
        -2.3460e-03, -2.9918e-03, -1.8530e-02,  2.9177e-02, -1.8592e-03,
         2.8756e-02, -1.7334e-02,  4.9415e-02,  7.0913e-03, -4.2782e-42,
        -3.7092e-03,  2.5970e-02,  3.6627e-02, -2.2429e-12, -1.9924e-02,
         5.7944e-03,  7.6816e-31,  4.4643e-02, -1.8367e-23,  1.5382e-02,
         6.5673e-02, -1.0009e-03, -3.4362e-07,  2.2959e-02,  2.7512e-03,
        -7.2934e-02,  5.4820e-02,  1.9678e-02, -2.5859e-02,  1.6479e-02,
        -2.1664e-04,  1.0582e-20, -1.7193e-04, -5.8737e-03,  1.0778e-01,
         1.0862e-02,  7.4513e-02,  1.0809e-02,  1.1136e-35,  4.6968e-02,
         6.0663e-02, -1.9543e-40,  2.2727e-02,  8.6222e-02,  1.0110e-06,
         9.3313e-03,  1.0006e-01, -1.2134e-01,  4.9733e-02,  3.1680e-02,
        -6.9494e-02, -1.5649e-18, -1.2940e-14, -3.3626e-03, -6.6433e-21,
         4.0305e-02,  3.4741e-02, -1.2019e-15,  1.1621e-41,  9.2569e-03,
         4.7311e-03,  2.1530e-03,  3.4794e-02, -3.8875e-02, -1.1251e-41,
         3.2370e-43,  1.1546e-13,  3.5513e-02,  2.8661e-02, -3.0208e-15,
         7.8664e-02,  4.5332e-02, -2.4625e-14,  5.9331e-42, -1.1652e-02,
        -3.6361e-02,  1.6120e-40, -2.1409e-09,  8.4172e-03, -1.2511e-02,
        -3.3925e-42,  8.4914e-03, -5.4805e-26, -1.7823e-03, -4.2000e-02,
        -1.2973e-41, -3.5564e-04,  6.6057e-02,  1.4803e-02, -3.3532e-09,
        -2.7570e-03,  4.3259e-02,  2.3138e-02, -2.2892e-37, -2.0013e-04,
        -3.8601e-02,  8.0952e-02, -3.3922e-02, -4.6066e-02,  4.0162e-02,
        -2.4509e-29,  4.1685e-02,  8.0381e-02,  1.3339e-01,  2.8894e-02,
         9.2101e-04, -2.3230e-02,  3.2164e-02, -2.2550e-02,  9.6928e-37,
        -1.3538e-12,  7.6623e-03,  1.0762e-02, -2.6625e-03,  2.3064e-02,
         4.7141e-02,  6.4572e-42, -4.6277e-03, -6.3433e-18,  1.5850e-02,
         2.6032e-02,  1.7301e-02,  7.1426e-02,  4.2177e-02, -5.0917e-19,
         2.3339e-02, -5.2282e-04,  1.5730e-02,  1.3110e-02, -6.7447e-04,
        -9.3236e-04, -1.1507e-02,  3.0332e-02, -3.8267e-04,  5.3674e-03,
        -3.4054e-05, -1.6769e-23, -1.3745e-02, -2.5416e-03, -4.2884e-04,
         4.0175e-02,  7.0359e-03,  1.0700e-01, -1.8692e-13,  1.0888e-02,
         2.0112e-02,  2.2171e-03, -6.2353e-34,  5.7050e-03, -4.9587e-22,
        -1.8168e-02,  4.0843e-02,  1.3109e-13, -5.3139e-02, -2.4675e-10,
         5.0732e-02,  1.2031e-01, -5.4127e-02, -1.3396e-03,  4.0508e-02,
         1.0176e-02,  2.2084e-03,  2.6386e-02, -1.9321e-02, -1.0924e-11,
        -1.2196e-41, -1.3861e-06, -2.3745e-07,  4.4838e-02, -4.0639e-38,
        -1.2552e-02, -3.5336e-02,  5.1827e-02, -6.5727e-02,  4.0888e-02,
         1.9339e-02,  1.5271e-04,  7.4937e-02, -1.0351e-23,  3.3170e-02,
        -2.1076e-42, -1.1342e-41, -8.4480e-03, -6.2475e-27,  2.8665e-02,
         3.4455e-02,  1.0773e-02,  1.4981e-02,  1.6114e-02,  4.4646e-40,
        -9.2909e-03, -1.3432e-11,  4.5207e-02,  1.1337e-41, -3.8995e-12,
         5.4075e-02, -2.4197e-36,  4.3929e-03,  9.5020e-03,  1.1972e-03],
       device='cuda:0', requires_grad=True)fc2.weightParameter containing:
tensor([[-6.0647e-02,  1.3246e-01,  2.5699e-03,  ...,  6.2121e-02,
          2.5854e-02, -4.5107e-02],
        [ 1.7029e-01, -1.9177e-01, -7.0639e-05,  ..., -6.3889e-02,
         -3.0465e-02, -4.8224e-02],
        [-6.9876e-02, -8.2521e-02, -1.0350e-04,  ..., -1.4489e-01,
         -4.4192e-02,  7.4819e-03],
        ...,
        [ 4.8379e-02, -1.3243e-01, -5.8752e-04,  ..., -6.4181e-02,
          1.1469e-02,  1.0008e-01],
        [-4.1258e-01, -6.5527e-02, -8.8144e-04,  ..., -2.4074e-01,
          2.5247e-02,  4.9881e-02],
        [ 1.7385e-01,  1.6764e-01, -6.8140e-04,  ..., -1.5048e-01,
          4.5583e-02,  8.9892e-02]], device='cuda:0', requires_grad=True)fc2.biasParameter containing:
tensor([ 0.0112, -0.0637, -0.0506, -0.0772, -0.0374,  0.0119, -0.0029, -0.0918,
         0.2184, -0.0136], device='cuda:0', requires_grad=True)