conv1.weightParameter containing:
tensor([[[[-3.0530e-05,  1.5481e-04, -2.3495e-05, -2.2459e-04, -1.2513e-04],
          [ 6.0282e-05,  1.1768e-04, -1.6501e-04,  7.3812e-05, -4.3500e-05],
          [ 5.4552e-05, -1.3619e-04, -1.9295e-04, -5.0652e-05, -8.7025e-05],
          [ 1.8451e-05,  1.4783e-04,  2.2245e-04,  1.5405e-04, -1.2451e-04],
          [-1.8858e-04, -2.2205e-05, -5.7020e-05,  1.5373e-04, -5.1881e-05]]],


        [[[-1.5023e-06,  1.2537e-04, -1.7171e-05,  9.1405e-05,  3.6570e-05],
          [ 6.7409e-05, -1.0490e-04, -2.4447e-05,  3.4900e-06,  1.3397e-04],
          [-1.5505e-04, -1.2188e-04,  8.9203e-05, -4.3751e-05, -3.3370e-05],
          [-6.5133e-06, -4.2806e-05, -1.5107e-04,  1.0992e-04, -3.4356e-05],
          [-7.1699e-05,  1.5143e-04, -2.0117e-05,  3.5006e-05, -1.0425e-05]]],


        [[[ 2.0133e-04, -3.2572e-05, -2.8519e-04,  6.0060e-05, -4.8807e-04],
          [-2.8147e-04,  8.5643e-06,  8.1713e-05,  9.8438e-05,  1.8812e-04],
          [-8.4354e-06,  8.2728e-05, -4.5906e-06,  7.8081e-05, -2.9147e-04],
          [-2.6285e-04, -1.5254e-04, -1.2307e-04, -8.7389e-06,  3.7662e-04],
          [ 3.5409e-04, -6.8421e-05,  2.0311e-05, -4.8518e-05, -6.8183e-05]]],


        [[[ 3.5283e-04, -1.6656e-03, -2.9037e-02, -3.7774e-02, -3.2326e-03],
          [ 1.8078e-03,  1.6705e-04,  1.9195e-04,  1.2580e-03, -1.8193e-04],
          [ 4.1323e-01,  8.8478e-01,  6.7592e-01,  8.9603e-02,  4.9284e-04],
          [ 1.4878e-01,  1.3469e+00,  1.6403e+00,  6.1810e-01,  3.2304e-04],
          [-2.0988e-04,  4.6601e-01,  9.6251e-01,  5.7852e-01,  3.3955e-03]]],


        [[[ 2.0792e-05,  9.4976e-06, -1.0088e-04,  1.6662e-04,  8.8984e-05],
          [-6.3411e-05, -5.0156e-06, -6.5486e-05, -9.3941e-05, -6.2761e-05],
          [-1.3150e-04,  2.2779e-04,  5.0850e-05,  3.5174e-05, -1.3153e-04],
          [ 6.2878e-06, -1.7524e-04, -7.9106e-05,  2.3019e-04,  2.5641e-04],
          [ 1.5597e-05, -6.2995e-05, -2.7864e-04, -1.8925e-05, -3.5483e-05]]],


        [[[-6.2683e-05, -1.4694e-04, -2.0505e-04, -1.2848e-04,  1.0552e-04],
          [-2.5947e-05, -3.2078e-06,  1.4322e-04, -2.2304e-06,  1.4443e-04],
          [-1.4462e-05, -1.3819e-04,  1.1397e-05,  6.4913e-05,  1.2197e-04],
          [-1.3265e-04,  4.2335e-05, -1.1238e-04,  1.0813e-04, -7.1194e-05],
          [-7.2926e-05, -1.0382e-04,  5.6714e-05, -1.4275e-05,  1.0316e-04]]],


        [[[ 1.0898e-04,  1.0253e-04, -1.4759e-05,  1.0606e-04,  6.9384e-05],
          [ 1.9024e-05, -3.1336e-05,  2.0381e-05, -2.7208e-06,  3.8630e-05],
          [ 7.7359e-05,  6.8277e-05, -2.9098e-05, -1.4463e-05, -2.1047e-05],
          [-3.0114e-05, -1.0876e-04,  1.0191e-04, -1.9823e-04, -1.3898e-04],
          [ 1.3715e-04, -8.8159e-05,  4.2254e-05, -1.9687e-04, -5.5452e-05]]],


        [[[ 7.6000e-05,  9.2737e-05, -1.2378e-04,  1.0158e-04,  3.0120e-05],
          [ 1.2637e-04,  8.2503e-05, -4.2355e-05,  6.6987e-05, -4.8913e-05],
          [ 1.5629e-04,  1.2429e-04, -4.6292e-05,  1.6305e-04, -3.8157e-05],
          [-2.4594e-05, -8.5234e-06,  2.4878e-05,  2.6183e-05,  7.7124e-05],
          [-1.0499e-04, -2.0019e-04,  3.3245e-05, -1.0672e-05,  3.1806e-05]]],


        [[[-5.8801e-05, -1.4538e-04, -4.0569e-05, -9.7617e-05, -1.3510e-05],
          [-2.0202e-04, -1.7912e-04, -1.7724e-04,  1.2086e-04, -8.4617e-05],
          [ 5.4666e-05, -6.5947e-05, -1.3490e-04,  5.1972e-05, -9.8353e-05],
          [ 1.3609e-04,  1.5388e-04, -8.2980e-05,  1.6549e-04, -1.0865e-05],
          [-3.4941e-05,  1.7931e-04, -1.9767e-05,  2.2229e-04,  5.2367e-05]]],


        [[[ 1.9008e-04,  2.2732e-05, -1.0490e-04,  2.4748e-05,  2.7806e-05],
          [-3.0826e-06,  2.6438e-05,  4.5884e-05, -2.5663e-04,  3.1695e-05],
          [-5.2681e-05, -1.1724e-04, -2.8008e-04,  9.6510e-05, -1.3944e-04],
          [-1.6429e-04,  7.2718e-05,  1.0166e-04,  5.3566e-05, -1.0341e-04],
          [ 7.3792e-05,  2.4701e-04, -2.1017e-04, -1.2604e-04, -1.5532e-04]]],


        [[[-8.9946e-05, -1.0781e-04, -6.7022e-05, -5.1167e-05,  1.2273e-04],
          [-7.3336e-05, -2.1451e-04, -7.1805e-06, -7.4033e-06, -3.0235e-05],
          [ 5.6290e-05,  1.7957e-05, -6.3172e-05, -1.5339e-04, -1.1075e-04],
          [-5.7525e-05, -6.5827e-05, -1.6543e-04, -1.2241e-06, -1.0551e-04],
          [ 2.1299e-05,  1.6291e-04,  1.3356e-04, -1.2609e-04,  3.0087e-06]]],


        [[[-1.3824e-04,  1.5846e-04,  1.3490e-04,  5.9460e-05,  2.1465e-04],
          [ 2.0676e-04, -1.1065e-04, -5.5358e-05, -1.0986e-06, -1.4688e-05],
          [ 1.1270e-04, -1.5891e-04,  8.9591e-05,  3.5780e-05,  2.9958e-06],
          [-2.9922e-06, -7.8335e-05, -1.0364e-04, -1.6878e-04,  1.0873e-04],
          [ 1.5454e-04, -8.1649e-05,  7.5827e-06, -2.3104e-05, -1.1642e-05]]],


        [[[ 2.3238e-05,  1.3359e-04,  2.9091e-05, -1.1719e-04, -1.4762e-04],
          [-8.3926e-05, -1.0397e-04, -4.4058e-05,  8.3239e-05,  2.0011e-05],
          [ 1.3531e-04,  7.2170e-05, -1.1074e-04,  4.2043e-05, -7.5759e-05],
          [ 1.5600e-04, -9.5612e-06,  1.8187e-05, -5.4268e-05, -1.3671e-04],
          [-9.6939e-06, -1.0471e-04,  4.6222e-05, -4.1233e-05, -4.4802e-05]]],


        [[[-4.7444e-06, -1.0667e-04,  3.0469e-05, -8.5433e-05,  9.8473e-05],
          [ 4.4901e-05,  4.9966e-05,  5.2355e-05,  3.6544e-05, -4.5925e-06],
          [-6.1969e-05,  1.5055e-04,  3.4087e-05,  5.4607e-05, -6.6516e-05],
          [-1.4658e-04,  2.9330e-05,  1.1920e-04, -3.2524e-05,  7.3582e-05],
          [ 6.2251e-05,  4.0488e-05, -1.2964e-04,  4.1019e-05, -2.2638e-04]]],


        [[[ 9.7200e-04,  1.7136e-03,  1.7002e-01,  3.3542e-01,  4.3305e-01],
          [ 1.1805e-01,  5.6930e-01,  5.9921e-01,  4.4813e-01,  1.2404e-01],
          [ 4.8231e-02,  1.4718e-01,  3.0676e-03,  2.6038e-03,  3.9555e-04],
          [-1.5082e-03, -1.9839e-01, -3.8669e-01, -5.6221e-01, -4.3285e-01],
          [-1.5975e-01, -5.1230e-01, -4.4432e-01, -1.3873e-01,  1.1042e-03]]],


        [[[-2.9374e-04,  3.9377e-05, -4.9453e-05,  2.6975e-05, -9.9231e-06],
          [-2.4031e-05,  8.4183e-05, -5.8006e-05, -1.4674e-04, -2.0943e-05],
          [ 1.4212e-04, -2.3544e-05,  1.3643e-05,  6.6524e-05, -2.4585e-04],
          [-6.5377e-05,  5.8629e-05,  1.5122e-04,  3.8431e-06, -1.4507e-04],
          [ 2.5747e-05,  2.1338e-04, -5.3799e-06,  3.5638e-06, -7.2109e-05]]],


        [[[ 1.2337e-04, -2.3191e-05,  1.1175e-04,  3.7948e-05,  4.5929e-05],
          [ 1.7356e-05,  2.8687e-08,  2.0740e-04,  3.4055e-06, -4.7298e-05],
          [-1.3235e-04, -8.2920e-05,  8.6871e-05,  1.0617e-04,  2.4083e-05],
          [ 7.7651e-06,  3.9982e-05, -1.3352e-05, -6.8831e-05,  2.4507e-05],
          [ 8.8491e-05, -2.9453e-04,  2.2145e-04, -1.2413e-04, -8.9876e-05]]],


        [[[-2.4396e-05, -5.1115e-05,  1.8779e-04, -4.8681e-05,  1.1520e-04],
          [ 1.5266e-04,  1.0850e-04,  8.6283e-05,  1.1163e-04,  2.4848e-05],
          [-9.3742e-05,  6.4877e-05,  1.1118e-04, -2.0362e-04, -3.9248e-05],
          [-1.5919e-04,  1.6383e-04,  7.4811e-05, -7.1335e-06, -1.8053e-04],
          [ 4.9135e-05,  9.6338e-06,  1.6242e-04, -1.0998e-04, -6.9987e-05]]],


        [[[ 4.6131e-05,  8.5467e-05,  6.4839e-05,  1.2727e-05,  2.2257e-02],
          [-8.7813e-06,  1.3307e-04,  3.8443e-05,  6.7271e-02,  1.5664e-05],
          [ 4.3265e-05,  1.4617e-04,  3.8760e-02,  5.1520e-02,  1.0466e-04],
          [ 7.9355e-05,  3.3153e-05,  1.1071e-03,  9.1041e-06, -8.9721e-05],
          [ 1.5112e-05, -3.7613e-05,  4.1463e-06, -6.9716e-05,  3.5815e-05]]],


        [[[ 4.4131e-05, -6.4547e-05, -5.2552e-05,  5.7913e-05,  1.0839e-04],
          [-3.1937e-05, -4.2536e-05,  4.6907e-05,  4.5621e-05, -8.4019e-05],
          [ 1.8309e-04,  9.3662e-05,  4.9599e-05,  8.7995e-05, -2.6808e-04],
          [-6.6928e-05,  6.0001e-05,  1.4215e-06, -1.0009e-04, -5.1035e-06],
          [ 1.4230e-04, -1.8168e-05, -5.0425e-05,  1.2773e-05, -2.3371e-05]]]],
       device='cuda:0', requires_grad=True)conv1.biasParameter containing:
tensor([ 0.0337,  0.0004, -0.0688,  0.0032,  0.0371,  0.0345,  0.0048,  0.0326,
        -0.0323,  0.0348,  0.0177,  0.0235,  0.0077,  0.0345,  0.1187,  0.0196,
         0.0389,  0.0338, -0.1580,  0.0338], device='cuda:0',
       requires_grad=True)conv2.weightParameter containing:
tensor([[[[ 1.8650e-05, -1.5355e-04, -9.2711e-05, -8.7210e-05, -1.7296e-04],
          [ 1.0546e-04, -1.5345e-04,  1.3950e-04, -6.5530e-05,  1.7972e-05],
          [-7.1872e-05,  1.0561e-04, -1.0446e-04,  8.5014e-05, -9.4535e-05],
          [-3.6900e-05,  3.0888e-05, -8.9569e-06,  3.2813e-05,  3.3001e-05],
          [ 1.9899e-04,  9.7843e-06, -5.5129e-05, -1.0645e-04,  6.3559e-05]],

         [[-3.0485e-05, -1.7502e-05,  1.3349e-05, -1.3639e-04, -9.3431e-06],
          [-7.4570e-05,  1.9550e-05, -1.8167e-05, -1.7476e-05,  1.3739e-04],
          [ 9.5595e-05,  1.7361e-05,  1.3746e-05, -5.1399e-05, -1.0730e-04],
          [-8.7858e-05, -5.1970e-05, -2.3967e-05,  1.2216e-04,  8.3958e-06],
          [ 7.0110e-06,  1.0366e-05,  5.6415e-05, -9.5239e-05, -2.3868e-05]],

         [[ 3.2947e-05,  7.3865e-05,  8.9238e-05, -9.4274e-06, -1.7383e-04],
          [-1.7709e-04,  1.1104e-04,  1.1244e-04,  2.2096e-05, -4.6577e-05],
          [ 5.3251e-05, -6.8923e-05,  9.1971e-05, -2.1637e-05, -3.8260e-05],
          [-3.7639e-05, -1.0590e-04,  9.8391e-05,  1.7005e-04, -1.3809e-04],
          [-6.1758e-05,  1.0888e-04,  5.5656e-05,  5.6655e-05,  3.3651e-05]],

         ...,

         [[ 7.3293e-05,  1.3068e-04,  1.0385e-04,  1.7971e-04, -1.3721e-04],
          [ 5.1491e-05,  5.7679e-05,  8.2744e-05,  2.5513e-06, -1.0729e-05],
          [ 1.3983e-04, -1.7980e-04,  5.8802e-05, -9.5072e-05, -2.5619e-05],
          [ 3.2012e-05,  3.8459e-05, -7.4971e-05,  4.7822e-05, -3.4613e-05],
          [-7.2958e-05,  9.8287e-05, -1.0851e-04, -1.1368e-04, -4.2713e-05]],

         [[-3.9146e-05, -3.0576e-04,  1.8512e-04, -1.6405e-04,  1.0861e-04],
          [-1.6585e-04, -4.0085e-05, -7.4128e-05,  9.3667e-06,  1.9266e-04],
          [-1.5352e-05, -2.3136e-04, -7.4090e-05,  2.7299e-04, -8.6399e-05],
          [-9.3745e-05,  6.0500e-05, -1.6415e-04, -2.3214e-05, -9.9854e-05],
          [ 1.1181e-04,  1.5454e-04,  2.9092e-04,  3.3352e-05, -6.8249e-05]],

         [[ 1.1076e-04,  1.6890e-06,  3.9133e-05,  3.8096e-05, -1.6258e-05],
          [ 3.2052e-06, -2.6894e-05,  4.0384e-05,  1.3733e-04, -2.7655e-05],
          [-1.4433e-04,  4.2868e-05, -8.5060e-05,  8.6517e-05,  1.3785e-05],
          [ 1.5944e-05,  1.0355e-04,  1.0262e-05, -9.5637e-05,  5.4677e-05],
          [-1.2055e-04, -1.6443e-04, -1.4096e-04, -1.6401e-05, -5.3425e-06]]],


        [[[ 5.6730e-05, -3.8244e-05,  2.4155e-05,  2.2168e-06,  2.5395e-05],
          [ 8.6030e-05, -9.7469e-05, -6.4629e-05, -9.0436e-05, -1.9405e-04],
          [ 1.6171e-04,  1.6938e-04,  1.3012e-05,  6.4747e-05,  7.3871e-05],
          [ 1.1358e-04, -5.0910e-05,  8.7133e-05,  4.8761e-05, -1.4244e-04],
          [-5.1567e-06,  2.8906e-05, -9.7242e-05,  7.8637e-05,  7.2386e-05]],

         [[ 1.5764e-05, -3.9847e-07, -1.4662e-06,  1.8546e-05,  3.3341e-05],
          [-1.6965e-04, -1.5152e-04, -1.3942e-05,  4.7462e-05,  8.8905e-07],
          [ 7.2182e-05,  5.2335e-05,  1.5552e-04,  1.7716e-05,  1.5559e-04],
          [-7.6291e-05, -1.2202e-04, -7.7814e-05,  1.2278e-04, -8.8969e-05],
          [ 1.5908e-04,  1.7687e-05, -1.1511e-04, -9.4835e-05, -3.7104e-05]],

         [[ 1.8596e-04,  2.1578e-05, -6.2920e-05, -8.7922e-05, -8.0733e-05],
          [ 2.9533e-04, -2.0121e-05,  5.9610e-05,  1.9699e-04,  9.7518e-05],
          [ 1.0182e-04, -2.6253e-05,  5.6758e-05,  1.3694e-04,  1.5382e-04],
          [ 7.2467e-05, -7.9195e-06,  4.8768e-06, -6.5361e-05,  1.1823e-04],
          [-1.2949e-04,  8.0945e-05,  1.7614e-04,  7.1974e-05, -2.4089e-05]],

         ...,

         [[ 1.2044e-04, -1.6714e-05,  7.2034e-05, -4.6507e-05, -1.3803e-05],
          [ 1.6834e-05,  1.0323e-04,  2.0900e-05, -3.3214e-05, -6.3341e-06],
          [ 2.6420e-05,  3.3335e-05, -1.0502e-04,  4.4347e-05, -8.6643e-05],
          [-1.0755e-04, -3.2968e-05, -4.4573e-05, -1.2962e-04, -1.1860e-04],
          [-1.5603e-05,  7.1946e-05, -8.4264e-05, -9.3503e-05,  8.7644e-05]],

         [[ 2.5708e-05,  7.6734e-06,  2.9607e-06,  1.0548e-04, -2.5542e-05],
          [ 1.7261e-04, -9.1347e-05,  1.1472e-04,  1.3182e-04,  3.4598e-05],
          [ 7.4785e-05,  2.0393e-06,  1.8484e-06,  5.4854e-05, -5.0724e-05],
          [-2.1839e-04,  6.6354e-05, -8.0842e-05, -1.9209e-05, -1.1243e-04],
          [ 8.4100e-06, -1.5234e-04, -2.2461e-04, -2.8965e-05,  5.2085e-05]],

         [[-4.6023e-06, -1.2097e-04,  1.3624e-04,  1.9463e-05,  7.0750e-05],
          [-1.0342e-04, -3.6276e-05, -1.0891e-05,  5.5443e-05,  5.3720e-05],
          [ 1.5151e-04,  1.4050e-05,  3.0920e-05, -3.0296e-05,  9.7483e-05],
          [ 1.9212e-04, -1.0363e-04, -1.9885e-04,  5.6311e-05, -1.0000e-04],
          [ 1.0653e-04,  1.6632e-04, -2.3248e-05,  8.2037e-05,  8.0580e-06]]],


        [[[-1.4966e-04,  1.2662e-05, -7.7285e-05,  3.6372e-05, -3.4078e-05],
          [-1.5849e-04,  3.5837e-05, -2.0108e-05, -1.2631e-04, -1.3918e-04],
          [-8.7715e-05,  7.8003e-05,  5.7233e-05,  4.3405e-05, -2.3040e-04],
          [ 5.9855e-05,  5.3100e-05,  7.2043e-06, -2.3544e-05,  7.6795e-06],
          [ 1.0806e-04, -7.3467e-05,  4.2563e-06,  2.9175e-05,  1.4919e-05]],

         [[ 1.2856e-04,  2.3263e-04, -1.0088e-04, -1.0028e-04, -1.5750e-04],
          [-5.8636e-05,  3.1777e-05,  9.5059e-05, -9.3833e-05, -2.2780e-04],
          [ 1.1056e-04, -2.0445e-05, -2.0149e-04, -8.2107e-05, -2.6439e-06],
          [ 9.3225e-05,  1.4458e-04,  1.3500e-05,  9.9413e-05,  4.9112e-05],
          [ 1.1625e-04,  3.6965e-06,  7.7094e-05,  4.1818e-05,  7.7204e-05]],

         [[-1.7534e-04, -1.3859e-04,  3.6056e-05,  1.4439e-05,  6.6979e-05],
          [ 5.1828e-06, -4.7433e-05, -3.2700e-07,  4.7578e-05,  1.1700e-04],
          [ 4.3669e-06, -1.7444e-05, -7.9473e-05, -1.8218e-06, -9.0317e-05],
          [-1.1750e-04, -1.2211e-04,  6.9336e-06, -6.9634e-06,  1.8867e-05],
          [ 1.3363e-05,  5.2863e-06, -9.3208e-05, -7.7096e-07,  6.9681e-05]],

         ...,

         [[ 3.4437e-05,  3.4102e-05, -1.5148e-05,  5.9759e-05, -1.3819e-05],
          [-1.5690e-04, -6.5848e-05,  2.9668e-05,  8.2009e-06, -1.2212e-05],
          [ 2.1337e-04,  5.2570e-05, -1.2123e-05, -1.5937e-05, -6.8558e-05],
          [-9.6947e-05, -8.0068e-05,  7.4039e-05, -1.5559e-04,  9.0363e-05],
          [ 1.4128e-04,  9.8552e-05, -4.6489e-05,  7.5490e-05,  8.6422e-05]],

         [[ 4.9951e-05,  1.1258e-05,  1.3924e-05, -2.5285e-05,  5.8712e-06],
          [-1.3566e-04, -1.2473e-04,  1.2327e-05,  4.3594e-06,  1.3661e-05],
          [ 2.1700e-05,  1.9473e-05,  6.8042e-05, -5.9909e-05,  5.8497e-05],
          [ 5.2040e-05,  1.0881e-06,  5.6230e-06,  6.5602e-05,  2.4767e-05],
          [ 1.1293e-04,  4.6609e-05,  2.5387e-05,  5.5287e-05, -3.3357e-05]],

         [[ 3.6070e-05, -1.6536e-04, -1.2587e-05, -1.6781e-04,  1.4300e-04],
          [-1.5940e-04, -3.1144e-05, -1.0764e-04, -1.6239e-04, -3.3642e-05],
          [ 3.7843e-05, -4.7865e-05, -3.1773e-05, -8.4648e-05, -4.6113e-05],
          [-7.5538e-05,  3.6110e-05, -4.9268e-05, -6.2463e-06,  8.5569e-05],
          [ 2.8268e-05,  2.8272e-05,  4.4932e-05,  2.2293e-05,  1.8524e-05]]],


        ...,


        [[[ 7.1031e-05, -3.8930e-05, -9.1883e-06, -3.6716e-06,  1.6064e-05],
          [ 5.0461e-05, -3.9084e-05, -9.9684e-05, -2.9041e-05, -2.8640e-05],
          [ 1.1574e-04,  3.0775e-05, -1.3372e-04, -4.2026e-05, -9.0309e-05],
          [-1.8049e-04,  1.1015e-04, -1.0862e-04,  9.1558e-05,  5.9629e-06],
          [-1.0684e-04,  1.2250e-06, -1.2556e-04, -1.9149e-04,  7.3510e-05]],

         [[-9.5332e-06, -4.7145e-06, -1.9786e-05, -6.3149e-05,  2.9247e-05],
          [-7.7559e-05,  1.0846e-04,  7.7530e-05,  1.4642e-05,  3.2744e-05],
          [ 4.5366e-05, -8.8870e-05,  1.0916e-04,  2.6085e-05,  2.2987e-05],
          [ 5.1370e-05,  2.0352e-04,  1.8058e-06,  8.0995e-05,  8.7244e-05],
          [-6.3057e-05, -1.2364e-04,  4.2330e-06,  1.9440e-04, -1.0121e-05]],

         [[-1.8392e-05, -4.4356e-05,  2.7673e-05, -1.1032e-04,  7.1553e-05],
          [-6.9407e-05, -5.4639e-05, -7.2939e-05,  5.8414e-05, -2.6652e-05],
          [ 8.9833e-05,  9.4531e-05, -1.1482e-04, -3.3297e-05, -2.5936e-05],
          [-1.0623e-04, -8.0247e-06, -6.6527e-05, -6.8878e-06, -2.0246e-05],
          [ 3.6042e-05,  6.5860e-05,  6.3863e-05,  4.4676e-05, -5.8941e-05]],

         ...,

         [[-1.0931e-04,  1.1541e-05, -2.2088e-05, -1.8128e-05,  1.2786e-05],
          [ 9.4243e-05,  1.7912e-05,  4.5906e-05,  2.3366e-05,  3.0722e-05],
          [ 1.4956e-04,  1.3918e-04,  1.0086e-04, -6.3419e-05, -9.7823e-05],
          [ 1.9789e-04, -9.4674e-05,  4.1252e-05, -1.0729e-04,  2.0320e-05],
          [-1.1290e-04,  1.3108e-05,  1.1487e-04,  3.8374e-05, -1.0733e-05]],

         [[-5.8265e-05,  2.5133e-05,  1.8467e-04, -8.9499e-05, -8.3984e-05],
          [-6.8308e-06,  1.4551e-04, -1.1770e-05, -1.3278e-05, -1.0582e-05],
          [-2.4383e-04, -5.8040e-05, -1.4678e-04,  4.0083e-05, -2.1934e-05],
          [ 1.1414e-04, -1.2197e-05,  8.7600e-05, -6.5004e-06,  1.8072e-04],
          [-3.9060e-05,  1.8179e-04,  3.7230e-07,  4.8258e-05, -1.0618e-04]],

         [[-5.5486e-05,  2.6508e-05,  5.2333e-05,  1.8386e-05,  7.4643e-05],
          [-2.1590e-05,  5.7022e-05, -1.9644e-05, -8.9943e-05, -5.5089e-07],
          [ 8.7224e-06, -1.0444e-04, -8.2760e-05,  4.7758e-05,  1.2243e-04],
          [ 1.1652e-04, -4.0325e-05, -1.3404e-04,  4.7186e-05, -2.7602e-04],
          [ 1.1688e-04,  8.2785e-05,  1.3484e-04, -3.2088e-06,  3.4657e-05]]],


        [[[-1.6643e-04, -6.7488e-05, -9.4949e-05,  1.0407e-07,  7.7041e-05],
          [ 1.2741e-04,  1.0010e-04, -3.4757e-05,  5.6847e-06, -9.1749e-05],
          [-2.1068e-04, -8.3672e-05, -5.1755e-06,  4.5044e-05, -1.6993e-04],
          [-3.8492e-05, -2.7500e-05, -2.1622e-04,  8.4890e-05, -5.4522e-05],
          [-3.5064e-05,  1.5336e-05,  2.6153e-05, -2.6187e-05, -1.2012e-04]],

         [[-4.2579e-05,  2.6833e-05,  5.4438e-05,  9.0332e-05, -4.1845e-07],
          [-1.1344e-04,  1.2878e-04, -7.7477e-05, -1.5951e-04,  2.8890e-05],
          [-1.9578e-04, -2.7588e-05, -5.3974e-05,  1.3368e-05, -1.2954e-04],
          [-1.2447e-04, -7.1007e-06,  9.8044e-05, -6.1715e-05, -7.7500e-05],
          [ 1.5630e-04,  1.4138e-04, -1.1528e-04, -3.2993e-05,  1.6395e-05]],

         [[-1.7588e-05, -1.5003e-04, -1.0414e-04,  3.1713e-05, -2.3261e-05],
          [ 1.1218e-05, -5.9295e-05, -7.9880e-05, -2.1019e-04, -3.2255e-05],
          [ 1.2345e-05, -2.7230e-05, -1.1934e-04,  1.1039e-04,  1.6315e-04],
          [-6.1367e-05,  9.7429e-06,  3.4078e-05,  2.5519e-05,  1.8474e-05],
          [-2.7612e-05, -1.1267e-04, -2.1638e-06,  1.3574e-04, -3.4776e-06]],

         ...,

         [[ 7.8353e-05,  2.2271e-05,  1.4759e-04,  9.3383e-05, -1.5339e-06],
          [-1.9408e-04,  3.1026e-05, -6.6975e-05, -1.4374e-04, -2.2693e-05],
          [ 3.4211e-05, -2.2738e-05, -8.2507e-06,  7.7320e-05, -9.9178e-05],
          [ 2.6654e-05, -1.5458e-04,  1.4136e-04, -5.9409e-05,  7.8423e-05],
          [-1.5456e-04,  5.5662e-05, -1.1383e-04, -1.3650e-04,  2.6720e-05]],

         [[ 5.2628e-05, -3.4979e-05, -1.0898e-05, -8.3745e-05,  2.8982e-07],
          [ 2.0127e-04,  5.3480e-05,  9.2286e-05, -1.8639e-04, -2.8850e-05],
          [-1.7975e-04, -7.2937e-05, -1.2314e-04,  9.7014e-06, -1.5913e-04],
          [ 7.0523e-05,  2.2255e-05,  1.3246e-06, -1.0295e-04,  4.9755e-06],
          [ 4.7023e-05,  9.3526e-05, -2.1001e-05, -5.0481e-05,  2.9078e-05]],

         [[ 4.7414e-05, -7.4440e-05, -6.8935e-05,  6.7092e-05, -1.5160e-04],
          [-3.2815e-05,  6.5865e-05,  4.2844e-05, -1.1042e-04, -2.0885e-04],
          [ 9.2549e-05,  2.4673e-05,  9.1573e-05, -3.1795e-05,  8.9099e-05],
          [ 4.5175e-05, -1.4342e-04, -7.3438e-06,  3.1820e-05, -1.5764e-05],
          [-1.5274e-04, -3.2496e-05, -1.5552e-05,  2.6172e-06, -4.7903e-05]]],


        [[[ 8.0599e-06, -2.0420e-05, -8.6233e-05,  4.9136e-05,  9.7071e-05],
          [-1.8496e-04, -1.2332e-04,  1.5231e-05,  5.4093e-05,  8.5897e-05],
          [ 8.7257e-05,  1.6536e-05,  6.0718e-05, -8.3998e-06, -3.9568e-05],
          [ 3.7280e-05,  5.1288e-05,  6.2632e-05, -1.3175e-04,  1.0637e-04],
          [ 2.7024e-06, -9.8145e-05,  1.7654e-04,  2.8495e-04,  1.5295e-05]],

         [[ 9.8472e-05, -7.8645e-05, -5.5095e-05, -6.5357e-05, -2.6393e-04],
          [-2.2391e-04, -9.8859e-06, -1.6948e-05,  2.8192e-05, -1.8120e-05],
          [ 7.2357e-05, -1.3434e-04, -1.7436e-04, -4.3237e-06, -1.2481e-04],
          [ 1.3198e-04,  4.3523e-05,  5.1944e-05, -2.6803e-05,  8.2632e-05],
          [ 1.5331e-04, -1.3212e-04, -1.8143e-04,  1.3718e-04, -1.0021e-04]],

         [[ 1.2962e-04, -9.0580e-05, -5.9673e-05,  2.5010e-04,  1.8673e-05],
          [ 3.6881e-05,  3.6675e-05,  7.3372e-05, -2.3302e-05,  3.0396e-04],
          [-4.2828e-05,  9.4323e-05, -6.9328e-06, -3.1683e-05, -3.2146e-08],
          [-1.4223e-04, -8.7825e-05, -1.7544e-05, -7.5467e-06, -3.4231e-05],
          [-2.7509e-04,  2.0132e-04, -4.9730e-05, -6.0408e-05, -9.2538e-05]],

         ...,

         [[ 3.1696e-05, -4.4187e-05, -5.5143e-05, -9.8118e-06,  9.6313e-05],
          [ 6.5661e-06, -3.9911e-05,  3.5653e-05,  1.8354e-04, -7.7350e-05],
          [-2.7914e-04, -2.9108e-05, -1.0309e-04, -6.2066e-05, -3.2950e-05],
          [ 1.9451e-05,  8.7319e-05,  5.0667e-05,  1.3423e-04,  1.0462e-04],
          [-9.4732e-05,  7.5601e-05,  3.0111e-05,  6.7188e-05,  1.6584e-04]],

         [[ 1.6695e-05, -7.8914e-05,  2.0894e-04,  8.0126e-05,  1.0944e-04],
          [-8.4238e-05,  1.4824e-04,  7.6578e-06, -1.4478e-04, -2.8693e-05],
          [ 6.7217e-06,  4.4505e-05,  1.5722e-04, -1.0076e-04,  1.2492e-04],
          [ 1.2593e-04, -2.5391e-04, -2.2680e-04, -1.1421e-05, -1.1422e-04],
          [-8.6834e-05,  2.3050e-04, -9.5527e-06,  8.0599e-05,  4.4367e-05]],

         [[ 1.0409e-06,  4.1266e-05, -2.2735e-05, -9.5987e-05, -4.1431e-05],
          [-1.7714e-04,  2.3434e-05, -7.7775e-06,  8.9917e-05, -6.2739e-05],
          [-9.5931e-05,  1.0271e-04,  7.5180e-05, -3.3278e-05,  6.3768e-05],
          [-1.9767e-05,  7.1368e-05, -1.0277e-04, -5.3570e-05,  4.1536e-05],
          [ 2.1450e-04, -1.3124e-04,  2.0568e-04, -5.7123e-06,  3.4703e-05]]]],
       device='cuda:0', requires_grad=True)conv2.biasParameter containing:
tensor([-0.0164, -0.0044, -0.0546, -0.0147, -0.0042, -0.0023, -0.0043, -0.0086,
        -0.0105, -0.0052, -0.0051, -0.0034, -0.0049, -0.0267, -0.0178, -0.0519,
        -0.0285, -0.0034, -0.0114, -0.0156, -0.2044, -0.3311, -0.0046, -0.0151,
        -0.3066, -0.0062, -0.0045, -0.0100, -0.0138, -0.0088, -0.0043, -0.1403,
        -0.0045, -0.0248, -0.0138, -0.0283, -0.0079, -0.2155, -0.0089, -0.0990,
        -0.0071, -0.0195, -0.0060, -0.0145, -0.0053, -0.0098, -0.0241, -0.0192,
        -0.0055, -0.0029], device='cuda:0', requires_grad=True)fc1.weightParameter containing:
tensor([[-4.4941e-08, -5.3645e-05, -2.3065e-04,  ...,  8.3224e-06,
          1.1671e-05,  2.2048e-05],
        [ 1.0685e-26, -7.3652e-24, -1.5031e-23,  ...,  4.6283e-09,
          9.0751e-11,  3.9209e-29],
        [-9.0573e-41, -3.8691e-41, -7.3221e-41,  ..., -2.2394e-30,
         -1.3579e-33, -1.2514e-41],
        ...,
        [-1.1955e-26, -2.5046e-13, -1.5748e-09,  ...,  6.9706e-06,
          1.4498e-05,  8.2438e-05],
        [ 2.0662e-41, -5.9651e-31,  4.3731e-29,  ...,  3.9207e-33,
          3.4490e-32,  5.8850e-33],
        [ 3.0089e-41,  2.9530e-41,  2.3557e-41,  ..., -1.3825e-41,
          1.1345e-41, -2.9581e-42]], device='cuda:0', requires_grad=True)fc1.biasParameter containing:
tensor([-1.8001e-02, -8.5529e-04, -2.7300e-06, -2.0474e-02,  2.4706e-02,
        -1.2803e-02, -2.9469e-42, -8.0890e-08, -8.2906e-04, -1.5599e-22,
        -1.8021e-03, -7.3269e-03, -1.3182e-41, -1.4953e-05,  2.6500e-02,
         2.2906e-03, -1.4902e-12,  4.6302e-38, -7.1297e-18,  2.9552e-02,
        -1.2768e-02, -4.4912e-23,  1.8790e-02, -3.6004e-03, -2.6194e-04,
        -4.2661e-10,  2.9663e-27,  3.6237e-02, -8.4624e-29, -4.4476e-41,
        -6.1573e-03, -3.9616e-03,  1.2470e-04, -2.4810e-09, -1.3346e-03,
        -3.6013e-42, -3.4918e-21,  5.1690e-03, -9.6910e-05,  2.5811e-02,
        -3.9248e-08, -2.1025e-23,  9.2242e-06, -4.4167e-26,  1.9554e-04,
        -3.1866e-08, -4.2257e-04, -1.8931e-20, -9.8319e-10,  7.0579e-05,
        -1.3104e-06, -4.1230e-23, -2.4159e-19, -5.1780e-38, -4.3884e-03,
         8.3196e-02, -1.7317e-02, -8.1542e-04, -3.4122e-18, -1.9961e-20,
         3.6897e-17, -4.1955e-42,  3.6616e-42, -1.2662e-07,  1.0056e-02,
        -1.8966e-02, -6.7219e-23, -2.4320e-03,  2.8950e-02, -6.6267e-05,
         1.3593e-41, -1.6355e-03,  1.5860e-02, -1.8869e-03, -1.2320e-07,
        -1.0176e-03,  8.4129e-04,  1.2214e-41,  3.3721e-02,  6.0592e-42,
         4.8513e-42,  3.5789e-42,  2.1422e-36, -6.4789e-07, -2.9511e-04,
        -3.2891e-03,  1.5451e-02, -4.1959e-07,  6.2275e-03,  5.8889e-06,
         9.1021e-02, -6.4863e-05,  2.0096e-20,  4.3913e-03, -2.2509e-02,
        -3.7972e-04, -1.8894e-04, -9.4958e-09, -6.4962e-09,  4.7084e-42,
        -1.3807e-02, -1.9487e-02, -2.0044e-03, -3.3669e-07,  5.5652e-03,
        -1.0158e-06, -1.0488e-35,  6.9817e-29, -3.9643e-02, -1.2324e-41,
        -7.6963e-26, -4.1529e-31, -4.7479e-04, -1.4233e-08, -5.6584e-02,
        -2.1417e-22,  1.6437e-02, -2.2836e-10, -4.1287e-02, -2.5836e-02,
        -3.3988e-08, -2.4533e-04, -6.4450e-09, -1.2656e-05,  2.4070e-02,
        -5.1610e-42,  3.0107e-04, -3.5473e-03,  4.9389e-03, -1.2997e-41,
        -1.1219e-03, -1.1490e-23, -2.6926e-27, -4.6145e-07,  1.3628e-02,
         2.6130e-02, -7.2716e-04, -2.3787e-36, -2.3244e-03,  6.6501e-03,
         5.2544e-02,  4.6831e-42, -9.5423e-03, -1.3033e-41,  2.5360e-02,
         5.3399e-02,  5.4748e-40,  6.1951e-42,  5.0586e-02, -5.0691e-15,
        -3.3309e-42, -1.3310e-41,  1.8703e-04, -1.4182e-06, -4.4326e-25,
        -2.1930e-03,  1.4690e-12, -3.1382e-11, -5.3670e-42,  4.4396e-20,
         1.6479e-42,  3.5965e-13, -3.7483e-07,  2.5979e-02,  3.6100e-02,
        -1.1725e-34, -4.6170e-21,  5.5400e-02, -5.1496e-18, -9.9997e-42,
         9.4087e-03,  6.6902e-38, -1.2620e-41,  2.1146e-03,  1.1389e-02,
        -5.8285e-03, -1.4404e-02,  2.5326e-37, -1.3807e-07, -9.1345e-03,
        -3.5281e-14, -3.3519e-17,  5.0563e-03, -1.8038e-03, -9.5050e-42,
         5.6935e-42, -1.5757e-12, -6.4194e-03,  3.1767e-42, -2.1433e-03,
        -3.4094e-04, -2.9641e-02, -5.2523e-06, -2.1014e-03, -1.5847e-02,
         3.3096e-02, -4.0343e-42,  2.8630e-34, -8.5992e-06, -4.8395e-16,
         2.1325e-02,  2.1984e-35, -3.6948e-09,  7.7697e-03,  7.9210e-03,
        -1.0127e-41,  1.6082e-02,  2.3774e-28, -2.6566e-04, -9.2556e-08,
        -3.9834e-09,  2.7465e-42, -1.6211e-18,  4.9501e-03,  1.5539e-02,
         5.5631e-02, -3.1113e-12, -1.1483e-02, -2.1527e-03,  6.2344e-42,
        -2.4905e-02, -3.7062e-12, -1.3756e-08, -1.1549e-02,  3.0343e-02,
        -1.8834e-08,  1.0363e-41, -6.0079e-04, -4.9218e-06,  3.9629e-42,
         8.9714e-03, -1.7229e-41,  3.1909e-26, -1.2674e-04, -7.5914e-10,
         4.5640e-42,  1.7416e-02, -9.0819e-18,  3.1839e-02, -7.0986e-03,
         9.6690e-42, -2.0450e-03, -2.2967e-03,  1.2165e-02, -5.5464e-35,
        -1.1396e-02, -3.1093e-13, -3.3052e-03, -1.5631e-02,  3.9138e-42,
        -1.0906e-02,  1.2311e-38, -1.2679e-02, -8.0578e-04,  1.8785e-02,
         1.3179e-41,  1.3548e-05, -5.1105e-05,  4.2224e-03, -1.3101e-02,
        -9.4687e-22, -2.9732e-04,  5.3568e-03,  1.1349e-02, -4.1228e-07,
         2.3497e-21,  2.1229e-02,  9.3280e-12, -6.8713e-11, -3.1914e-05,
        -7.9110e-06,  6.0018e-42,  8.0743e-42, -2.2905e-02,  4.7522e-04,
        -1.4333e-02,  6.5216e-42, -1.8141e-07,  2.8424e-04, -2.2304e-02,
         1.6980e-28,  1.7223e-02, -6.8568e-03, -3.0294e-02, -1.7915e-14,
        -3.5613e-11,  1.1139e-41,  9.7975e-04,  1.3432e-02,  3.6532e-03,
         6.2474e-04, -1.2144e-41, -1.0669e-41, -5.4706e-20, -3.7712e-04,
        -7.6711e-05, -9.4264e-03, -2.7828e-08,  9.2799e-03, -1.5301e-38,
         7.8543e-42, -4.3426e-03, -2.4314e-02, -3.4612e-42,  3.6840e-42,
        -3.4672e-03, -3.4689e-03, -1.0025e-07,  6.8173e-03,  1.4589e-41,
        -4.6026e-15, -2.2934e-04,  2.7492e-02, -7.6277e-08, -2.0597e-02,
         1.0548e-02, -1.0275e-03,  1.2782e-02,  7.2969e-04, -3.8677e-03,
         3.0845e-02, -7.3670e-08,  8.6390e-42, -1.1631e-38,  2.5328e-02,
        -2.9182e-17,  2.5673e-04,  8.4125e-03, -2.3823e-03,  6.0703e-02,
         9.4307e-43, -5.7709e-13, -1.5116e-06, -1.0457e-02,  6.9348e-02,
        -6.4611e-03,  2.7605e-35, -7.9989e-03,  6.2769e-03,  2.1962e-02,
         7.0880e-02,  1.0648e-41,  6.6888e-03, -2.7521e-06, -6.6593e-03,
        -3.9568e-04,  2.5070e-03, -7.0613e-07,  1.0983e-03,  1.1390e-41,
        -3.2580e-02, -3.3409e-09, -1.9248e-06, -2.0035e-15, -3.5571e-26,
         9.3562e-03, -1.0607e-06,  1.8508e-02, -5.5059e-15,  2.6746e-02,
         1.7408e-03,  1.5823e-02, -3.7950e-05, -1.7869e-02, -1.0339e-26,
        -2.3423e-04, -1.0825e-41,  9.5019e-30,  1.4791e-02, -1.5842e-20,
         4.4738e-02,  2.3052e-02, -2.7698e-02,  1.4740e-37, -1.4195e-02,
        -8.7327e-03,  1.3916e-41, -6.3128e-02,  1.4905e-21,  5.0755e-42,
        -5.8812e-42,  3.5460e-14, -2.1145e-15,  2.8909e-42,  1.1194e-41,
        -6.0153e-15,  9.7865e-40,  1.8707e-02,  1.0229e-02,  2.0181e-02,
         2.0206e-31, -3.4508e-04,  1.0175e-02, -2.5451e-02,  1.7089e-07,
        -8.8213e-03,  5.8588e-03, -1.3206e-02, -3.2093e-03,  3.5877e-02,
        -7.0550e-25,  1.5929e-03, -2.3915e-03,  6.3110e-02, -2.4790e-26,
        -7.3103e-12, -1.4325e-02, -5.8037e-04,  4.2648e-03,  1.1079e-41,
        -2.3780e-17, -2.1810e-17, -1.3043e-02, -1.3433e-12,  2.6552e-02,
         2.1972e-02, -6.8644e-07, -1.2189e-31, -1.4209e-42,  3.4373e-03,
         3.6948e-02,  5.0388e-04, -1.2938e-41, -6.6669e-04, -1.2206e-12,
         1.1851e-02, -7.5778e-06, -4.2434e-12, -1.8226e-03, -2.5927e-02,
        -8.8882e-15, -1.9989e-08, -1.5137e-24,  1.3347e-41, -3.5203e-04,
         1.0865e-29,  2.5146e-06, -1.2467e-17,  7.5670e-03, -7.6596e-25,
         4.7491e-04, -4.5288e-04,  7.0201e-02, -5.2941e-42, -9.2960e-08,
        -6.7279e-09,  1.9366e-02, -6.4686e-28,  2.9144e-03, -9.2000e-19,
        -1.1508e-02, -1.3222e-04,  8.3945e-16, -3.0682e-02, -1.8573e-07,
         2.4348e-02,  1.7722e-02,  8.3793e-41,  1.9053e-02,  2.1840e-02,
        -1.7471e-08, -1.5860e-02, -7.7240e-42, -5.2852e-10, -2.4573e-27,
        -3.6201e-06, -1.0660e-15, -6.6173e-06, -1.4945e-24, -9.4921e-20,
         8.0123e-04, -1.4998e-02,  1.8585e-04, -4.0322e-03, -5.2219e-05,
        -3.7604e-03,  8.6879e-03,  6.3389e-02,  4.1963e-03, -5.7540e-25,
        -4.3293e-25, -6.5366e-03, -1.0392e-40,  6.5735e-42,  1.1024e-02,
        -2.7643e-18,  4.5634e-04,  7.9140e-23, -2.8867e-43, -7.7043e-42,
        -4.8182e-05,  2.7549e-35,  1.4721e-02, -3.9058e-33, -5.6748e-08,
        -1.7085e-18, -2.8484e-08,  9.7133e-03, -1.3264e-10,  6.7529e-08],
       device='cuda:0', requires_grad=True)fc2.weightParameter containing:
tensor([[-7.0400e-02, -2.6036e-04, -5.9679e-03,  ...,  4.4376e-02,
         -1.1427e-04, -6.4967e-06],
        [ 6.9342e-03, -1.8754e-03, -5.3107e-03,  ..., -1.4518e-01,
         -1.0281e-06,  1.2261e-05],
        [ 4.4000e-02, -7.9722e-04,  1.6970e-03,  ...,  1.8890e-02,
          3.2522e-03, -9.6172e-06],
        ...,
        [-1.5798e-02,  1.9773e-04, -7.5338e-03,  ..., -5.5513e-02,
          1.3992e-03,  2.3958e-03],
        [-4.7319e-01, -1.2192e-03,  1.1001e-02,  ..., -1.3796e-01,
         -1.4380e-03,  9.4722e-05],
        [ 1.5383e-01,  1.7758e-02, -1.6107e-04,  ..., -9.1571e-02,
          5.1044e-04,  1.0465e-03]], device='cuda:0', requires_grad=True)fc2.biasParameter containing:
tensor([-0.0352, -0.0526, -0.0148, -0.0688,  0.0041,  0.0425, -0.0308, -0.0428,
         0.1840, -0.0232], device='cuda:0', requires_grad=True)