conv1.weightParameter containing:
tensor([[[[-1.2207e-04,  2.1156e-04, -2.7121e-04, -4.3091e-05,  9.3511e-05],
          [ 1.1036e-05,  4.8228e-05, -2.4339e-05,  1.7989e-04,  2.6059e-05],
          [-1.3726e-04,  8.2281e-06,  2.6684e-05, -5.0684e-05,  1.2868e-04],
          [-2.5571e-04, -9.2147e-05,  2.3797e-05,  2.7342e-05,  1.2862e-04],
          [ 1.3965e-04, -1.3094e-05, -9.3515e-05,  2.3174e-05, -1.1436e-04]]],


        [[[-3.0872e-05,  3.8153e-05, -2.1719e-05,  1.9932e-05, -1.7497e-05],
          [ 4.1490e-05, -8.3407e-05, -4.3499e-05,  1.3604e-05, -3.3166e-05],
          [ 6.5343e-05,  2.8099e-05, -5.5098e-05,  8.6717e-05,  2.1371e-04],
          [ 7.8759e-05,  9.4450e-05, -3.7030e-05,  3.1199e-05, -1.3728e-05],
          [ 4.1606e-05, -8.9947e-05,  1.6070e-04,  1.0488e-04, -9.7080e-05]]],


        [[[-1.3151e-04, -3.4982e-05,  5.0653e-05, -4.1716e-05,  2.4490e-04],
          [-4.5973e-05,  1.6343e-04,  2.2397e-04, -1.2178e-04, -1.0909e-04],
          [ 8.9211e-05,  3.0071e-04,  4.1780e-05,  3.7293e-05,  3.6717e-05],
          [ 1.2522e-04,  4.2641e-05,  7.8935e-05, -2.7600e-05,  1.6116e-04],
          [ 7.0651e-05,  6.1984e-05,  2.5077e-05,  2.1548e-05,  1.0767e-05]]],


        [[[-9.9100e-04, -1.6132e-03, -5.8744e-04, -1.8644e-04, -3.2417e-04],
          [-3.1118e-03, -2.4672e-03,  5.3982e-05, -3.1414e-04, -8.9373e-04],
          [-3.4416e-04,  1.6328e-01,  7.4962e-01,  4.2030e-01, -2.2968e-04],
          [ 9.1494e-04,  1.1619e+00,  1.6841e+00,  7.1643e-01,  2.1916e-03],
          [ 1.2677e-03,  2.9969e-01,  4.1491e-01,  7.7956e-03,  1.1595e-03]]],


        [[[-9.9273e-05, -1.5941e-04,  4.4536e-05, -6.2713e-06,  1.9068e-04],
          [ 4.6457e-05, -3.6801e-05, -1.1840e-04, -7.8317e-05, -3.9326e-05],
          [-5.8461e-05, -2.8943e-05,  1.5262e-04,  9.8744e-05, -5.4695e-05],
          [ 1.2201e-04,  3.1503e-05, -1.1221e-04, -1.9029e-04,  5.9369e-05],
          [-3.3875e-04,  1.5293e-04,  6.0974e-05,  1.2264e-04,  5.8172e-05]]],


        [[[-4.8010e-07,  5.7295e-05,  1.4686e-05, -5.5944e-05,  4.7259e-05],
          [-2.3209e-05,  5.6681e-05,  2.7466e-05, -1.6551e-05,  1.1374e-04],
          [ 8.0605e-05, -5.4715e-05,  6.9152e-05,  1.0436e-05,  2.2527e-05],
          [-1.0329e-04, -2.0783e-06,  9.9715e-05, -1.1302e-04,  1.0930e-04],
          [-9.4499e-05,  1.3064e-04, -9.6215e-05, -1.9614e-04,  2.8699e-05]]],


        [[[ 8.2169e-05, -4.7403e-05,  6.8548e-05,  7.2680e-06,  3.6957e-05],
          [-5.5235e-05, -5.2818e-05,  2.6023e-05,  4.4977e-05,  1.0081e-04],
          [-6.2933e-05, -5.9442e-05, -8.5046e-06,  1.0204e-04,  1.1153e-04],
          [ 1.0397e-04, -6.7288e-05,  1.8085e-04, -5.6771e-05,  1.9272e-04],
          [-4.7274e-05, -4.7918e-05, -1.4567e-04, -9.0306e-05,  2.4067e-05]]],


        [[[-4.4175e-05, -3.2334e-05,  2.7370e-05,  5.3215e-05,  2.6541e-05],
          [-1.4195e-04,  8.0716e-05, -6.7349e-06,  2.6968e-05,  2.9552e-04],
          [-1.9229e-05, -7.2738e-05, -3.0713e-05,  1.3884e-05, -2.6140e-05],
          [ 2.7767e-05, -1.7135e-04,  4.0247e-05,  1.3234e-05, -5.3309e-05],
          [-2.6503e-05, -1.8359e-05,  1.7561e-05,  1.9209e-04, -4.2057e-05]]],


        [[[ 3.6782e-05, -8.4973e-05,  3.2841e-05, -2.7690e-05,  1.6001e-04],
          [ 5.6784e-05,  3.3231e-05, -8.3843e-05,  3.9377e-05, -6.4748e-05],
          [-3.4659e-05, -5.8603e-05,  1.9364e-04,  5.9735e-05, -3.4572e-04],
          [-5.2682e-05,  1.6631e-04, -2.1917e-05,  2.0990e-05,  2.7060e-04],
          [ 2.9148e-05, -8.6205e-05,  6.4875e-05,  4.1780e-05,  9.0382e-05]]],


        [[[ 1.3604e-05, -1.7758e-04, -2.7627e-05, -9.8401e-06, -9.3450e-05],
          [ 4.0251e-05, -5.7893e-05,  1.4826e-04, -1.0125e-04,  2.1381e-05],
          [ 1.6321e-04, -5.1467e-05,  3.2571e-05,  2.0037e-04,  8.5766e-05],
          [-7.6599e-06, -2.6114e-05,  9.5730e-05, -4.8251e-06, -4.3672e-05],
          [-8.6897e-05, -3.9907e-05, -4.6515e-05,  2.5095e-05,  8.2517e-05]]],


        [[[ 4.9618e-05, -4.0244e-06, -2.3255e-04, -2.1470e-05,  7.8477e-05],
          [ 1.5201e-05,  3.4440e-05,  1.7380e-04, -1.8797e-05,  1.1537e-04],
          [-2.9539e-05,  6.1951e-05, -4.8553e-05, -1.1031e-04, -2.0268e-04],
          [-4.2490e-05,  5.0528e-06,  1.3810e-04, -1.1773e-04, -1.7967e-05],
          [-6.0936e-05,  1.5055e-05,  3.3905e-05, -3.2553e-05,  3.3738e-05]]],


        [[[-1.0565e-05,  1.5246e-04,  7.6430e-05, -9.6141e-06,  1.3019e-05],
          [ 4.5237e-05,  1.1610e-04, -9.5983e-05,  2.0288e-04,  9.9433e-05],
          [-2.2991e-05, -4.7695e-06, -1.2844e-04, -1.5635e-04, -7.8464e-05],
          [ 4.5919e-05, -1.0876e-04, -3.4105e-06, -4.1259e-05,  1.7170e-04],
          [ 2.8159e-06, -3.9956e-05,  1.6964e-05, -2.3824e-05, -2.1125e-04]]],


        [[[-3.2901e-05,  4.3475e-05, -7.5284e-05, -1.6470e-04,  1.3529e-05],
          [-2.7755e-05,  9.0822e-06, -2.3221e-05,  1.6541e-04, -1.0442e-04],
          [ 1.7259e-05, -9.7936e-05,  9.7663e-05,  3.4322e-06,  6.4617e-05],
          [ 2.1209e-04,  5.6475e-05,  1.5565e-04,  6.8812e-05,  3.6386e-05],
          [ 3.0978e-04,  1.5521e-05,  2.6495e-04, -8.0225e-05,  7.9503e-05]]],


        [[[ 2.8751e-05,  3.5312e-05,  3.7346e-05, -1.1666e-04, -8.8772e-05],
          [-4.6671e-05,  7.1865e-05,  6.2415e-05, -6.4358e-05,  5.6180e-05],
          [ 9.3757e-05,  1.2666e-04,  3.5460e-05,  1.3318e-05, -1.0543e-04],
          [ 6.1307e-05, -9.3844e-05,  1.4837e-04,  8.0667e-05,  1.1749e-04],
          [-6.7248e-05,  2.3124e-04,  1.7437e-04, -4.8315e-05,  1.1498e-04]]],


        [[[ 7.7950e-05, -6.3325e-05, -1.7898e-05, -3.5818e-05, -3.4147e-05],
          [-5.4363e-05, -1.4872e-04,  1.3800e-04,  1.4346e-04, -7.2544e-05],
          [-2.4992e-06,  3.9995e-05,  1.4065e-04, -2.1852e-05, -1.6899e-05],
          [-2.3105e-04,  1.4515e-04, -4.3357e-06, -3.4119e-05,  8.2619e-05],
          [ 4.6268e-05, -3.9797e-05, -9.6337e-05,  1.3907e-04, -1.5292e-04]]],


        [[[-1.9874e-05,  8.5364e-05, -5.1555e-05, -7.9927e-05,  4.3174e-07],
          [ 1.2814e-04, -1.4993e-04, -4.8354e-05,  6.5513e-05, -1.4553e-04],
          [ 1.5464e-04, -1.6357e-05,  1.2532e-05,  7.4908e-05, -5.6659e-05],
          [-1.5690e-05,  1.2598e-04,  3.5961e-05, -2.7604e-05, -4.4829e-08],
          [ 7.6239e-05,  5.7192e-05,  3.8124e-05, -1.2872e-04, -7.3531e-05]]],


        [[[ 4.4343e-05, -1.0586e-04,  3.4294e-05, -1.7558e-04,  6.5916e-05],
          [ 1.3454e-04,  1.1628e-04,  5.7979e-05,  8.2066e-05,  5.4103e-05],
          [ 9.4644e-05, -7.6623e-05, -1.1597e-04,  8.7560e-05,  6.5917e-05],
          [-7.0453e-05, -6.5941e-05, -9.4031e-05, -1.0428e-05,  2.5916e-05],
          [-9.2755e-05,  3.8859e-05, -1.1687e-04, -1.7597e-05,  1.1945e-04]]],


        [[[-3.1198e-05, -6.5870e-05,  1.6334e-04,  1.6100e-06, -9.6734e-05],
          [-4.7982e-05, -1.7516e-04,  1.0340e-04, -1.6764e-04, -3.2027e-05],
          [-1.5292e-04,  1.7426e-04, -7.2769e-05, -1.4091e-04,  6.7391e-05],
          [-7.0348e-05,  1.5507e-04, -5.1986e-05, -1.0394e-05, -2.0498e-05],
          [ 2.1828e-05,  2.2437e-06,  1.2167e-05,  1.4781e-04,  6.2823e-05]]],


        [[[-5.6490e-05, -2.5728e-05,  1.3445e-04, -8.9194e-05, -6.8086e-05],
          [-1.9152e-04,  2.4501e-05,  1.9019e-04,  2.1950e-04, -1.9291e-04],
          [-6.7737e-05,  8.9463e-05,  1.3485e-04,  7.2640e-05, -2.0103e-04],
          [-2.5139e-05,  1.3098e-04,  1.8353e-04, -2.3608e-04, -1.7945e-05],
          [-3.2736e-05,  8.7197e-05,  5.9191e-05, -2.3341e-04, -3.9717e-05]]],


        [[[-1.0002e-05,  9.5593e-05,  1.7166e-05,  5.0539e-05,  3.7130e-05],
          [-9.2376e-05, -4.6530e-05, -1.5788e-06, -6.0427e-05, -6.0115e-05],
          [ 4.5992e-05,  1.9507e-05, -1.6728e-05,  1.0584e-04,  7.9094e-05],
          [ 1.3642e-04, -2.4230e-05,  4.7990e-05,  8.6968e-05,  1.5984e-05],
          [ 1.0000e-04, -5.3328e-05, -1.1984e-04,  3.7365e-05,  1.4815e-04]]]],
       device='cuda:0', requires_grad=True)conv1.biasParameter containing:
tensor([-0.0028, -0.0006,  0.1445,  0.0013, -0.0009,  0.1376,  0.1468, -0.0009,
        -0.0033,  0.1433,  0.0173,  0.1436,  0.1138,  0.1383,  0.1117,  0.0033,
        -0.0007,  0.1284,  0.0030, -0.0008], device='cuda:0',
       requires_grad=True)conv2.weightParameter containing:
tensor([[[[ 1.4987e-04,  7.1775e-05,  1.2382e-04, -8.4334e-05,  1.0161e-04],
          [ 4.5348e-05,  6.8607e-06, -6.9591e-05,  1.4727e-04,  9.4788e-05],
          [ 5.3465e-05,  9.6331e-05,  2.9554e-05, -1.2392e-04,  3.9536e-05],
          [ 1.3305e-04,  1.4686e-04,  5.2891e-05,  1.4694e-04,  7.5872e-06],
          [-8.1439e-05, -1.1115e-04,  9.0545e-05, -5.2900e-05, -3.7778e-05]],

         [[-1.2478e-04, -1.3970e-04,  1.7050e-05, -1.7177e-04,  2.4770e-05],
          [-4.1986e-05,  4.6860e-05, -2.2926e-05, -8.8110e-05,  1.1418e-04],
          [ 6.0179e-05, -1.2897e-04,  4.1125e-05,  3.4424e-05, -1.6193e-04],
          [ 2.7234e-04,  1.4196e-05,  3.3273e-05, -1.8853e-04, -4.1698e-05],
          [-1.1356e-04,  7.6130e-06,  4.5825e-05,  8.4403e-05, -4.7531e-05]],

         [[-8.6653e-05,  2.2725e-04, -6.2003e-07,  2.9393e-05,  1.0233e-06],
          [-4.9624e-05,  5.9830e-05, -6.0753e-05, -9.2673e-05, -6.4806e-05],
          [ 5.3811e-05, -9.5157e-05, -4.6045e-05,  6.1660e-05,  1.0510e-04],
          [ 7.9544e-05, -7.1961e-05, -7.5667e-06, -1.2738e-05, -8.7067e-05],
          [ 8.6075e-05,  7.9701e-07,  2.5628e-04, -5.1793e-05, -6.4792e-05]],

         ...,

         [[ 5.8609e-06, -9.1888e-06, -3.4355e-05,  1.0789e-05,  1.9595e-04],
          [-1.1795e-04,  1.0776e-04, -1.2802e-05,  1.5658e-05, -8.4525e-05],
          [-5.3116e-05, -8.6420e-05, -3.9798e-06,  1.0544e-04, -2.8549e-05],
          [ 1.9658e-05, -6.2342e-05, -1.9164e-04, -3.1279e-05,  4.3916e-05],
          [ 1.4956e-04, -2.0064e-05, -7.2343e-05, -1.5857e-04, -2.7108e-05]],

         [[ 1.9940e-04,  6.5866e-05, -7.2881e-05,  3.0293e-05,  1.1028e-05],
          [ 1.5234e-05,  1.0580e-04, -9.9971e-05, -3.1985e-05, -6.6172e-05],
          [ 8.7519e-05,  1.1885e-04, -2.7212e-05,  1.2436e-04,  4.6144e-05],
          [ 1.7950e-04,  3.5737e-05,  1.1122e-04,  3.5730e-06, -3.4041e-06],
          [-8.9315e-05, -3.2094e-05, -3.1482e-05,  4.4299e-05,  7.8798e-05]],

         [[-4.3865e-06, -1.4172e-04,  5.0165e-05, -1.2524e-04,  1.8226e-05],
          [-4.7289e-05,  9.4932e-05, -1.0462e-04,  1.6011e-04, -8.3691e-05],
          [ 6.4314e-05, -1.5673e-04, -6.8148e-05, -1.4511e-04, -1.0105e-04],
          [-1.0022e-04, -4.1010e-05, -7.4645e-05, -5.5637e-05, -4.3722e-05],
          [ 4.4403e-05,  9.4160e-05, -1.5621e-05,  1.9435e-04,  3.5581e-06]]],


        [[[ 1.5859e-04, -3.3337e-05, -1.6265e-05,  1.6762e-06,  2.2101e-05],
          [-2.6414e-06,  1.0223e-04, -1.8993e-04, -2.7637e-05,  1.5805e-05],
          [-7.5181e-05, -4.6701e-05, -1.1857e-05, -5.0149e-05, -6.6667e-05],
          [ 9.1996e-06,  1.6138e-04, -8.7052e-05,  3.1687e-06,  9.7100e-06],
          [ 1.8386e-05,  4.4590e-06,  2.1614e-05, -1.5385e-05,  3.4312e-05]],

         [[-2.5374e-05, -2.1752e-05, -6.8220e-05,  5.5536e-05, -1.0209e-04],
          [-4.2388e-05,  7.4078e-05, -1.0040e-04,  8.7460e-06,  5.1466e-05],
          [-3.5157e-05, -1.8024e-04, -8.3180e-05, -1.0991e-04,  1.7986e-04],
          [-3.1991e-05, -5.5928e-05,  4.7655e-07, -1.8233e-05, -3.1729e-05],
          [-1.8202e-05, -2.9031e-05, -1.7974e-04, -6.5462e-05, -1.8154e-05]],

         [[-1.6954e-05,  3.4149e-06, -6.4970e-06,  4.7585e-05,  1.7577e-04],
          [-1.0680e-04,  5.0281e-05, -8.5057e-05, -8.8974e-05, -1.5742e-04],
          [-2.8342e-06,  2.9299e-05,  2.0418e-05, -1.3054e-04,  9.7548e-05],
          [ 7.4547e-05, -6.1810e-05, -4.4558e-05,  4.3993e-05, -8.8971e-05],
          [-8.1321e-05,  5.4447e-05, -3.2230e-06, -6.8041e-05,  1.7734e-04]],

         ...,

         [[-7.7167e-05,  1.5462e-04, -1.3365e-04,  2.8304e-05,  1.7475e-05],
          [-1.3319e-04,  3.7256e-05,  6.3874e-05,  5.4496e-06, -2.9558e-05],
          [ 8.9603e-05, -9.2507e-05,  1.0840e-04, -4.6760e-05,  4.8760e-05],
          [ 4.4167e-05,  3.7026e-05, -1.2523e-04, -8.0024e-05,  8.6015e-05],
          [-6.0425e-05, -8.3177e-05,  6.3842e-05,  3.2631e-05,  7.9680e-06]],

         [[-4.7910e-05, -2.3885e-05,  1.1960e-05,  1.7714e-04, -1.1603e-04],
          [ 3.8370e-05,  1.7331e-05, -7.0713e-05, -7.3653e-05, -3.0883e-05],
          [ 9.2834e-05, -1.7752e-04,  5.3312e-05,  1.8298e-04, -9.2469e-05],
          [ 1.3642e-05,  6.5031e-05, -6.6831e-05, -1.5151e-04, -4.7930e-05],
          [ 7.2259e-05, -1.3301e-04, -1.3600e-04, -5.5256e-05,  2.4624e-05]],

         [[ 3.2267e-05,  6.4545e-06,  3.6804e-05, -5.1308e-06,  8.8397e-05],
          [-1.4635e-04,  1.8292e-05,  1.1534e-05,  7.5903e-05,  9.4546e-05],
          [-2.1703e-05, -8.0357e-05,  4.2628e-05,  2.1874e-05, -3.4887e-06],
          [-1.1923e-04,  5.7361e-05, -3.7346e-05, -1.6525e-05,  2.9630e-05],
          [-6.1343e-06,  1.3837e-05, -7.2796e-06, -1.0374e-04,  1.9326e-05]]],


        [[[-2.7267e-04,  6.5149e-05, -4.7578e-05,  4.8298e-05,  5.2393e-05],
          [-8.8306e-05,  1.5365e-05, -1.5231e-05,  6.3847e-06, -7.1851e-05],
          [ 8.2254e-05,  1.0423e-04, -6.8946e-06,  1.5373e-05,  1.2849e-04],
          [-9.1993e-05,  3.4957e-05,  2.7272e-04,  1.1312e-04,  3.8158e-05],
          [ 7.8073e-05, -2.2727e-05, -1.3386e-04, -3.0474e-05,  2.0880e-04]],

         [[ 8.2456e-05, -8.2103e-05,  1.5022e-05, -7.1650e-06, -6.9619e-05],
          [ 7.7044e-06, -1.0536e-04, -5.3950e-05, -7.1640e-06, -5.1258e-05],
          [ 1.6006e-05,  9.1515e-05, -1.7406e-06,  6.0471e-05, -1.3647e-04],
          [ 9.4693e-05, -1.8255e-04, -8.3814e-06,  7.4995e-05,  5.5441e-05],
          [ 7.1229e-05, -8.5248e-06, -2.0607e-05,  4.8391e-05,  1.2778e-04]],

         [[ 2.7317e-04,  1.0588e-04, -1.0427e-04, -9.3776e-05,  1.9451e-04],
          [ 2.7206e-05, -1.3728e-05,  1.9727e-05,  7.7550e-05,  3.0545e-05],
          [ 9.8837e-05, -4.7733e-05,  7.5591e-06,  1.1564e-04,  1.1036e-04],
          [ 7.2842e-05,  4.1594e-05,  3.0486e-05, -1.1619e-04, -1.3597e-04],
          [-8.2716e-05,  1.9634e-05, -7.2926e-05,  7.0230e-06, -7.8732e-05]],

         ...,

         [[-3.8537e-05,  7.2791e-05,  2.1358e-04,  1.0519e-04,  1.2481e-04],
          [-1.6259e-04,  2.9160e-05,  1.6539e-04, -3.6403e-05, -1.8654e-05],
          [ 5.8188e-05,  3.6743e-05,  1.9878e-04,  9.0488e-05,  7.5816e-05],
          [ 2.1355e-04, -6.9176e-05,  1.6644e-04,  9.1639e-05,  2.8997e-05],
          [ 6.1323e-05, -5.8633e-05,  1.6287e-04, -9.7588e-06, -5.2828e-05]],

         [[-1.5216e-04, -1.5253e-04,  1.8770e-05, -1.2468e-04, -7.6723e-05],
          [ 1.6223e-05,  1.2824e-05,  5.9952e-05, -1.2463e-04, -8.7952e-05],
          [ 1.2153e-05, -7.6820e-05, -5.4482e-06,  3.6949e-06, -4.1794e-05],
          [ 1.5263e-04,  2.1145e-05,  4.5170e-05,  5.0267e-05,  7.0231e-07],
          [ 4.6089e-05, -2.3790e-05, -1.8573e-04,  6.0374e-05, -6.7696e-05]],

         [[ 7.2477e-05, -7.2044e-05,  3.4009e-05,  3.3949e-05,  2.5883e-04],
          [-3.1964e-06, -7.3633e-05,  3.3117e-05, -4.2960e-05,  4.2158e-05],
          [-1.3513e-04, -9.2786e-05, -5.9054e-05, -5.1648e-06, -9.0068e-06],
          [ 8.7790e-06,  7.7262e-05,  9.3738e-05, -1.4895e-04, -2.1598e-05],
          [ 3.1779e-05, -8.5654e-05, -9.3977e-05,  2.4093e-04,  6.0021e-05]]],


        ...,


        [[[ 1.0746e-04, -2.0243e-05,  1.6592e-05,  8.9898e-05,  6.6098e-05],
          [ 7.4037e-05, -7.2614e-05,  1.3544e-06,  2.0237e-05,  6.8140e-05],
          [-1.1881e-04,  3.3140e-05, -1.7304e-05, -4.4360e-06,  5.4524e-05],
          [ 6.8329e-05,  2.9093e-06,  4.6871e-06, -4.6930e-06,  2.6765e-05],
          [ 2.0255e-05,  4.3903e-05,  9.1731e-05,  1.0875e-04, -4.0973e-06]],

         [[-1.7882e-05, -4.2726e-05,  1.7959e-05, -3.3078e-05,  1.2392e-04],
          [ 1.6509e-05, -1.2377e-05, -1.3421e-05,  1.6511e-05, -2.4782e-05],
          [ 1.2442e-05, -1.8467e-04,  3.8671e-06, -1.1049e-04, -3.3852e-05],
          [-5.5100e-05, -8.0210e-05,  2.4010e-05, -2.5650e-05, -5.7728e-06],
          [-9.6148e-05,  4.6030e-05, -1.8574e-04,  1.2345e-04,  5.3806e-05]],

         [[ 7.9850e-05,  4.2226e-05,  1.1458e-04,  8.5802e-05,  5.7122e-05],
          [ 1.2635e-04,  8.3990e-06,  5.6588e-07,  5.8577e-05,  1.1455e-04],
          [-7.2258e-05, -7.1333e-05, -8.6857e-05,  1.3164e-04, -2.7115e-05],
          [-2.9744e-05, -6.3344e-05, -5.4739e-05,  3.2615e-05,  6.0770e-05],
          [ 9.1787e-05, -1.7566e-04, -3.4900e-06, -1.1691e-04,  1.6153e-04]],

         ...,

         [[ 7.4828e-05,  1.0849e-04, -1.0446e-04, -9.8214e-05,  5.7562e-05],
          [-4.7756e-05, -3.5150e-05, -6.3905e-05, -1.6176e-05,  6.1672e-07],
          [-1.6500e-05, -4.6404e-06,  1.1397e-04, -4.6002e-05,  2.6400e-05],
          [-2.6617e-05, -7.2192e-05,  5.2804e-05,  2.3522e-04, -1.0925e-04],
          [ 1.3194e-04,  7.2020e-05, -1.2421e-05, -2.4029e-05, -1.0640e-04]],

         [[ 2.3038e-05, -5.4088e-05,  3.9860e-06,  2.6794e-05,  8.8195e-05],
          [ 5.0317e-05, -2.1041e-04, -4.8915e-05,  7.7775e-06,  1.7570e-04],
          [-1.2599e-05, -1.7846e-04, -6.6764e-05, -9.1704e-06, -1.1087e-05],
          [ 4.5235e-05,  5.2373e-05, -1.4366e-04, -3.8109e-05, -1.1674e-04],
          [ 1.0865e-04,  4.3069e-05,  5.5598e-06, -1.5363e-05, -5.4708e-05]],

         [[ 2.9127e-05, -3.3500e-05,  3.3694e-05,  3.0608e-05, -1.6514e-04],
          [ 4.0103e-06,  8.7928e-05, -4.6065e-05, -7.7182e-05,  5.4488e-05],
          [-7.7144e-05,  3.6775e-05,  5.1102e-05, -5.5736e-05, -1.8785e-05],
          [-5.9779e-05, -7.7304e-05, -5.2235e-05,  3.3315e-05, -9.5791e-05],
          [-6.9299e-05, -1.1587e-04,  9.1266e-05,  3.9775e-05,  1.7892e-05]]],


        [[[-2.8178e-06, -2.3953e-05,  1.5864e-04,  2.7375e-06, -2.3897e-05],
          [-2.6779e-05,  1.1983e-04,  3.4577e-05, -5.2112e-05,  1.2081e-04],
          [-1.4184e-04,  5.0103e-05, -9.0553e-05, -3.8857e-05, -4.0102e-05],
          [-1.4224e-04, -8.4179e-06,  9.7894e-05, -1.7737e-05,  1.4220e-04],
          [ 3.2677e-05, -2.3209e-05, -3.1583e-05,  1.0331e-05, -6.6031e-05]],

         [[-3.7552e-05,  8.9803e-05,  1.5925e-05, -3.8145e-05, -9.2563e-05],
          [ 3.9024e-05, -3.6976e-05, -1.0337e-05, -4.6410e-05, -1.3069e-05],
          [-7.0979e-06,  5.2433e-05,  4.7344e-05, -1.5250e-04, -3.8071e-05],
          [-9.0762e-05,  8.8364e-05, -4.6328e-05,  6.5330e-05, -4.0249e-06],
          [ 1.1858e-04, -2.0385e-05,  1.7026e-04, -9.9152e-05,  8.1937e-06]],

         [[-2.1746e-05,  7.0043e-05,  7.2791e-05,  3.7362e-04, -9.0532e-05],
          [ 1.6677e-04, -5.0528e-05, -9.3008e-05, -3.2265e-05, -4.9403e-05],
          [ 7.2588e-05,  6.8313e-05,  1.6411e-04,  5.8178e-05,  4.6284e-05],
          [-4.8647e-05, -7.3381e-05,  2.9500e-04, -9.9992e-06, -8.9348e-05],
          [ 2.4954e-04,  2.1618e-04, -6.7603e-05, -8.9053e-06,  7.4106e-06]],

         ...,

         [[-9.9301e-05,  2.3021e-05, -1.2025e-04,  1.1924e-04, -2.7578e-07],
          [-1.1628e-04,  4.8003e-06, -3.0181e-05,  9.9918e-05,  3.7694e-05],
          [ 4.5041e-05,  9.0507e-05,  6.4696e-05, -3.5379e-05, -8.9635e-05],
          [ 9.2029e-05, -1.4143e-04,  6.9696e-05,  1.3054e-04, -1.3829e-04],
          [ 6.9571e-05,  7.6422e-05, -1.2667e-05,  2.4467e-05, -2.9928e-05]],

         [[ 8.0162e-05,  7.2097e-05,  6.5416e-05, -1.7213e-04,  1.0646e-04],
          [ 1.9117e-04, -4.0001e-05, -2.1232e-05, -4.4600e-05,  1.0026e-04],
          [ 2.2925e-04,  1.5701e-05,  4.8670e-05, -8.2405e-05, -5.8013e-05],
          [-8.2686e-05, -1.3548e-04,  9.1566e-05,  1.8410e-04,  1.5961e-04],
          [ 4.8647e-05,  8.4228e-05,  1.8992e-05,  1.1385e-04, -2.3702e-05]],

         [[ 8.0557e-05, -3.7169e-05,  1.0338e-04,  6.0030e-05,  9.3342e-05],
          [-2.5996e-05, -2.1524e-05, -1.1103e-04,  3.4070e-05, -3.1626e-05],
          [-7.5786e-05,  7.4636e-06,  3.0551e-05,  4.7314e-05, -3.1125e-05],
          [ 1.0430e-04, -5.4591e-05, -5.0853e-05,  4.1694e-05,  1.0555e-05],
          [ 5.8452e-05, -4.4868e-05,  5.8332e-05,  4.4117e-06,  2.8562e-04]]],


        [[[ 1.6880e-05, -2.2845e-04,  1.6005e-05, -3.2965e-05,  1.0786e-04],
          [ 7.2549e-05,  1.8997e-04,  4.5816e-05, -1.4056e-04, -1.0590e-05],
          [-1.2264e-04,  1.6093e-04,  3.5405e-05,  1.2142e-04, -2.7960e-05],
          [-1.1656e-04,  4.4518e-05, -7.6879e-05,  1.1137e-04,  1.7922e-04],
          [-7.6861e-05, -1.3276e-06, -7.6993e-05, -2.4011e-04,  1.1800e-04]],

         [[ 5.8651e-05, -2.3467e-05, -7.3982e-05, -7.3819e-05, -7.1892e-05],
          [-1.7397e-04,  3.0961e-05, -1.7396e-04,  1.9695e-05, -1.7366e-05],
          [-7.3598e-05,  6.3821e-05, -1.9918e-05,  6.6081e-05, -4.2999e-05],
          [-6.0728e-05, -9.3127e-05,  7.4550e-05, -1.9188e-04,  3.8795e-05],
          [-2.3009e-05, -1.9497e-05, -8.3377e-06, -1.2123e-05,  7.3180e-05]],

         [[ 1.0153e-04, -1.6572e-04,  8.8139e-05,  1.1948e-04, -3.9171e-05],
          [ 1.8836e-05,  3.6529e-06,  1.0647e-04,  5.3482e-05,  1.0189e-04],
          [ 3.1476e-05, -1.1243e-04,  1.1357e-04, -2.2677e-04, -7.3393e-05],
          [-8.6151e-05,  5.4707e-05,  1.4338e-04, -7.8545e-05, -5.2555e-05],
          [-1.6026e-06,  2.1045e-06, -1.1867e-04,  8.5001e-06,  4.0592e-05]],

         ...,

         [[ 1.2466e-04, -4.3609e-05, -7.5979e-06, -1.0451e-05,  1.7836e-04],
          [ 2.4541e-05, -6.4324e-05, -1.7600e-04, -8.6690e-05,  2.1536e-05],
          [-1.1106e-05, -1.1351e-04, -9.8090e-05,  6.1239e-06,  2.0846e-05],
          [ 2.5202e-05, -2.6535e-05, -1.5710e-04, -1.2021e-05,  1.0659e-04],
          [-2.1536e-05, -6.9816e-05, -1.5454e-04,  9.4868e-05, -5.5852e-05]],

         [[-1.4126e-05, -5.9050e-05, -1.3056e-04,  4.3363e-05, -1.0212e-04],
          [ 1.0465e-04,  1.9727e-05, -1.4569e-05, -1.0945e-04, -7.0708e-05],
          [ 1.2386e-06,  1.0342e-04, -8.5073e-05, -1.4463e-05, -1.4948e-05],
          [-6.9983e-06, -6.8635e-05,  4.1817e-05,  7.1681e-05,  1.7384e-04],
          [-9.5822e-06, -1.8630e-05,  7.0321e-06, -2.6107e-04,  4.6323e-05]],

         [[-3.4697e-05,  8.2037e-05,  2.2421e-05,  1.3967e-04,  4.2578e-05],
          [ 4.8773e-05,  6.8046e-05, -7.0704e-05, -4.8286e-05,  3.3244e-05],
          [-3.8756e-05,  5.9512e-07,  7.2335e-05, -6.4144e-05,  5.3321e-05],
          [-2.4178e-05, -4.0815e-05, -5.2067e-05, -2.7268e-05, -1.0598e-04],
          [-1.9973e-04,  7.0518e-05,  5.1502e-05,  4.8738e-05,  4.1295e-05]]]],
       device='cuda:0', requires_grad=True)conv2.biasParameter containing:
tensor([-0.0040, -0.0046, -0.0035, -0.0037, -0.0030, -0.0059, -0.0057, -0.0037,
        -0.0034, -0.0031, -0.0039, -0.0038, -0.0042, -0.0055, -0.2190, -0.0099,
        -0.0036, -0.0041, -0.0163, -0.0034, -0.0030, -0.0280, -0.0127, -0.0048,
        -0.0221, -0.0151, -0.2213, -0.0034, -0.0897, -0.0079, -0.0045, -0.0038,
        -0.0035, -0.0126, -0.0035, -0.0041, -0.0043, -0.0023, -0.0122, -0.0151,
        -0.0054, -0.0131, -0.0033, -0.0099, -0.0048, -0.0038, -0.0044, -0.0033,
         0.0032, -0.0064], device='cuda:0', requires_grad=True)fc1.weightParameter containing:
tensor([[ 3.8701e-07,  1.5654e-05, -4.7208e-05,  ...,  1.2292e-41,
         -1.0807e-41,  1.3403e-41],
        [ 1.2274e-06, -2.6976e-05, -1.0301e-04,  ...,  1.7740e-42,
         -2.0039e-43, -1.0346e-41],
        [-3.8243e-41,  5.1629e-41,  2.9495e-41,  ..., -3.6470e-41,
          2.5230e-41, -7.8597e-41],
        ...,
        [ 1.7404e-18,  2.1649e-05,  6.9559e-05,  ...,  5.3474e-42,
          1.0157e-41,  7.9818e-42],
        [ 1.2823e-06, -4.0178e-05, -1.6092e-05,  ..., -5.1694e-42,
         -1.2528e-42,  4.8555e-42],
        [-1.7242e-07,  8.9065e-06, -1.6615e-05,  ...,  1.3381e-41,
          1.1967e-41,  9.4700e-42]], device='cuda:0', requires_grad=True)fc1.biasParameter containing:
tensor([-7.8103e-02,  2.9284e-02,  1.3391e-41, -1.3970e-02,  5.7506e-02,
        -2.1065e-03,  2.2054e-02,  5.9063e-03, -3.7212e-02,  6.4957e-02,
        -1.8207e-02, -1.4074e-02, -3.6623e-03, -5.6889e-32,  7.0733e-02,
         4.1445e-02,  2.4868e-02,  3.7331e-42,  1.8886e-02,  4.5824e-02,
        -7.2469e-04, -5.1540e-02,  1.7618e-02, -4.9227e-03,  8.6126e-03,
         4.0931e-02, -4.4240e-28,  4.4231e-02, -1.2823e-22,  2.2283e-02,
        -6.9036e-02, -2.9598e-02,  5.8546e-02,  7.3242e-23,  5.4356e-03,
        -4.5754e-11,  5.7506e-02,  2.1721e-02,  6.3621e-02,  6.6636e-02,
         6.0145e-02, -1.3305e-23,  2.4475e-02, -1.0268e-02,  1.1077e-01,
        -1.1585e-04, -2.4183e-02,  7.8052e-43, -6.3971e-04, -2.2113e-05,
        -1.6573e-02,  6.2692e-02, -8.5579e-27,  6.2476e-03, -2.6343e-02,
         1.0112e-01,  2.1378e-04,  6.3284e-02, -5.4509e-32,  1.3091e-02,
        -1.3118e-41, -1.1601e-02, -2.6384e-02,  2.5452e-02,  8.7830e-02,
         1.0835e-02, -2.7521e-06, -1.3701e-02,  2.1507e-02,  1.8201e-02,
        -3.6174e-31, -2.2459e-02, -1.2737e-02, -4.9151e-02, -1.9236e-04,
        -5.3133e-17,  2.2862e-02, -3.5378e-16,  9.0947e-02, -6.5066e-06,
        -8.3988e-06,  5.9828e-02,  2.9332e-02, -9.4429e-03, -3.9131e-02,
        -5.8090e-11,  2.0724e-02,  2.3367e-02,  1.5759e-02, -3.8728e-23,
         1.2496e-01,  3.4879e-02, -1.0175e-17, -3.5955e-04,  1.6069e-02,
         6.0284e-02, -4.0136e-05, -3.9530e-04,  6.6824e-03,  5.9061e-02,
         4.5290e-42, -8.7323e-06,  2.3917e-02, -5.0079e-25, -3.4625e-02,
        -2.6729e-24,  7.0625e-42, -9.8597e-04, -5.8343e-02,  6.3219e-02,
        -2.8237e-02, -2.5653e-02,  6.6932e-02,  4.5824e-02, -4.7140e-02,
        -1.7747e-02,  6.8313e-02, -2.4516e-34, -2.5386e-02, -4.3933e-02,
         2.2226e-02,  3.0490e-02, -8.0035e-08, -2.0403e-09, -2.8262e-02,
         3.2448e-02,  1.3846e-02, -2.3390e-02,  6.6828e-02,  4.4189e-02,
         6.4986e-03,  4.3760e-02, -6.6330e-12,  1.5650e-02,  2.4426e-02,
         1.2396e-02,  6.4114e-02, -4.0431e-02, -2.4411e-42,  2.7901e-02,
         5.1861e-02, -2.8738e-04, -2.9571e-02,  9.2848e-02,  7.3958e-02,
         8.4330e-02, -2.1272e-05, -2.4641e-02,  6.0396e-02,  3.5511e-02,
        -3.4408e-07, -1.9353e-07, -1.2137e-03, -5.4291e-04, -3.1035e-02,
         7.6212e-04, -1.4235e-04, -2.5794e-07,  3.4255e-02,  8.7803e-03,
         5.6819e-02, -1.5519e-03, -8.2686e-31,  2.8308e-02,  6.3562e-02,
         9.6480e-03, -1.9227e-02,  8.4432e-02,  3.8648e-03, -7.5917e-04,
         2.0724e-02,  1.5423e-03, -1.1502e-02,  6.9680e-02,  2.8613e-02,
         4.0414e-03, -4.0748e-27, -1.8716e-04,  3.5623e-02, -2.3505e-02,
         1.8298e-02, -3.9728e-06, -3.0978e-02,  3.8411e-02,  2.5530e-02,
         4.8261e-02,  9.6780e-03, -1.9697e-02, -2.6371e-06,  5.5047e-03,
        -1.2065e-02, -5.4168e-06,  5.5125e-02,  2.7120e-02, -4.5194e-02,
         5.1123e-02,  2.0483e-02, -2.2079e-10, -3.0952e-04,  5.8575e-02,
        -1.8094e-03,  5.3314e-02,  1.8876e-02,  1.8613e-02,  1.9367e-02,
        -7.1640e-03,  3.8673e-02, -1.2785e-08,  2.3669e-02, -2.2485e-10,
        -1.1543e-06, -1.6006e-04, -1.0317e-17, -3.0703e-02,  1.0928e-02,
         6.3998e-02,  4.6352e-02, -8.4078e-44, -1.7785e-02,  6.4659e-02,
        -6.2708e-02, -7.6266e-03, -1.4732e-15, -4.0021e-03,  2.8048e-02,
        -9.1034e-04, -2.9933e-08,  1.7419e-02,  4.9529e-02, -5.2401e-26,
         3.2882e-02, -3.4771e-07,  4.4751e-03, -1.6061e-31,  4.5975e-07,
         7.4845e-03,  1.6882e-02,  8.3351e-02, -1.6473e-02, -1.1983e-02,
        -1.3889e-12,  1.3792e-03, -3.7204e-04, -4.9498e-11,  1.5967e-02,
        -5.3982e-02,  1.2812e-02, -3.4145e-03, -1.7183e-02,  3.8191e-02,
         1.0246e-28,  4.9116e-42, -1.2274e-02,  2.4502e-03,  5.6939e-02,
        -1.9930e-02, -2.8036e-02, -4.5055e-08,  2.3804e-02,  2.7254e-02,
        -1.6884e-14, -3.8337e-03,  2.7033e-03, -3.5633e-03,  3.3156e-03,
         6.7569e-04,  2.4885e-02, -5.1465e-12, -1.7164e-02, -3.0791e-05,
        -1.1744e-02,  1.0657e-41, -4.9178e-02, -2.2493e-02,  1.0499e-01,
        -4.4146e-02, -3.7257e-02, -5.9139e-07, -5.8569e-04, -1.0690e-02,
        -9.9053e-23,  3.9662e-02, -1.0475e-08, -2.0948e-02,  1.8541e-02,
        -2.4634e-03, -5.6496e-05,  5.5706e-02,  2.6069e-02,  2.9349e-02,
        -2.4795e-02, -6.6426e-25, -6.4146e-02, -5.1795e-03,  8.3224e-02,
         5.2596e-02,  2.9342e-02, -6.1605e-12,  5.9192e-02, -2.2647e-05,
        -2.4964e-02, -1.0544e-20, -4.9618e-02, -3.4402e-42, -1.9460e-05,
         3.7264e-02, -1.4339e-02, -1.3251e-10,  1.8673e-02, -5.8373e-02,
         3.1115e-02, -1.5619e-05,  4.8521e-02, -2.0626e-13, -1.8020e-02,
        -7.6709e-03, -6.2124e-11,  6.8603e-02,  3.6146e-24,  2.2592e-02,
         4.6387e-02,  4.7429e-04, -4.1806e-31, -4.8929e-10,  1.1817e-02,
         9.6507e-42, -1.3981e-04,  1.5968e-02, -1.6337e-02,  5.0488e-02,
        -9.8367e-08, -1.2303e-15,  1.0965e-01, -7.5374e-03,  8.7502e-02,
         1.2870e-02,  5.6435e-02,  1.7893e-02,  5.6850e-19,  3.5332e-02,
         5.7115e-02, -3.2050e-02,  3.8470e-02,  1.5749e-01,  6.5988e-02,
        -1.6444e-19,  9.9174e-02, -4.7296e-05, -3.0794e-06,  3.3385e-02,
        -3.4961e-02,  2.0193e-42,  1.0423e-02,  1.2764e-02, -6.8452e-07,
        -2.4428e-04,  5.0649e-02, -2.5459e-05, -7.3437e-33,  1.6380e-02,
        -7.8616e-22, -4.3337e-13,  4.7979e-02,  7.6013e-04, -2.2719e-06,
        -2.3026e-38, -2.1151e-13,  2.6494e-02,  3.3216e-02, -7.5823e-06,
         8.8330e-02,  4.8795e-02, -5.8710e-02, -4.0214e-11, -1.4999e-02,
        -2.9036e-02, -2.3820e-03, -1.2703e-01, -3.2419e-04, -6.6368e-04,
        -2.2726e-10, -1.6305e-05, -2.6897e-08,  5.6481e-03,  5.6236e-03,
        -1.2349e-06, -2.7509e-21,  5.9699e-02,  1.6441e-02, -4.8348e-18,
         4.3099e-03,  4.8736e-02,  3.4346e-02, -1.4029e-33, -3.2811e-19,
        -1.2298e-02,  7.9260e-02, -4.2470e-02, -3.4020e-02,  4.6789e-02,
         8.9403e-43,  1.7720e-02,  7.7686e-02, -5.6608e-09, -2.7076e-09,
        -6.6441e-03,  7.4410e-04,  2.3136e-02, -3.2907e-17, -1.6873e-02,
        -1.5251e-07, -9.9432e-03,  6.9103e-02,  1.1857e-02,  1.5712e-02,
         9.1083e-02,  2.9246e-36,  3.5529e-03,  4.1789e-19, -1.1961e-02,
         1.5270e-02, -2.9000e-03, -4.8432e-05,  4.9430e-02, -2.4094e-17,
         1.9902e-02, -4.0030e-04,  2.8121e-02, -1.4468e-02, -1.3872e-02,
         6.3242e-02, -2.1464e-02, -1.1836e-06,  4.7266e-40,  4.0308e-02,
        -4.3210e-11, -8.2441e-26, -1.0762e-02, -2.2824e-03,  4.9460e-03,
         4.8910e-02, -7.5794e-03,  1.2681e-01, -1.0529e-02,  5.3790e-03,
         2.3303e-02,  1.1279e-02, -1.5455e-08,  2.5310e-02, -5.0381e-13,
        -1.4240e-02,  4.3828e-02,  7.3242e-26, -7.1253e-04,  2.5416e-02,
         5.0310e-02,  9.3379e-02, -3.4692e-02, -2.6261e-02,  1.2328e-02,
         1.6336e-03, -1.1682e-02, -1.2142e-16, -3.1254e-02,  6.1657e-42,
        -2.3599e-15, -1.5589e-03,  2.7939e-18,  5.5878e-02, -7.2442e-30,
        -6.0349e-04, -6.1800e-02,  5.5538e-02, -2.5134e-02,  6.0537e-02,
         1.4242e-02,  8.2433e-03,  6.7589e-02, -9.9988e-06, -2.2067e-08,
         5.8925e-25,  3.5466e-02, -1.8503e-02, -7.5512e-20,  1.8825e-02,
         4.6713e-02,  2.2073e-03,  2.3074e-02,  2.6958e-02, -2.2133e-16,
         2.3658e-03, -7.5020e-06,  5.6011e-02,  8.9118e-03, -2.2493e-05,
         5.4789e-02, -1.5941e-33,  2.6852e-03,  5.0179e-03,  3.9218e-03],
       device='cuda:0', requires_grad=True)fc2.weightParameter containing:
tensor([[-2.8027e-02,  1.2892e-01,  2.0493e-07,  ...,  1.2436e-01,
          2.9578e-02, -6.2139e-02],
        [ 2.2098e-01, -2.5539e-01, -8.3654e-12,  ..., -1.5546e-01,
         -5.4708e-02, -3.2067e-02],
        [-8.6045e-02, -1.4598e-01, -4.1702e-07,  ..., -3.9149e-02,
         -1.1835e-01, -1.7931e-02],
        ...,
        [-1.2399e-02, -1.1999e-01,  4.6511e-10,  ..., -7.5085e-02,
         -8.1421e-03,  8.7134e-02],
        [-4.4207e-01, -6.2221e-02, -1.8064e-06,  ..., -2.8894e-01,
          1.5052e-02,  6.8058e-02],
        [ 2.0391e-01,  1.7398e-01, -2.1144e-09,  ..., -9.7524e-02,
          8.6468e-02,  1.1716e-01]], device='cuda:0', requires_grad=True)fc2.biasParameter containing:
tensor([-0.0010, -0.0761, -0.0415, -0.0789, -0.0530,  0.0004,  0.0214, -0.1082,
         0.2062,  0.0242], device='cuda:0', requires_grad=True)