conv1.weightParameter containing:
tensor([[[[ 0.0000e+00,  0.0000e+00,  0.0000e+00,  0.0000e+00,  0.0000e+00],
          [ 0.0000e+00,  0.0000e+00,  0.0000e+00,  0.0000e+00,  0.0000e+00],
          [ 0.0000e+00,  0.0000e+00,  0.0000e+00,  0.0000e+00,  0.0000e+00],
          [ 0.0000e+00,  0.0000e+00,  0.0000e+00,  0.0000e+00,  0.0000e+00],
          [ 0.0000e+00,  0.0000e+00,  0.0000e+00,  0.0000e+00,  0.0000e+00]]],


        [[[ 0.0000e+00,  0.0000e+00,  0.0000e+00,  0.0000e+00,  0.0000e+00],
          [ 0.0000e+00,  0.0000e+00,  0.0000e+00,  0.0000e+00,  0.0000e+00],
          [ 0.0000e+00,  0.0000e+00,  0.0000e+00,  0.0000e+00,  0.0000e+00],
          [ 0.0000e+00,  0.0000e+00,  0.0000e+00,  0.0000e+00,  0.0000e+00],
          [ 0.0000e+00,  0.0000e+00,  0.0000e+00,  0.0000e+00,  0.0000e+00]]],


        [[[ 4.0714e-02,  1.4531e-01,  2.1220e-01,  1.1909e-01, -1.7131e-02],
          [ 1.3816e-01,  2.9813e-01,  2.5833e-01, -2.1606e-03, -2.0851e-01],
          [ 3.0162e-01,  4.0436e-01,  1.4040e-01, -2.0372e-01, -2.7487e-01],
          [ 3.5710e-01,  3.1009e-01, -3.2848e-02, -2.6155e-01, -2.2556e-01],
          [ 3.4412e-01,  2.3066e-01, -5.8362e-02, -1.6936e-01, -1.6649e-01]]],


        [[[ 4.8796e-02, -8.4587e-04, -9.8079e-02, -1.2134e-01, -1.0364e-01],
          [ 1.0241e-01,  8.1147e-02, -6.0866e-02, -1.1585e-01, -8.1650e-02],
          [ 1.1459e-01,  2.1055e-01,  1.2239e-01,  2.6410e-02,  2.2130e-02],
          [ 1.8146e-02,  1.8700e-01,  2.2688e-01,  1.1720e-01,  4.4888e-02],
          [-8.1938e-02,  9.4385e-03,  9.1770e-02,  6.8947e-02,  2.6837e-02]]],


        [[[ 0.0000e+00,  0.0000e+00,  0.0000e+00,  0.0000e+00,  0.0000e+00],
          [ 0.0000e+00,  0.0000e+00,  0.0000e+00,  0.0000e+00,  0.0000e+00],
          [ 0.0000e+00,  0.0000e+00,  0.0000e+00,  0.0000e+00,  0.0000e+00],
          [ 0.0000e+00,  0.0000e+00,  0.0000e+00,  0.0000e+00,  0.0000e+00],
          [ 0.0000e+00,  0.0000e+00,  0.0000e+00,  0.0000e+00,  0.0000e+00]]],


        [[[ 0.0000e+00,  0.0000e+00,  0.0000e+00,  0.0000e+00,  0.0000e+00],
          [ 0.0000e+00,  0.0000e+00,  0.0000e+00,  0.0000e+00,  0.0000e+00],
          [ 0.0000e+00,  0.0000e+00,  0.0000e+00,  0.0000e+00,  0.0000e+00],
          [ 0.0000e+00,  0.0000e+00,  0.0000e+00,  0.0000e+00,  0.0000e+00],
          [ 0.0000e+00,  0.0000e+00,  0.0000e+00,  0.0000e+00,  0.0000e+00]]],


        [[[ 0.0000e+00,  0.0000e+00,  0.0000e+00,  0.0000e+00,  0.0000e+00],
          [ 0.0000e+00,  0.0000e+00,  0.0000e+00,  0.0000e+00,  0.0000e+00],
          [ 0.0000e+00,  0.0000e+00,  0.0000e+00,  0.0000e+00,  0.0000e+00],
          [ 0.0000e+00,  0.0000e+00,  0.0000e+00,  0.0000e+00,  0.0000e+00],
          [ 0.0000e+00,  0.0000e+00,  0.0000e+00,  0.0000e+00,  0.0000e+00]]],


        [[[ 0.0000e+00,  0.0000e+00,  0.0000e+00,  0.0000e+00,  0.0000e+00],
          [ 0.0000e+00,  0.0000e+00,  0.0000e+00,  0.0000e+00,  0.0000e+00],
          [ 0.0000e+00,  0.0000e+00,  0.0000e+00,  0.0000e+00,  0.0000e+00],
          [ 0.0000e+00,  0.0000e+00,  0.0000e+00,  0.0000e+00,  0.0000e+00],
          [ 0.0000e+00,  0.0000e+00,  0.0000e+00,  0.0000e+00,  0.0000e+00]]],


        [[[ 0.0000e+00,  0.0000e+00,  0.0000e+00,  0.0000e+00,  0.0000e+00],
          [ 0.0000e+00,  0.0000e+00,  0.0000e+00,  0.0000e+00,  0.0000e+00],
          [ 0.0000e+00,  0.0000e+00,  0.0000e+00,  0.0000e+00,  0.0000e+00],
          [ 0.0000e+00,  0.0000e+00,  0.0000e+00,  0.0000e+00,  0.0000e+00],
          [ 0.0000e+00,  0.0000e+00,  0.0000e+00,  0.0000e+00,  0.0000e+00]]],


        [[[ 0.0000e+00,  0.0000e+00,  0.0000e+00,  0.0000e+00,  0.0000e+00],
          [ 0.0000e+00,  0.0000e+00,  0.0000e+00,  0.0000e+00,  0.0000e+00],
          [ 0.0000e+00,  0.0000e+00,  0.0000e+00,  0.0000e+00,  0.0000e+00],
          [ 0.0000e+00,  0.0000e+00,  0.0000e+00,  0.0000e+00,  0.0000e+00],
          [ 0.0000e+00,  0.0000e+00,  0.0000e+00,  0.0000e+00,  0.0000e+00]]],


        [[[ 2.5378e-04,  1.4787e-04,  2.2364e-04,  0.0000e+00,  2.6774e-04],
          [ 3.8523e-04,  0.0000e+00,  0.0000e+00,  5.4035e-04,  0.0000e+00],
          [ 2.5269e-04,  0.0000e+00,  0.0000e+00,  0.0000e+00,  0.0000e+00],
          [ 0.0000e+00,  0.0000e+00,  0.0000e+00,  3.1902e-04, -1.0016e-04],
          [ 0.0000e+00,  0.0000e+00,  0.0000e+00,  0.0000e+00,  0.0000e+00]]],


        [[[ 0.0000e+00,  0.0000e+00,  0.0000e+00,  0.0000e+00,  0.0000e+00],
          [ 0.0000e+00,  0.0000e+00,  0.0000e+00,  0.0000e+00,  0.0000e+00],
          [ 0.0000e+00,  0.0000e+00,  0.0000e+00,  0.0000e+00,  0.0000e+00],
          [ 0.0000e+00,  0.0000e+00,  0.0000e+00,  0.0000e+00,  0.0000e+00],
          [ 0.0000e+00,  0.0000e+00,  0.0000e+00,  0.0000e+00,  0.0000e+00]]],


        [[[ 0.0000e+00,  0.0000e+00,  0.0000e+00,  0.0000e+00,  0.0000e+00],
          [ 0.0000e+00,  0.0000e+00,  0.0000e+00,  0.0000e+00,  0.0000e+00],
          [ 0.0000e+00,  0.0000e+00,  0.0000e+00,  0.0000e+00,  0.0000e+00],
          [ 0.0000e+00,  0.0000e+00,  0.0000e+00,  0.0000e+00,  0.0000e+00],
          [ 0.0000e+00,  0.0000e+00,  0.0000e+00,  0.0000e+00,  0.0000e+00]]],


        [[[ 0.0000e+00,  0.0000e+00,  0.0000e+00,  0.0000e+00,  0.0000e+00],
          [ 0.0000e+00,  0.0000e+00,  0.0000e+00,  0.0000e+00,  0.0000e+00],
          [ 0.0000e+00,  0.0000e+00,  0.0000e+00,  0.0000e+00,  0.0000e+00],
          [ 0.0000e+00,  0.0000e+00,  0.0000e+00,  0.0000e+00,  0.0000e+00],
          [ 0.0000e+00,  0.0000e+00,  0.0000e+00,  0.0000e+00,  0.0000e+00]]],


        [[[-2.9980e-02,  1.3137e-01,  2.8180e-01,  3.0112e-01,  3.0007e-01],
          [ 2.5493e-01,  4.3882e-01,  4.1306e-01,  3.4734e-01,  2.7561e-01],
          [ 1.8609e-01,  1.8277e-01,  5.9369e-02,  3.6077e-02,  1.0976e-01],
          [-1.1320e-01, -2.9097e-01, -3.5717e-01, -3.1891e-01, -1.7153e-01],
          [-2.4227e-01, -3.8532e-01, -3.4461e-01, -2.3830e-01, -9.7565e-02]]],


        [[[ 0.0000e+00,  0.0000e+00,  0.0000e+00,  0.0000e+00,  0.0000e+00],
          [ 0.0000e+00,  0.0000e+00,  0.0000e+00,  0.0000e+00,  0.0000e+00],
          [ 0.0000e+00,  0.0000e+00,  0.0000e+00,  0.0000e+00,  0.0000e+00],
          [ 0.0000e+00,  0.0000e+00,  0.0000e+00,  0.0000e+00,  0.0000e+00],
          [ 0.0000e+00,  0.0000e+00,  0.0000e+00,  0.0000e+00,  0.0000e+00]]],


        [[[ 1.1843e-02, -1.0049e-01, -1.9870e-01, -1.2987e-01, -7.0146e-02],
          [ 1.1782e-01, -1.1471e-01, -3.2061e-01, -2.6858e-01, -2.3192e-01],
          [ 2.3354e-01,  1.0522e-01, -1.2874e-01, -1.7070e-01, -1.4983e-01],
          [ 2.9316e-01,  3.8983e-01,  2.8543e-01,  1.8212e-01,  1.1868e-01],
          [ 1.0215e-01,  2.6248e-01,  3.4871e-01,  3.4482e-01,  2.3250e-01]]],


        [[[ 0.0000e+00,  0.0000e+00,  0.0000e+00,  0.0000e+00,  0.0000e+00],
          [ 0.0000e+00,  0.0000e+00,  0.0000e+00,  0.0000e+00,  0.0000e+00],
          [ 0.0000e+00,  0.0000e+00,  0.0000e+00,  0.0000e+00,  0.0000e+00],
          [ 0.0000e+00,  0.0000e+00,  0.0000e+00,  0.0000e+00,  0.0000e+00],
          [ 0.0000e+00,  0.0000e+00,  0.0000e+00,  0.0000e+00,  0.0000e+00]]],


        [[[-7.3097e-02, -1.0453e-01, -9.8816e-02,  3.2594e-02,  1.5138e-01],
          [-1.1424e-01, -1.1373e-01, -6.5855e-02,  1.3522e-01,  1.9224e-01],
          [-1.2825e-01, -8.3691e-02,  4.1878e-02,  1.8526e-01,  1.2624e-01],
          [-8.1664e-02,  2.0707e-03,  9.5648e-02,  1.2368e-01,  6.3740e-02],
          [ 8.5311e-03,  6.2291e-02,  7.5814e-02,  6.7795e-02,  6.7838e-02]]],


        [[[ 0.0000e+00,  0.0000e+00,  0.0000e+00,  0.0000e+00,  0.0000e+00],
          [ 0.0000e+00,  0.0000e+00,  0.0000e+00,  0.0000e+00,  0.0000e+00],
          [ 0.0000e+00,  0.0000e+00,  0.0000e+00,  0.0000e+00,  0.0000e+00],
          [ 0.0000e+00,  0.0000e+00,  0.0000e+00,  0.0000e+00,  0.0000e+00],
          [ 0.0000e+00,  0.0000e+00,  0.0000e+00,  0.0000e+00,  0.0000e+00]]]],
       device='cuda:0', requires_grad=True)conv1.biasParameter containing:
tensor([-0.0063, -0.0745, -0.0006, -0.0184, -0.0174,  0.0688, -0.0004, -0.0083,
        -0.0424,  0.0226, -0.0187, -0.0002,  0.0260,  0.0111,  0.1147, -0.0009,
         0.0015, -0.0016, -0.1147, -0.0069], device='cuda:0',
       requires_grad=True)conv2.weightParameter containing:
tensor([[[[ 0.0000,  0.0000,  0.0000,  0.0000,  0.0000],
          [ 0.0000,  0.0000,  0.0000,  0.0000,  0.0000],
          [ 0.0000,  0.0000,  0.0000,  0.0000,  0.0000],
          [ 0.0000,  0.0000,  0.0000,  0.0000,  0.0000],
          [ 0.0000,  0.0000,  0.0000,  0.0000,  0.0000]],

         [[ 0.0000,  0.0000,  0.0000,  0.0000,  0.0000],
          [ 0.0000,  0.0000,  0.0000,  0.0000,  0.0000],
          [ 0.0000,  0.0000,  0.0000,  0.0000,  0.0000],
          [ 0.0000,  0.0000,  0.0000,  0.0000,  0.0000],
          [ 0.0000,  0.0000,  0.0000,  0.0000,  0.0000]],

         [[ 0.0000,  0.0000,  0.0000,  0.0000,  0.0000],
          [ 0.0000,  0.0000,  0.0000,  0.0000,  0.0000],
          [ 0.0000,  0.0000,  0.0000,  0.0000,  0.0000],
          [ 0.0000,  0.0000,  0.0000,  0.0000,  0.0000],
          [ 0.0000,  0.0000,  0.0000,  0.0000,  0.0000]],

         ...,

         [[ 0.0000,  0.0000,  0.0000,  0.0000,  0.0000],
          [ 0.0000,  0.0000,  0.0000,  0.0000,  0.0000],
          [ 0.0000,  0.0000,  0.0000,  0.0000,  0.0000],
          [ 0.0000,  0.0000,  0.0000,  0.0000,  0.0000],
          [ 0.0000,  0.0000,  0.0000,  0.0000,  0.0000]],

         [[ 0.0000,  0.0000,  0.0000,  0.0000,  0.0000],
          [ 0.0000,  0.0000,  0.0000,  0.0000,  0.0000],
          [ 0.0000,  0.0000,  0.0000,  0.0000,  0.0000],
          [ 0.0000,  0.0000,  0.0000,  0.0000,  0.0000],
          [ 0.0000,  0.0000,  0.0000,  0.0000,  0.0000]],

         [[ 0.0000,  0.0000,  0.0000,  0.0000,  0.0000],
          [ 0.0000,  0.0000,  0.0000,  0.0000,  0.0000],
          [ 0.0000,  0.0000,  0.0000,  0.0000,  0.0000],
          [ 0.0000,  0.0000,  0.0000,  0.0000,  0.0000],
          [ 0.0000,  0.0000,  0.0000,  0.0000,  0.0000]]],


        [[[ 0.0000,  0.0000,  0.0000,  0.0000,  0.0000],
          [ 0.0000,  0.0000,  0.0000,  0.0000,  0.0000],
          [ 0.0000,  0.0000,  0.0000,  0.0000,  0.0000],
          [ 0.0000,  0.0000,  0.0000,  0.0000,  0.0000],
          [ 0.0000,  0.0000,  0.0000,  0.0000,  0.0000]],

         [[ 0.0000,  0.0000,  0.0000,  0.0000,  0.0000],
          [ 0.0000,  0.0000,  0.0000,  0.0000,  0.0000],
          [ 0.0000,  0.0000,  0.0000,  0.0000,  0.0000],
          [ 0.0000,  0.0000,  0.0000,  0.0000,  0.0000],
          [ 0.0000,  0.0000,  0.0000,  0.0000,  0.0000]],

         [[ 0.0006, -0.0023,  0.0218,  0.0154,  0.0089],
          [ 0.0012, -0.0232, -0.0303, -0.0392,  0.0005],
          [-0.0105, -0.0263, -0.0458, -0.0352, -0.0059],
          [-0.0193, -0.0188, -0.0307, -0.0387, -0.0057],
          [-0.0049, -0.0118, -0.0064,  0.0028,  0.0321]],

         ...,

         [[ 0.0000,  0.0000,  0.0000,  0.0000,  0.0000],
          [ 0.0000,  0.0000,  0.0000,  0.0000,  0.0000],
          [ 0.0000,  0.0000,  0.0000,  0.0000,  0.0000],
          [ 0.0000,  0.0000,  0.0000,  0.0000,  0.0000],
          [ 0.0000,  0.0000,  0.0000,  0.0000,  0.0000]],

         [[ 0.0090,  0.0253,  0.0071, -0.0056, -0.0078],
          [ 0.0093,  0.0073, -0.0142, -0.0177, -0.0119],
          [-0.0038, -0.0128, -0.0255, -0.0249, -0.0161],
          [-0.0086, -0.0195, -0.0226, -0.0043,  0.0051],
          [-0.0030, -0.0108, -0.0044,  0.0109,  0.0068]],

         [[ 0.0000,  0.0000,  0.0000,  0.0000,  0.0000],
          [ 0.0000,  0.0000,  0.0000,  0.0000,  0.0000],
          [ 0.0000,  0.0000,  0.0000,  0.0000,  0.0000],
          [ 0.0000,  0.0000,  0.0000,  0.0000,  0.0000],
          [ 0.0000,  0.0000,  0.0000,  0.0000,  0.0000]]],


        [[[ 0.0000,  0.0000,  0.0000,  0.0000,  0.0002],
          [ 0.0000,  0.0000, -0.0003,  0.0000,  0.0000],
          [ 0.0000,  0.0000,  0.0000,  0.0000,  0.0000],
          [ 0.0000,  0.0000,  0.0000,  0.0000,  0.0000],
          [ 0.0000,  0.0000,  0.0000,  0.0000,  0.0000]],

         [[ 0.0000,  0.0000,  0.0000,  0.0000,  0.0000],
          [ 0.0000,  0.0000,  0.0000,  0.0000,  0.0000],
          [ 0.0000,  0.0000,  0.0000,  0.0000,  0.0000],
          [ 0.0000,  0.0000,  0.0000,  0.0000,  0.0000],
          [ 0.0000,  0.0000,  0.0000,  0.0000,  0.0000]],

         [[-0.0197, -0.0115,  0.0932,  0.1130, -0.0046],
          [-0.0326,  0.0696,  0.1502,  0.0810, -0.0688],
          [ 0.0286,  0.0752,  0.0519, -0.0465, -0.0650],
          [ 0.0173, -0.0143, -0.0683, -0.0493, -0.0178],
          [-0.0593, -0.0393, -0.0430, -0.0162, -0.0147]],

         ...,

         [[ 0.0000,  0.0000,  0.0000,  0.0000,  0.0000],
          [ 0.0000,  0.0000,  0.0000,  0.0000,  0.0000],
          [ 0.0000,  0.0000,  0.0000,  0.0000,  0.0000],
          [ 0.0000,  0.0000,  0.0000,  0.0000,  0.0000],
          [ 0.0000,  0.0000,  0.0000,  0.0000,  0.0000]],

         [[-0.0116,  0.0103,  0.0131, -0.0011, -0.0108],
          [ 0.0048,  0.0283,  0.0139, -0.0105,  0.0026],
          [ 0.0028,  0.0016, -0.0029, -0.0047,  0.0067],
          [-0.0220, -0.0228, -0.0072, -0.0015, -0.0049],
          [-0.0144, -0.0078,  0.0009, -0.0061, -0.0144]],

         [[ 0.0000,  0.0000,  0.0000,  0.0000,  0.0000],
          [ 0.0000,  0.0000,  0.0000,  0.0000,  0.0000],
          [ 0.0000,  0.0000,  0.0000,  0.0000,  0.0000],
          [ 0.0000,  0.0000,  0.0000,  0.0000,  0.0000],
          [ 0.0000,  0.0000,  0.0000,  0.0000,  0.0000]]],


        ...,


        [[[ 0.0000,  0.0000,  0.0000,  0.0000,  0.0000],
          [ 0.0000,  0.0000,  0.0000,  0.0000,  0.0000],
          [ 0.0000,  0.0000,  0.0000,  0.0000,  0.0000],
          [ 0.0000,  0.0000,  0.0000,  0.0000,  0.0000],
          [ 0.0000,  0.0000,  0.0000,  0.0000,  0.0000]],

         [[ 0.0000,  0.0000,  0.0000,  0.0000,  0.0000],
          [ 0.0000,  0.0000,  0.0000,  0.0000,  0.0000],
          [ 0.0000,  0.0000,  0.0000,  0.0000,  0.0000],
          [ 0.0000,  0.0000,  0.0000,  0.0000,  0.0000],
          [ 0.0000,  0.0000,  0.0000,  0.0000,  0.0000]],

         [[ 0.0000,  0.0000,  0.0000,  0.0000,  0.0000],
          [ 0.0000,  0.0000,  0.0000,  0.0000,  0.0000],
          [ 0.0000,  0.0000,  0.0000,  0.0000,  0.0000],
          [ 0.0000,  0.0000,  0.0000,  0.0000,  0.0000],
          [ 0.0000,  0.0000,  0.0000,  0.0000,  0.0000]],

         ...,

         [[ 0.0000,  0.0000,  0.0000,  0.0000,  0.0000],
          [ 0.0000,  0.0000,  0.0000,  0.0000,  0.0000],
          [ 0.0000,  0.0000,  0.0000,  0.0000,  0.0000],
          [ 0.0000,  0.0000,  0.0000,  0.0000,  0.0000],
          [ 0.0000,  0.0000,  0.0000,  0.0000,  0.0000]],

         [[ 0.0000,  0.0000,  0.0000,  0.0000,  0.0000],
          [ 0.0000,  0.0000,  0.0000,  0.0000,  0.0000],
          [ 0.0000,  0.0000,  0.0000,  0.0000,  0.0000],
          [ 0.0000,  0.0000,  0.0000,  0.0000,  0.0000],
          [ 0.0000,  0.0000,  0.0000,  0.0000,  0.0000]],

         [[ 0.0000,  0.0000,  0.0000,  0.0000,  0.0000],
          [ 0.0000,  0.0000,  0.0000,  0.0000,  0.0000],
          [ 0.0000,  0.0000,  0.0000,  0.0000,  0.0000],
          [ 0.0000,  0.0000,  0.0000,  0.0000,  0.0000],
          [ 0.0000,  0.0000,  0.0000,  0.0000,  0.0000]]],


        [[[ 0.0000,  0.0000,  0.0000,  0.0000,  0.0000],
          [ 0.0000,  0.0000,  0.0000,  0.0000,  0.0000],
          [ 0.0000,  0.0000,  0.0000,  0.0000,  0.0000],
          [ 0.0000,  0.0000,  0.0000,  0.0000,  0.0000],
          [ 0.0000,  0.0000,  0.0000,  0.0000,  0.0000]],

         [[ 0.0000,  0.0000,  0.0000,  0.0000,  0.0000],
          [ 0.0000,  0.0000,  0.0000,  0.0000,  0.0000],
          [ 0.0000,  0.0000,  0.0000,  0.0000,  0.0000],
          [ 0.0000,  0.0000,  0.0000,  0.0000,  0.0000],
          [ 0.0000,  0.0000,  0.0000,  0.0000,  0.0000]],

         [[ 0.0000,  0.0000,  0.0000,  0.0000,  0.0000],
          [ 0.0000,  0.0000,  0.0000,  0.0000,  0.0000],
          [ 0.0000,  0.0000,  0.0000,  0.0000,  0.0000],
          [ 0.0000,  0.0000,  0.0000,  0.0000,  0.0000],
          [ 0.0000,  0.0000,  0.0000,  0.0000,  0.0000]],

         ...,

         [[ 0.0000,  0.0000,  0.0000,  0.0000,  0.0000],
          [ 0.0000,  0.0000,  0.0000,  0.0000,  0.0000],
          [ 0.0000,  0.0000,  0.0000,  0.0000,  0.0000],
          [ 0.0000,  0.0000,  0.0000,  0.0000,  0.0000],
          [ 0.0000,  0.0000,  0.0000,  0.0000,  0.0000]],

         [[ 0.0000,  0.0000,  0.0000,  0.0000,  0.0000],
          [ 0.0000,  0.0000,  0.0000,  0.0000,  0.0000],
          [ 0.0000,  0.0000,  0.0000,  0.0000,  0.0000],
          [ 0.0000,  0.0000,  0.0000,  0.0000,  0.0000],
          [ 0.0000,  0.0000,  0.0000,  0.0000,  0.0000]],

         [[ 0.0000,  0.0000,  0.0000,  0.0000,  0.0000],
          [ 0.0000,  0.0000,  0.0000,  0.0000,  0.0000],
          [ 0.0000,  0.0000,  0.0000,  0.0000,  0.0000],
          [ 0.0000,  0.0000,  0.0000,  0.0000,  0.0000],
          [ 0.0000,  0.0000,  0.0000,  0.0000,  0.0000]]],


        [[[ 0.0000,  0.0000,  0.0000,  0.0000,  0.0000],
          [ 0.0000,  0.0000,  0.0000,  0.0000,  0.0000],
          [ 0.0000,  0.0000,  0.0000,  0.0000,  0.0000],
          [ 0.0000,  0.0000,  0.0000,  0.0000,  0.0000],
          [ 0.0000,  0.0000,  0.0000,  0.0000,  0.0000]],

         [[ 0.0000,  0.0000,  0.0000,  0.0000,  0.0000],
          [ 0.0000,  0.0000,  0.0000,  0.0000,  0.0000],
          [ 0.0000,  0.0000,  0.0000,  0.0000,  0.0000],
          [ 0.0000,  0.0000,  0.0000,  0.0000,  0.0000],
          [ 0.0000,  0.0000,  0.0000,  0.0000,  0.0000]],

         [[ 0.0000,  0.0000,  0.0000,  0.0000,  0.0000],
          [ 0.0000,  0.0000,  0.0000,  0.0000,  0.0000],
          [ 0.0000,  0.0000,  0.0000,  0.0000,  0.0000],
          [ 0.0000,  0.0000,  0.0000,  0.0000,  0.0000],
          [ 0.0000,  0.0000,  0.0000,  0.0000,  0.0000]],

         ...,

         [[ 0.0000,  0.0000,  0.0000,  0.0000,  0.0000],
          [ 0.0000,  0.0000,  0.0000,  0.0000,  0.0000],
          [ 0.0000,  0.0000,  0.0000,  0.0000,  0.0000],
          [ 0.0000,  0.0000,  0.0000,  0.0000,  0.0000],
          [ 0.0000,  0.0000,  0.0000,  0.0000,  0.0000]],

         [[ 0.0000,  0.0000,  0.0000,  0.0000,  0.0000],
          [ 0.0000,  0.0000,  0.0000,  0.0000,  0.0000],
          [ 0.0000,  0.0000,  0.0000,  0.0000,  0.0000],
          [ 0.0000,  0.0000,  0.0000,  0.0000,  0.0000],
          [ 0.0000,  0.0000,  0.0000,  0.0000,  0.0000]],

         [[ 0.0000,  0.0000,  0.0000,  0.0000,  0.0000],
          [ 0.0000,  0.0000,  0.0000,  0.0000,  0.0000],
          [ 0.0000,  0.0000,  0.0000,  0.0000,  0.0000],
          [ 0.0000,  0.0000,  0.0000,  0.0000,  0.0000],
          [ 0.0000,  0.0000,  0.0000,  0.0000,  0.0000]]]], device='cuda:0',
       requires_grad=True)conv2.biasParameter containing:
tensor([-0.0013, -0.0443,  0.0081, -0.0024, -0.0012, -0.0011, -0.0009, -0.0012,
        -0.0030, -0.1962, -0.0005, -0.0009, -0.0008, -0.0011, -0.0320, -0.0327,
        -0.0167, -0.0005, -0.0014, -0.0007, -0.1048, -0.0653, -0.0186, -0.0024,
        -0.0027, -0.0009, -0.0009, -0.0130, -0.0601, -0.0008, -0.0008, -0.0998,
        -0.0010, -0.0007, -0.0005, -0.0013, -0.0008, -0.0810, -0.0010,  0.0753,
        -0.0016, -0.0016, -0.0010, -0.0203, -0.0046, -0.0008, -0.0018, -0.0018,
        -0.0027, -0.0085], device='cuda:0', requires_grad=True)fc1.weightParameter containing:
tensor([[ 0.0000, -0.0001, -0.0002,  ...,  0.0000,  0.0000,  0.0000],
        [ 0.0000,  0.0000,  0.0000,  ...,  0.0000,  0.0000,  0.0000],
        [ 0.0000,  0.0000,  0.0000,  ...,  0.0000,  0.0000,  0.0000],
        ...,
        [ 0.0000,  0.0000,  0.0000,  ...,  0.0000,  0.0000,  0.0000],
        [ 0.0000,  0.0000,  0.0000,  ...,  0.0000,  0.0000,  0.0000],
        [ 0.0000,  0.0000,  0.0000,  ...,  0.0000,  0.0000,  0.0000]],
       requires_grad=True)fc1.biasParameter containing:
tensor([-1.3002e-02,  2.0005e-02, -2.4171e-16,  7.8147e-03,  3.1015e-02,
         4.8633e-03, -8.8518e-04, -3.0710e-16,  3.6731e-03, -2.1947e-20,
         5.4766e-03, -1.9776e-03, -9.7488e-03,  1.0466e-41,  5.8177e-02,
         4.7512e-03,  5.2921e-03, -4.7967e-03, -1.2678e-02,  2.8106e-02,
        -1.4594e-02,  1.3532e-02,  1.4939e-02,  2.1076e-02,  9.8318e-03,
         3.6595e-02, -6.8884e-04,  1.8909e-02, -3.8752e-08, -1.3194e-02,
        -2.0007e-02, -1.1548e-04, -7.3391e-26, -2.2652e-18,  2.4229e-02,
        -5.4627e-05, -2.0328e-04,  2.0689e-02,  4.4740e-02,  1.9036e-02,
         2.9738e-02, -6.0002e-06,  1.1666e-02, -3.0147e-07,  4.5589e-02,
        -1.2941e-41,  1.1501e-02,  1.1054e-02, -3.0767e-22,  2.3808e-02,
        -4.5328e-03,  1.7564e-02,  7.3964e-03,  5.1887e-03, -5.1155e-03,
         4.5909e-02,  3.7012e-04,  4.7201e-02, -1.3403e-03, -3.9151e-03,
        -1.8464e-24, -1.1227e-02, -1.2689e-05,  5.9771e-03,  2.7925e-02,
        -2.7183e-03,  1.9467e-41,  1.0063e-02,  3.5792e-02,  2.5339e-02,
         2.2471e-07, -3.9367e-07, -3.8508e-03, -1.3017e-02, -1.2153e-03,
        -2.3963e-10,  3.6548e-03, -3.5086e-03,  3.9653e-02,  1.2223e-13,
        -1.3240e-06, -4.6310e-03,  1.3164e-02,  2.8430e-04, -2.3064e-02,
        -1.3137e-41,  2.5091e-02, -5.2525e-03,  3.6124e-03, -7.3335e-03,
         5.0060e-02,  3.1827e-02, -9.3670e-19, -9.0327e-04, -1.0850e-02,
        -1.0702e-31, -5.9650e-08, -8.3357e-05,  1.0584e-02, -3.4501e-17,
         4.3143e-16, -4.4039e-03, -2.3540e-03, -1.5923e-03, -4.8411e-03,
        -1.1251e-04, -1.2277e-22, -7.2136e-17, -5.7319e-04,  3.5037e-02,
        -2.6304e-03, -2.4502e-02,  4.3369e-02,  2.5459e-02, -5.5908e-32,
        -6.6183e-42,  4.0390e-02, -5.3164e-03,  8.1772e-04, -1.9298e-02,
        -7.0840e-08,  2.3702e-02,  2.0678e-02, -1.0242e-14, -9.8177e-03,
         8.7857e-03,  1.8125e-02,  7.0159e-03,  2.1733e-02,  2.3742e-02,
        -6.0878e-14, -1.5576e-11, -8.8593e-07,  1.5936e-02,  1.5281e-02,
         2.0152e-02,  2.3904e-02, -3.1175e-07,  1.3138e-02,  3.5816e-02,
         4.9142e-02, -3.6161e-28, -1.4881e-02, -2.0232e-07,  4.7931e-02,
         4.5521e-02, -5.2436e-04,  1.3118e-03,  1.8849e-02,  2.1031e-02,
         2.4088e-02,  6.1132e-03,  1.1221e-02, -5.5993e-20, -2.6634e-05,
         3.9284e-02,  4.5514e-03, -7.1193e-03, -6.7864e-06, -9.2998e-30,
         3.6115e-02, -6.5604e-29,  1.1373e-41,  4.7377e-02,  3.5748e-02,
        -1.1642e-02, -2.9840e-03,  3.0111e-02, -1.0018e-09, -4.9910e-33,
         1.2172e-02, -4.7894e-05, -9.9748e-05,  2.3131e-02,  3.7991e-02,
        -7.6761e-03,  1.2296e-03, -1.3400e-09,  2.2696e-02, -4.8470e-03,
        -2.6998e-03, -1.3065e-17,  4.2210e-03,  1.9452e-02, -1.7154e-03,
         2.2898e-02,  3.1776e-03,  2.3185e-02, -1.5941e-04,  2.3718e-02,
        -4.2574e-03, -2.9833e-02,  2.7641e-02,  2.5001e-03,  3.9818e-03,
         4.0898e-02, -5.5223e-04,  8.2452e-42,  3.9855e-02,  2.1667e-02,
        -3.7299e-03, -5.7121e-14,  1.5797e-02,  3.6005e-02,  1.1177e-02,
        -5.3923e-03,  3.2482e-02,  3.6711e-02,  1.7458e-02, -1.0887e-08,
        -9.2800e-11, -4.4439e-05, -3.1202e-10, -1.2715e-02, -7.5978e-25,
         2.9064e-02,  1.4282e-02, -1.6367e-02, -5.4013e-04,  2.2789e-02,
        -3.3563e-02, -2.1730e-02, -2.3100e-10, -1.0249e-03,  2.2727e-02,
        -1.3083e-27, -3.0356e-03,  6.7361e-03, -4.1768e-06, -1.4179e-04,
         2.7337e-02,  1.5734e-02, -2.6676e-04, -1.0099e-11, -6.1817e-18,
        -8.5112e-04,  2.2144e-02, -1.5253e-03,  9.6761e-03,  4.8084e-03,
        -1.5175e-18, -1.6430e-02, -8.7865e-03, -1.1551e-38,  2.0957e-02,
         1.4902e-02,  7.6990e-03, -8.9981e-03, -1.6574e-02,  8.7318e-11,
        -2.5859e-13,  2.1272e-42, -1.1582e-02, -8.7401e-03,  3.1074e-02,
        -2.6692e-02, -4.9238e-07,  9.7206e-03, -6.2702e-03,  1.9648e-02,
        -1.4349e-25, -1.2154e-15,  1.6845e-02, -9.4571e-07, -9.7156e-04,
        -1.8948e-10,  5.2052e-03, -4.7047e-16, -3.0180e-03, -8.8409e-20,
        -4.3387e-03, -1.7216e-02, -2.0719e-02, -1.3664e-02,  3.1071e-02,
        -5.3579e-03,  9.8964e-03,  1.7066e-27, -1.6808e-13,  2.4427e-02,
         1.4637e-02,  6.8541e-02,  1.5238e-02,  4.9755e-03, -6.5458e-18,
        -9.2308e-30,  3.0827e-09,  2.0885e-03,  2.8523e-02,  1.9428e-02,
        -2.1315e-02,  5.3873e-03, -3.5016e-15,  1.4130e-03, -4.1559e-04,
         3.9998e-02, -6.5999e-04, -2.8476e-24, -2.3657e-16, -2.1092e-08,
        -2.9555e-23,  2.2547e-02,  9.8598e-03, -9.5304e-03, -7.0193e-05,
         6.1761e-03,  1.9902e-02, -4.0057e-10,  1.3000e-02,  4.3364e-03,
        -7.7398e-03, -2.5286e-02,  1.4688e-02, -6.1517e-43,  9.1917e-03,
         1.9214e-02, -4.5621e-08,  1.1141e-02, -1.0980e-28, -1.5853e-03,
         5.9558e-02,  3.3555e-03, -2.4256e-20, -7.2217e-07,  2.9016e-02,
        -2.2592e-17,  6.7311e-03,  3.3195e-03, -3.9521e-03, -1.5576e-09,
        -1.3837e-29, -3.7427e-19,  3.2654e-02,  8.2874e-03,  7.1537e-02,
        -5.6704e-03,  8.2356e-03, -1.2799e-02, -7.8922e-25,  1.7992e-02,
        -3.7913e-19, -1.5919e-18,  2.5037e-02, -3.1974e-28, -2.3376e-23,
        -4.1264e-04,  4.5795e-02, -3.9180e-02,  1.7596e-02,  1.1884e-02,
        -1.5861e-02, -4.6071e-32,  2.3892e-02, -4.2240e-03, -4.1728e-30,
        -4.6705e-05, -7.8855e-04,  5.5243e-03, -9.1215e-08,  2.2119e-02,
        -3.8282e-03, -1.6010e-16,  3.7587e-18,  2.1213e-02,  3.5463e-02,
         9.4521e-03, -6.1778e-21,  4.6317e-03, -8.7565e-07, -1.3887e-13,
         4.5974e-02,  5.7876e-02, -1.4008e-02,  6.7984e-03, -4.4236e-05,
        -2.3494e-02, -7.8399e-03, -4.1622e-02, -4.8977e-04, -1.1834e-02,
         1.2234e-25, -1.2219e-02, -6.7729e-12, -7.7502e-04, -2.0416e-02,
        -9.9652e-04, -1.0400e-41,  3.8276e-02,  1.8171e-02,  1.5807e-02,
         8.2181e-03,  5.1376e-03,  2.0141e-02, -3.4394e-28, -3.0620e-04,
        -1.1594e-03,  4.5635e-02, -2.4000e-02, -2.9162e-03,  6.0989e-02,
        -3.1684e-18, -2.1246e-03,  4.8673e-02,  9.7367e-31, -9.0378e-23,
         9.3332e-03,  3.4690e-03,  1.5202e-03,  1.3835e-03, -3.1924e-26,
        -4.0312e-12, -1.3867e-13,  9.0561e-03,  4.0738e-03,  1.2430e-02,
         4.3029e-02, -6.5645e-12,  1.1135e-02,  9.3046e-42,  1.9498e-02,
         3.6195e-02,  1.2439e-02, -1.6815e-03,  2.2353e-02, -7.0646e-05,
         2.5593e-02, -3.1910e-17, -7.7265e-03,  2.7559e-03,  1.1733e-02,
        -1.2319e-35, -1.7802e-02,  5.2469e-03, -1.0749e-03, -1.4792e-02,
         1.6035e-28, -1.0467e-04, -3.2688e-04,  2.6781e-03,  1.4178e-02,
         2.4914e-02,  2.9173e-04,  6.8774e-02, -1.2506e-13,  2.1998e-02,
        -3.6414e-03,  4.8823e-03, -2.6735e-15, -2.5098e-03, -3.8582e-21,
         4.0877e-03,  1.1903e-41, -2.6773e-15, -4.0291e-02,  8.1884e-03,
         1.2728e-02,  4.6774e-02, -1.1810e-02,  2.7014e-41,  3.9183e-02,
        -2.6730e-03, -5.6863e-03,  1.2453e-02, -1.6527e-02,  3.1270e-02,
        -9.3469e-03,  1.1433e-02, -1.0536e-15,  2.1071e-02, -3.6079e-34,
        -6.2552e-04, -1.1541e-02,  2.2977e-02, -1.7126e-02,  3.2388e-02,
         1.4629e-02,  2.7876e-02,  3.7398e-02, -5.8281e-07,  3.0303e-02,
         1.0197e-02, -1.8951e-10,  1.6623e-02, -2.7585e-33,  2.7876e-02,
        -1.2691e-18, -2.7046e-03,  3.8929e-03, -7.4540e-04, -1.0841e-03,
         5.2770e-03,  1.7271e-02, -7.2167e-37, -3.0489e-04, -7.4346e-03,
         3.9364e-02, -5.5940e-37,  3.3696e-03, -1.6643e-03,  2.6626e-03],
       device='cuda:0', requires_grad=True)fc2.weightParameter containing:
tensor([[ 1.0305e-02,  1.0335e-01,  0.0000e+00,  ...,  3.4360e-02,
          8.0628e-03, -1.1210e-02],
        [ 1.2401e-01, -1.9693e-01,  1.1741e-04,  ..., -1.7143e-01,
          6.6124e-03, -3.8129e-02],
        [-1.7805e-02, -1.1952e-01, -2.6147e-03,  ..., -4.4572e-02,
          2.3938e-04,  2.9077e-03],
        ...,
        [-2.6401e-02, -8.7576e-02, -3.6435e-04,  ...,  2.8686e-02,
         -8.6328e-03,  6.9643e-02],
        [-3.9435e-01, -3.0327e-02, -3.8528e-04,  ..., -9.4946e-02,
          7.9536e-03,  4.3242e-02],
        [ 1.6632e-01,  1.7150e-01, -4.7496e-04,  ..., -2.2616e-01,
          6.8739e-03,  7.3530e-02]], requires_grad=True)fc2.biasParameter containing:
tensor([-0.0220, -0.0518,  0.0006, -0.0550, -0.0254,  0.0389, -0.0256, -0.0577,
         0.1476, -0.0207], device='cuda:0', requires_grad=True)