conv1.weightParameter containing:
tensor([[[[-1.4533e-04,  6.3443e-05,  4.3970e-05, -3.0793e-05,  1.5501e-04],
          [-2.1109e-05, -2.6435e-07, -5.8912e-05,  9.2361e-05,  4.7378e-05],
          [ 2.0600e-05, -1.1208e-04,  1.9239e-04,  2.2679e-06,  1.3775e-04],
          [-2.6113e-05,  6.5946e-06,  1.5322e-04, -5.6849e-05, -8.9384e-05],
          [ 4.2141e-05,  1.1065e-04,  2.5181e-05,  1.5356e-04, -5.8441e-05]]],


        [[[-3.6310e-05, -7.4580e-05, -9.1064e-05,  1.9483e-05,  1.4236e-04],
          [ 7.1286e-05,  5.2381e-05,  2.7397e-05,  8.7961e-05,  7.5431e-05],
          [-9.0213e-05,  7.4269e-05,  1.2851e-04, -1.1939e-04,  1.4663e-04],
          [-7.6077e-05, -2.4387e-05,  3.0003e-05, -2.4025e-04, -1.7234e-04],
          [ 2.5060e-06,  2.6197e-04, -2.9028e-05, -1.6942e-04, -7.3320e-05]]],


        [[[-4.1379e-05, -2.6239e-05,  1.0960e-04, -2.6240e-04,  6.6646e-06],
          [-6.3441e-05, -1.9776e-05, -5.2834e-06,  6.5301e-05,  1.3739e-04],
          [ 4.2320e-05,  1.4299e-04, -3.3515e-05, -1.6733e-05, -2.4890e-04],
          [ 2.5972e-04, -1.3662e-04, -5.4489e-05,  1.1680e-04, -8.0881e-06],
          [-8.8741e-05, -6.6545e-05, -8.6994e-05,  1.1582e-04, -8.6647e-05]]],


        [[[-9.7406e-04,  4.1747e-05,  4.1155e-05,  6.0977e-04,  7.7123e-04],
          [-5.0927e-04,  2.4108e-03,  2.2791e-03, -3.5459e-05,  1.6672e-03],
          [ 5.1433e-04,  4.8770e-03,  7.3729e-01,  3.3318e-01,  3.5592e-03],
          [ 5.8814e-04,  1.2794e+00,  1.9032e+00,  6.1014e-01,  2.2974e-04],
          [ 2.0414e-03,  2.8747e-02,  3.5469e-01,  7.6437e-03,  1.5628e-05]]],


        [[[-1.2375e-05,  1.3427e-05, -3.0805e-05, -1.0959e-04, -5.4831e-05],
          [-1.0657e-05, -1.3931e-05,  2.3283e-04,  1.0354e-04, -3.6781e-05],
          [ 1.5479e-05, -5.1144e-06, -2.1884e-04,  8.8539e-06,  7.0960e-05],
          [-7.9556e-05, -8.3027e-05,  2.3710e-05, -1.4431e-04,  5.0837e-05],
          [ 1.0384e-04, -2.0463e-04,  1.0570e-04,  1.0050e-04, -2.5335e-05]]],


        [[[ 2.7533e-05, -7.1075e-05, -6.1904e-08,  1.0894e-04,  1.0442e-04],
          [-8.4941e-05,  5.7591e-05, -7.3385e-05,  5.9241e-05,  1.8094e-05],
          [-8.0731e-06, -4.2194e-06,  1.5932e-04,  1.2416e-04,  1.9913e-05],
          [-2.8787e-04, -1.7543e-06,  1.0009e-04, -6.6597e-05, -1.0006e-04],
          [-1.5279e-04,  4.0386e-05, -5.7179e-05, -1.7409e-04,  5.8844e-05]]],


        [[[-6.4797e-05, -4.0280e-05,  1.1741e-04, -1.9710e-04,  7.3506e-05],
          [ 7.7188e-07,  8.1042e-07, -9.5700e-05, -5.0978e-07,  8.7651e-05],
          [ 1.4633e-05,  2.5398e-04,  6.2349e-05, -9.9693e-05, -1.2008e-04],
          [ 1.5106e-04,  7.4480e-05,  5.1865e-05,  4.6475e-05, -3.0734e-05],
          [-6.8192e-05, -8.3664e-05,  8.6500e-05,  2.2471e-04,  2.2801e-04]]],


        [[[-2.8306e-04, -1.1719e-05, -1.0740e-04, -4.4262e-05,  1.1535e-04],
          [-5.5726e-05, -1.7538e-04, -2.8082e-04,  2.0129e-04, -1.6360e-04],
          [ 1.4564e-05,  4.4687e-06, -1.9313e-04,  1.2567e-04, -5.3268e-05],
          [-5.5282e-05, -1.7689e-05,  3.2270e-05,  6.4714e-05, -2.5957e-05],
          [ 1.5156e-04, -1.0295e-04, -1.5345e-04, -3.6644e-06,  6.6285e-05]]],


        [[[ 9.4207e-06, -7.4538e-06, -6.7777e-05, -1.2301e-04, -5.9828e-05],
          [ 2.2652e-05, -2.1975e-04,  5.3020e-05,  1.4445e-04, -1.3091e-05],
          [ 1.5070e-04,  5.9523e-05,  7.8951e-06,  2.8386e-05,  1.2637e-04],
          [ 1.1376e-05, -6.0517e-05,  1.3957e-04,  1.6415e-04, -9.3887e-05],
          [ 2.4332e-05,  1.4781e-04, -1.4854e-04, -6.8759e-05, -1.8516e-04]]],


        [[[ 9.5191e-05, -1.7740e-04, -1.2062e-04, -1.1234e-04, -7.6804e-06],
          [ 1.4811e-06, -2.6793e-05,  7.2417e-07,  8.2890e-05, -4.8561e-05],
          [ 3.6276e-05, -1.5713e-04,  7.2249e-05, -5.5100e-05,  4.0824e-05],
          [ 2.4105e-04,  1.5512e-04, -9.0356e-05,  1.3082e-04, -1.4038e-04],
          [-1.2961e-04, -1.0389e-04,  1.8236e-04, -1.9405e-04,  1.2256e-04]]],


        [[[ 1.5907e-04, -8.7085e-05, -9.8164e-05, -6.2129e-05,  1.7184e-05],
          [ 1.3184e-04, -1.9022e-04,  1.4192e-04, -1.1830e-04, -2.7437e-05],
          [ 1.9408e-04,  1.2263e-04,  2.0911e-04, -5.3454e-05, -1.4435e-05],
          [ 1.6293e-04,  1.2103e-04, -2.7304e-06, -1.9141e-04,  1.1201e-04],
          [ 4.8124e-06, -8.8189e-07,  1.9415e-04,  8.6358e-05, -1.0661e-05]]],


        [[[-3.2865e-05,  1.1847e-05, -4.5081e-05, -7.5177e-06,  4.7483e-06],
          [ 1.4800e-04,  1.1151e-04,  1.1404e-04,  1.1526e-04, -4.7279e-05],
          [-1.9229e-05,  4.9036e-05, -4.2387e-05, -4.4837e-06,  4.5458e-07],
          [-1.5117e-04,  8.7074e-05,  1.9809e-05, -2.1111e-04, -4.6026e-05],
          [ 1.7423e-04,  1.9007e-04, -1.1152e-04, -1.3327e-04, -1.4672e-04]]],


        [[[ 4.9585e-05,  7.0899e-05,  1.0668e-04, -1.7389e-05,  2.4643e-05],
          [-5.5894e-05, -8.9086e-07,  3.4590e-05,  1.8088e-06, -4.7698e-05],
          [ 2.5713e-04, -2.1958e-05, -2.5699e-04, -4.1536e-05, -3.5357e-05],
          [ 6.3621e-05, -1.6620e-05,  6.5283e-05,  4.6612e-05,  8.3508e-05],
          [-3.2907e-05, -2.9717e-04, -3.7978e-05, -1.1874e-05,  6.3644e-05]]],


        [[[-4.6618e-05,  4.0441e-05, -2.5215e-05, -3.5464e-05, -1.5480e-04],
          [ 5.1482e-05,  4.0105e-05, -2.0544e-04, -1.6456e-04, -8.1449e-05],
          [-1.1111e-04,  9.6244e-05,  2.4805e-04,  7.9901e-05,  3.0281e-05],
          [-4.0227e-05,  1.0430e-05, -2.0593e-05,  1.4513e-05,  2.7358e-04],
          [ 6.2092e-05,  9.1946e-05,  2.1795e-04, -6.5267e-05, -1.2483e-04]]],


        [[[-1.1739e-04, -1.3324e-04, -4.8585e-05,  1.7761e-04,  5.8815e-05],
          [ 8.5171e-05, -7.2095e-06, -3.8560e-05,  6.5441e-05,  1.0385e-05],
          [ 2.3372e-05,  2.0728e-05,  6.6610e-05,  3.3170e-05, -8.5541e-05],
          [-6.5485e-05, -6.7575e-05,  5.4845e-05,  4.2339e-05, -5.8237e-05],
          [-8.4125e-05,  8.5539e-05,  2.8430e-05, -9.7860e-05,  5.6081e-05]]],


        [[[-5.7053e-05, -6.6479e-06,  6.1390e-05, -4.0342e-05,  1.5499e-04],
          [ 1.0414e-05,  5.3130e-05, -4.5747e-05,  1.8195e-04,  1.5468e-04],
          [-6.1602e-05, -1.3105e-04, -2.1590e-05,  8.3662e-05,  1.3970e-05],
          [-6.9735e-05,  7.8654e-05,  7.7854e-05,  1.3022e-05,  2.8065e-05],
          [-2.7898e-05,  4.5882e-05, -4.5253e-05, -1.6593e-05, -1.8873e-04]]],


        [[[-1.0363e-04, -5.0875e-05,  7.9416e-05,  1.0522e-05,  1.5223e-04],
          [ 8.5294e-05,  1.7261e-05, -6.0780e-05, -1.6063e-04,  1.6070e-04],
          [ 8.8866e-05, -2.1149e-04,  1.5120e-04,  4.4808e-05,  3.0573e-05],
          [ 3.9468e-05, -4.5384e-05,  7.0312e-05, -1.6104e-04,  5.7366e-05],
          [ 1.8616e-05,  1.6103e-04,  5.5356e-05, -2.3450e-05, -7.8463e-05]]],


        [[[ 1.3731e-04, -3.4870e-05, -4.0367e-05, -1.0263e-05,  1.0819e-04],
          [ 1.0575e-04, -7.7059e-05,  2.4912e-04, -3.5265e-05, -5.0534e-05],
          [-1.0111e-04, -2.5423e-05, -1.1410e-04,  2.1571e-05, -6.1174e-05],
          [ 9.7552e-05,  1.5830e-04,  1.4758e-04, -4.1764e-05, -1.5388e-05],
          [-3.4010e-05, -8.2644e-06, -6.0622e-05,  1.7438e-04, -7.1046e-05]]],


        [[[-5.3133e-05,  8.0561e-05,  1.0322e-04,  1.7446e-04,  2.7084e-05],
          [ 5.3705e-05, -9.5911e-05, -1.4823e-04,  1.8757e-04,  1.1310e-04],
          [ 8.1940e-05,  4.5893e-05,  2.9794e-06, -7.5520e-05, -1.5503e-04],
          [ 1.9264e-04,  4.7405e-05,  1.8042e-05,  6.8497e-05, -3.5283e-05],
          [ 1.0870e-04,  1.2280e-04, -1.5643e-04, -7.7608e-05, -1.5257e-05]]],


        [[[ 1.0795e-04,  9.2499e-05,  2.0650e-05, -1.5037e-05,  4.4938e-05],
          [-7.8947e-05,  6.2275e-05,  7.0926e-05,  3.6793e-04,  5.4939e-05],
          [-3.1850e-04, -4.8417e-05, -1.4162e-04,  6.3151e-05, -4.1272e-05],
          [-4.5789e-05,  2.0486e-05,  8.2547e-05, -1.0238e-04,  4.9403e-05],
          [-9.8682e-05,  1.0324e-04,  2.8846e-05,  8.0916e-05,  6.1643e-06]]]],
       device='cuda:0', requires_grad=True)conv1.biasParameter containing:
tensor([ 0.0045,  0.0589,  0.0522,  0.0007,  0.0184,  0.0653,  0.0803,  0.0376,
         0.0685,  0.0140,  0.0656,  0.0889,  0.0748,  0.0780,  0.0352,  0.0263,
        -0.0018,  0.1084,  0.0504,  0.0419], device='cuda:0',
       requires_grad=True)conv2.weightParameter containing:
tensor([[[[-3.6414e-06,  7.8843e-05, -2.2257e-04, -7.8531e-05, -3.0785e-05],
          [-1.3634e-04, -4.9099e-05,  1.0766e-04,  1.1148e-05, -6.1069e-05],
          [ 5.8986e-05,  1.3691e-04, -5.8426e-05, -8.2907e-05, -8.3094e-05],
          [ 6.7477e-05,  9.4886e-05,  7.7434e-05,  1.2038e-04, -7.0252e-05],
          [-1.2605e-04,  7.0246e-05,  8.2649e-05, -7.1178e-05, -9.7395e-05]],

         [[-2.0178e-05, -1.4270e-04, -5.5149e-05,  2.8865e-05,  6.4443e-05],
          [-9.4364e-05,  3.0993e-06, -1.1609e-04, -4.5096e-05, -1.1574e-04],
          [ 2.0312e-05, -5.5346e-05, -1.0574e-05, -1.6204e-04, -1.0305e-04],
          [ 2.3999e-05,  2.8590e-05,  8.9601e-05, -2.2164e-05,  6.3511e-06],
          [-2.1600e-05,  2.3607e-05,  1.4085e-04, -1.6305e-04,  2.1098e-05]],

         [[-8.2957e-05, -5.6576e-05,  1.2601e-04,  7.7690e-05,  5.6355e-05],
          [-9.4587e-05,  5.2017e-05,  3.4943e-05,  1.4250e-04,  1.2600e-04],
          [ 5.1055e-05, -1.3580e-04, -1.0675e-04, -9.5100e-05, -7.9815e-07],
          [-9.4127e-05, -5.4472e-05,  5.9996e-05,  5.9203e-05, -3.3771e-05],
          [-1.1487e-04, -1.2579e-05,  1.4928e-04, -1.5471e-05, -8.4204e-05]],

         ...,

         [[ 7.0162e-05, -6.6461e-05,  2.7363e-05, -6.4751e-05, -1.2024e-04],
          [ 5.0971e-05,  4.3423e-05,  5.8466e-05, -1.8543e-05, -1.5732e-04],
          [-5.6532e-05, -2.3170e-05,  4.0700e-05, -5.2338e-05,  5.8761e-05],
          [-5.2792e-05,  1.7955e-04,  1.1292e-05,  6.2076e-05, -1.9770e-04],
          [ 6.3439e-05,  7.6029e-05,  1.1823e-04,  2.7025e-04, -5.6816e-05]],

         [[-1.8877e-04, -1.0901e-05, -2.6282e-04, -1.0607e-04, -1.1058e-04],
          [ 5.1584e-05,  1.1037e-04, -3.5285e-05, -4.3180e-05, -6.6306e-05],
          [-1.0116e-04,  4.7956e-05, -1.4493e-04, -4.8457e-05, -2.4592e-05],
          [ 5.0246e-05, -1.2615e-04, -5.5644e-05, -1.5704e-04, -5.8750e-05],
          [ 6.9621e-06,  2.8696e-05, -3.7563e-05,  5.9128e-05, -5.3029e-05]],

         [[-1.9435e-05, -2.7201e-05, -5.6678e-05,  1.7792e-04, -4.0490e-05],
          [ 1.8116e-05,  1.8600e-04,  1.6008e-04, -1.9496e-05, -1.5293e-04],
          [ 6.0756e-05,  4.0045e-05,  1.1731e-04, -1.6359e-04,  2.0946e-06],
          [-5.6495e-05, -5.9300e-05, -4.1404e-05,  1.4056e-04,  1.7337e-04],
          [-5.2882e-05,  8.6021e-05, -3.6415e-06, -2.0347e-04, -2.5346e-05]]],


        [[[-6.7791e-05,  4.4659e-05, -3.3992e-05, -5.6560e-05,  6.4451e-05],
          [ 1.5226e-05,  6.3500e-05,  1.0420e-04, -5.6780e-05,  9.3899e-05],
          [ 9.3702e-05,  4.5900e-05,  1.4219e-04, -1.1969e-04, -5.6820e-05],
          [ 8.6706e-05,  6.4428e-05,  8.5161e-05,  1.3822e-05,  4.0314e-05],
          [-1.8778e-06, -1.0618e-05,  7.0866e-06, -4.0135e-05,  1.3812e-04]],

         [[-2.4841e-04, -1.3766e-04, -9.4187e-06, -2.9657e-05,  1.3787e-04],
          [-2.1824e-04,  5.4942e-06, -9.9585e-06, -4.1994e-05, -1.1807e-04],
          [ 3.3667e-05,  1.2580e-04, -2.8249e-04, -2.1165e-05,  8.5174e-06],
          [-8.1259e-05, -5.0099e-05,  1.5876e-05, -2.8864e-05,  1.6936e-04],
          [-5.7653e-05,  1.5348e-04,  5.1856e-06,  1.1833e-04,  1.2217e-04]],

         [[ 6.8902e-05,  2.9408e-05,  2.6959e-05,  8.5540e-05, -1.2975e-04],
          [ 5.0757e-05,  7.8212e-05, -1.9880e-04,  3.8730e-05, -1.3992e-04],
          [ 1.2697e-04,  6.0707e-05,  2.1891e-04,  2.8474e-05,  1.0022e-04],
          [ 2.0011e-04, -5.0834e-05, -1.8587e-04, -1.9451e-04, -4.7857e-05],
          [ 2.3326e-05, -3.5632e-05, -4.8104e-05, -6.4529e-05, -1.4252e-04]],

         ...,

         [[ 1.8040e-04, -2.0848e-05,  5.6202e-05,  8.6771e-06, -8.8988e-06],
          [-1.2394e-04, -1.3949e-04, -1.0671e-04, -1.8661e-05, -5.5182e-06],
          [ 5.8569e-05, -8.9320e-05, -5.3208e-05, -6.6685e-06, -4.6946e-05],
          [ 1.0215e-04, -1.8871e-05, -1.6794e-04,  5.4422e-05, -6.9955e-05],
          [ 1.2307e-04, -6.7015e-05, -2.4035e-05, -1.1878e-04,  6.5243e-05]],

         [[ 6.8062e-06, -1.3643e-04, -1.3493e-04,  1.1709e-04,  9.9428e-05],
          [ 3.8358e-05,  1.0955e-04, -1.0442e-04, -2.1511e-04,  2.0509e-06],
          [-6.1862e-05,  1.0990e-04,  1.6734e-05, -3.2013e-05,  1.3593e-04],
          [ 8.0179e-05, -5.0111e-05, -1.0317e-04,  1.5243e-04,  1.5927e-04],
          [ 3.7123e-05,  1.4127e-06,  1.4043e-04, -7.1584e-05, -8.1547e-06]],

         [[-7.5332e-05, -3.0591e-05, -1.4337e-04, -9.7704e-05, -9.6198e-05],
          [-2.8494e-05,  8.0902e-05, -8.6688e-05,  8.7442e-06,  1.5629e-06],
          [-4.1288e-05, -6.2743e-06,  3.1380e-05, -6.2398e-05,  1.8839e-05],
          [-2.1635e-05, -1.3602e-05, -9.2099e-05, -6.7548e-05,  1.5465e-04],
          [ 8.8277e-05, -1.1317e-04,  2.1628e-05, -4.4379e-05,  1.4253e-05]]],


        [[[-1.7440e-04, -1.1904e-04, -4.6731e-05,  1.0635e-04,  8.6521e-05],
          [ 5.8060e-06,  2.6312e-04,  9.7158e-05,  4.9597e-05, -7.0570e-06],
          [-9.2911e-05, -2.1143e-05,  8.8460e-05,  1.0391e-04, -2.6071e-05],
          [-4.4823e-05,  6.1982e-05, -2.6703e-07, -1.0652e-04,  4.2313e-05],
          [ 3.0300e-05, -1.7820e-04, -4.0893e-05, -1.0508e-04,  9.7307e-05]],

         [[ 7.8418e-06,  1.1368e-04, -4.5664e-05,  6.1653e-05, -2.3175e-05],
          [ 1.3443e-04,  5.5016e-06, -2.1970e-05,  4.4048e-05, -5.2854e-05],
          [ 4.7572e-05,  1.0601e-05, -2.4271e-05,  6.2317e-05,  2.3418e-05],
          [ 1.0559e-04,  3.5737e-05, -8.2000e-05,  1.4701e-04, -1.0883e-05],
          [ 9.0848e-06, -2.8762e-05,  8.7447e-06,  4.8512e-05,  3.8266e-05]],

         [[ 6.5841e-06, -1.1019e-04,  1.3899e-05, -4.4106e-05, -2.1212e-05],
          [-1.9175e-04,  4.7513e-05,  5.5411e-05, -2.2779e-07,  1.7628e-05],
          [ 6.9251e-05, -6.2836e-05,  1.0379e-05,  5.1264e-06,  1.1444e-04],
          [-1.1389e-05, -5.6873e-05, -1.0969e-05,  6.9006e-05, -8.3348e-05],
          [-4.7850e-05,  1.3974e-05, -6.5709e-05,  4.0381e-06, -1.1684e-04]],

         ...,

         [[-1.1356e-04,  1.8094e-05, -7.7856e-05, -5.7689e-05,  6.3026e-05],
          [ 2.1091e-04,  9.1892e-05,  3.0635e-05,  8.1830e-05,  6.5658e-06],
          [-1.7782e-05, -3.4593e-05, -3.0794e-06, -3.9103e-05,  1.2329e-04],
          [-7.3155e-05,  6.3261e-05,  3.4669e-05,  8.1819e-05, -1.3744e-04],
          [-8.5831e-05,  9.3092e-05,  4.6867e-05, -4.7711e-05, -9.0609e-06]],

         [[ 2.1306e-04,  2.1309e-04,  2.7915e-05, -6.7433e-05,  1.2972e-04],
          [-5.4087e-05,  5.2581e-05,  5.3680e-05, -4.1505e-05,  9.4607e-06],
          [-4.7194e-05, -5.5014e-05, -9.5028e-05,  4.7077e-05,  1.0713e-04],
          [-4.4370e-05, -1.9920e-04,  3.7069e-05,  1.7081e-05, -9.3224e-05],
          [-1.9915e-04, -1.0788e-04,  9.0617e-05, -1.2393e-05, -7.5933e-05]],

         [[ 1.0009e-04, -1.2205e-05, -8.9447e-05, -4.1140e-06, -1.5039e-04],
          [-3.2430e-05, -9.6071e-05, -1.1790e-05,  2.1496e-06,  3.8071e-05],
          [ 4.9804e-05,  1.7571e-05, -9.3072e-05, -2.0531e-04, -4.3191e-05],
          [-4.3319e-05, -9.3076e-05,  1.2473e-04,  4.3333e-05,  1.2131e-05],
          [ 7.0234e-05,  1.6755e-04, -2.0743e-04, -8.8274e-05,  8.1518e-05]]],


        ...,


        [[[ 2.3689e-05, -4.2916e-05, -3.5812e-05,  9.7771e-05,  1.0389e-04],
          [-1.3997e-04, -8.1052e-05, -2.3820e-05,  9.9709e-05,  2.6165e-05],
          [-8.4024e-05, -1.7923e-04,  3.3902e-05,  1.0791e-04,  1.3610e-04],
          [-1.2458e-04,  7.2695e-05,  2.0407e-04, -6.7767e-07, -4.3137e-05],
          [-1.3354e-04, -2.2944e-04, -2.0684e-05, -1.0375e-04,  1.7711e-04]],

         [[-3.1383e-05, -1.5493e-04, -6.4850e-05, -3.1607e-05,  2.7142e-04],
          [-1.5479e-04, -9.9064e-05, -5.4353e-05,  4.5794e-05,  2.9525e-06],
          [-8.3993e-05,  4.1914e-05, -2.4521e-05, -9.8229e-05, -1.2129e-04],
          [-1.8970e-04,  5.0953e-06,  1.1883e-04, -3.5884e-05,  2.9775e-05],
          [ 2.0480e-05,  5.7446e-05,  1.1448e-04,  1.2500e-04, -1.0797e-04]],

         [[ 1.3513e-04,  1.4646e-05, -1.0478e-04,  1.8908e-04,  6.7903e-05],
          [-6.6156e-05,  8.3470e-05, -9.3740e-05, -8.0300e-07,  1.2837e-04],
          [ 1.4403e-04,  1.1735e-04, -2.4105e-06, -7.2987e-05,  2.6144e-05],
          [ 5.7400e-05,  7.3943e-05, -8.8243e-07, -6.4303e-05, -5.1845e-05],
          [-1.9509e-05, -1.0487e-04,  7.2565e-05,  2.5819e-05,  4.5078e-05]],

         ...,

         [[-1.8476e-04,  7.4854e-05, -8.5480e-06,  2.2946e-05,  1.2875e-05],
          [ 1.8811e-05,  8.5487e-05,  1.1858e-05, -1.6962e-04,  5.8976e-05],
          [-3.8361e-05, -1.4166e-06, -3.5878e-06, -4.8591e-05,  4.7182e-05],
          [-4.1422e-05,  7.4606e-05, -8.5563e-06,  2.4580e-05, -6.5339e-05],
          [-1.3709e-06,  5.2328e-05, -8.2342e-05,  1.8959e-04, -1.3911e-04]],

         [[-6.8954e-05,  3.8550e-05, -7.8752e-05, -6.9060e-05,  8.3364e-05],
          [ 8.4501e-05,  6.1687e-05,  1.0476e-04, -2.1116e-05,  5.1656e-05],
          [ 1.4433e-05,  4.4590e-05,  5.4509e-05,  2.5853e-04, -2.0458e-06],
          [-5.1514e-05, -1.0951e-05, -1.2546e-04, -1.4931e-04, -4.0627e-05],
          [-1.0994e-04, -2.9256e-05, -1.6513e-04,  2.9620e-05,  1.4233e-05]],

         [[ 7.7799e-06,  7.4437e-05, -1.7253e-05, -1.9661e-04, -6.8072e-05],
          [-3.8122e-05,  1.6425e-05,  1.8055e-04, -1.1832e-05,  8.9521e-05],
          [-1.6703e-05,  1.6685e-05,  1.0580e-04, -2.3014e-05,  7.2062e-05],
          [ 9.2666e-05, -1.0814e-04, -4.9951e-05, -3.0483e-07,  5.1502e-05],
          [ 1.6673e-04, -1.8428e-05, -2.5337e-05, -2.8900e-04,  1.5750e-05]]],


        [[[ 2.4051e-05,  1.9036e-04,  1.0715e-05,  7.4964e-05,  1.7457e-04],
          [-9.6173e-05, -1.1792e-04, -1.3200e-04,  8.2361e-05,  1.9150e-05],
          [ 1.1950e-04,  3.4460e-05,  1.1834e-04,  1.6747e-05,  7.5481e-06],
          [ 7.1191e-05,  1.8697e-06, -8.4752e-06,  3.0071e-05, -1.2405e-04],
          [-3.7121e-05,  1.3642e-05, -3.0673e-05, -5.8317e-05, -1.4258e-05]],

         [[-2.5637e-05, -1.3909e-04,  2.1339e-05,  9.2765e-05,  3.4968e-05],
          [ 1.3467e-04,  2.6739e-05, -2.0371e-05,  8.5779e-05,  9.8193e-05],
          [ 1.0114e-04,  2.0992e-05, -4.2373e-05, -1.5644e-04,  6.9819e-05],
          [ 2.6518e-05, -1.1659e-04,  1.3946e-04, -2.6172e-05,  1.3011e-04],
          [ 6.9880e-05, -8.7408e-05,  1.9046e-05, -1.8486e-05,  4.6916e-05]],

         [[-1.0447e-05, -5.6632e-05,  1.1398e-04,  8.5820e-05,  2.8379e-04],
          [-2.8545e-06,  1.1518e-04,  1.8526e-06,  3.3166e-05, -6.6136e-06],
          [ 1.0954e-04,  3.9536e-05,  4.5817e-05, -1.4391e-05,  3.0346e-06],
          [ 2.0106e-05,  3.5026e-05,  9.2817e-05, -1.3032e-05, -1.0159e-04],
          [-4.3413e-05, -6.4975e-05,  4.7242e-05, -1.7732e-04,  3.0156e-05]],

         ...,

         [[-1.9070e-05,  1.3209e-05, -1.2577e-04,  6.6811e-05, -1.1996e-04],
          [-2.5565e-05, -8.8267e-05, -3.5211e-05,  7.1811e-05, -2.2389e-05],
          [ 1.2612e-04,  9.4998e-05, -8.3995e-05,  1.7580e-04, -2.1414e-05],
          [ 3.0536e-06,  9.3119e-05, -8.0932e-05, -7.6448e-05,  8.0668e-05],
          [ 2.5165e-05,  2.6264e-05,  3.6354e-05,  1.2248e-04,  5.7442e-05]],

         [[-6.9651e-05, -9.0808e-05,  4.5386e-05, -1.6499e-04,  1.1381e-04],
          [ 2.2762e-06, -8.2875e-05, -6.0354e-06, -7.6087e-05, -7.6611e-05],
          [ 1.1105e-04, -1.6739e-04,  7.3304e-07,  1.0922e-04,  3.2458e-05],
          [ 1.1552e-04,  6.1746e-06,  4.6648e-05,  1.2446e-04, -2.1200e-04],
          [ 4.0078e-05, -3.9548e-05, -1.1868e-04,  8.1394e-05,  4.0028e-05]],

         [[-1.3709e-05,  2.2038e-05,  5.8723e-05,  1.0341e-04, -4.2715e-05],
          [-1.7092e-04,  1.0613e-04, -3.4873e-05, -6.8529e-05, -1.2876e-04],
          [-6.8723e-05,  4.4087e-05,  1.1439e-04,  1.0528e-04,  8.9608e-05],
          [ 6.2536e-05,  5.4299e-05, -2.0793e-05, -1.2486e-04, -8.0742e-06],
          [-1.9758e-04,  4.4555e-05,  9.9176e-05, -9.1571e-05, -7.2276e-05]]],


        [[[-1.7351e-04, -4.8090e-06,  6.8410e-05, -1.1561e-04,  1.9886e-05],
          [-2.1899e-05, -1.5436e-04, -1.6409e-04, -5.8336e-05,  5.4245e-05],
          [ 1.3711e-04,  5.9220e-05,  1.1591e-04,  8.8006e-05, -9.0168e-05],
          [-3.6301e-05,  1.4204e-04, -1.6329e-05,  4.9268e-05, -5.1651e-05],
          [-1.1569e-05,  1.4334e-05,  4.1243e-05, -4.0621e-05,  6.0144e-05]],

         [[ 3.2680e-05,  9.6133e-05, -1.1273e-04,  5.9750e-06, -1.0695e-05],
          [ 8.0388e-05,  2.5354e-05, -5.0882e-05,  4.7064e-05,  1.2210e-04],
          [ 3.3712e-05, -1.5401e-05,  2.8097e-05,  3.4010e-05, -6.3656e-06],
          [-1.1857e-04, -3.2278e-05, -1.4060e-04, -2.7171e-05, -1.8239e-04],
          [-1.1594e-04, -1.4086e-04,  1.1884e-04, -2.9370e-05,  1.2583e-04]],

         [[-4.1755e-05,  1.3987e-05, -1.1023e-04,  2.5577e-05,  8.2240e-05],
          [-4.6513e-05,  6.1845e-05, -1.8916e-04, -1.8482e-04,  4.4402e-05],
          [-3.4445e-06,  5.3121e-06, -4.1277e-05,  1.3577e-05,  1.1010e-04],
          [-1.1334e-04,  7.5619e-06, -6.2713e-06,  5.1491e-05,  5.8563e-07],
          [ 1.0890e-04, -4.7187e-05, -5.1070e-06, -4.1517e-05,  1.4672e-04]],

         ...,

         [[-1.8842e-04,  1.4033e-04, -1.2874e-04,  2.0344e-04, -8.2653e-05],
          [ 1.1077e-04,  4.2636e-05, -1.0725e-04,  1.5198e-04, -1.0735e-04],
          [-5.1527e-05,  1.0228e-04, -3.4154e-05, -1.0575e-04,  7.5278e-06],
          [ 1.2970e-04, -1.2870e-04, -1.0655e-04,  4.7974e-05,  1.9542e-04],
          [-4.8950e-05,  1.2039e-04,  2.0733e-04,  8.3006e-05, -2.6285e-05]],

         [[-2.6513e-04, -2.6506e-04,  7.8799e-05, -1.0961e-05, -8.4181e-06],
          [ 3.5440e-05,  1.2492e-04,  3.8891e-05, -5.6861e-06,  8.6845e-05],
          [ 6.9767e-05,  6.7153e-05, -2.7138e-05, -2.0862e-05,  3.7543e-05],
          [-6.1843e-05,  1.3020e-04, -1.9597e-05, -1.0306e-04,  1.6791e-04],
          [-8.3390e-06,  2.9294e-05,  8.2591e-05, -3.2448e-05,  2.9258e-05]],

         [[ 2.6939e-05,  7.0899e-06,  6.7732e-05,  7.9175e-05, -8.6377e-05],
          [ 3.8508e-05,  1.9756e-06, -2.4157e-05, -9.8307e-05, -5.6686e-05],
          [-8.0987e-05,  1.8044e-04, -6.2530e-05, -1.1837e-04,  5.6661e-05],
          [ 4.0339e-05, -1.2245e-05, -2.8063e-05, -3.7344e-05, -7.0663e-05],
          [-2.2628e-05, -1.1470e-04,  4.1151e-05, -1.7251e-04, -2.6679e-05]]]],
       device='cuda:0', requires_grad=True)conv2.biasParameter containing:
tensor([-0.0107, -0.0177, -0.0089, -0.0186, -0.0157, -0.0042, -0.0090, -0.0038,
        -0.0177, -0.0192, -0.0113, -0.0217, -0.0084, -0.0131, -0.3682, -0.0139,
        -0.0030, -0.0161, -0.0117, -0.0148, -0.0036, -0.0613, -0.0052, -0.0292,
        -0.0130, -0.0139, -0.3354, -0.0040, -0.0057, -0.0049, -0.0135, -0.0137,
        -0.0291, -0.0144, -0.0145, -0.0067, -0.0017, -0.0097, -0.0104, -0.0058,
        -0.0175, -0.0031, -0.0044, -0.0093, -0.0169, -0.0147, -0.0167, -0.0113,
         0.0198, -0.0196], device='cuda:0', requires_grad=True)fc1.weightParameter containing:
tensor([[-2.3877e-41, -1.0039e-41,  2.2260e-41,  ...,  1.2944e-41,
          5.3530e-43, -6.3619e-42],
        [ 2.9908e-41, -1.1775e-41,  1.0039e-41,  ..., -5.3011e-42,
         -1.2438e-41, -1.0431e-41],
        [ 7.0185e-41,  3.8600e-41, -9.2826e-41,  ...,  1.1244e-40,
         -7.4284e-41,  1.7089e-40],
        ...,
        [ 9.4363e-42, -4.0427e-42,  4.1030e-42,  ...,  3.7793e-42,
         -1.9940e-42,  1.7198e-41],
        [-1.7585e-41,  2.9087e-41,  1.2333e-41,  ..., -4.0526e-42,
          2.0473e-42,  1.4628e-41],
        [-4.8520e-41,  1.4492e-41,  2.3433e-41,  ...,  1.2934e-42,
          1.6074e-41,  1.5142e-41]], device='cuda:0', requires_grad=True)fc1.biasParameter containing:
tensor([-9.3905e-02,  1.4167e-02, -3.5117e-42, -5.6316e-03,  3.3557e-02,
        -2.4647e-03,  2.7385e-02,  2.0380e-02, -8.3558e-03,  7.7824e-02,
         4.3843e-03,  6.4582e-03, -1.0365e-20, -2.9488e-07,  3.9434e-02,
         7.1939e-02,  1.1039e-02,  1.2214e-41,  3.7829e-02,  5.3203e-02,
         1.3343e-41, -4.9747e-02,  8.8706e-03, -1.4891e-02,  5.9171e-03,
         2.4672e-04, -3.8337e-09,  9.8384e-03,  8.4348e-34,  1.5198e-02,
        -3.3869e-02, -5.0239e-02,  4.5199e-02,  1.6582e-04,  1.1503e-02,
        -2.3758e-10,  9.1997e-03,  7.7332e-03,  8.0705e-05,  6.9796e-02,
         1.7817e-02, -1.4490e-02,  3.0859e-02,  3.9356e-03,  1.3655e-01,
        -1.1309e-04,  1.1417e-02, -6.6888e-11, -1.0787e-03, -1.0122e-05,
         2.6420e-04,  6.4587e-02, -1.8059e-05,  9.2345e-03, -1.7208e-03,
         3.8740e-02, -2.0701e-02,  3.1281e-02,  1.1881e-40,  3.2483e-02,
        -4.2927e-15, -9.2048e-08, -7.7330e-03,  3.2149e-02,  6.0529e-02,
         4.7919e-03, -1.1565e-08, -1.4866e-02,  2.9091e-02,  3.8201e-04,
         3.2258e-42, -1.3893e-02,  7.3528e-03, -6.9970e-02,  4.0027e-36,
        -2.9344e-29, -2.4931e-04, -2.8793e-05,  1.0680e-01, -6.0116e-03,
        -6.0078e-23,  3.7365e-02, -1.1475e-41, -1.8498e-21, -1.0473e-04,
        -1.1205e-05, -9.4853e-03, -3.0408e-43,  2.3576e-02, -7.0027e-11,
         1.4692e-01,  5.4220e-04, -7.0397e-17, -5.3738e-14, -2.6295e-04,
         2.4156e-03,  7.4549e-42, -2.0640e-10, -1.2370e-02,  1.6176e-02,
        -9.1626e-08, -1.6906e-02,  1.6294e-02, -3.9476e-10, -1.0425e-02,
        -4.2148e-06, -3.4210e-12, -7.4655e-11, -7.2011e-02,  2.5090e-02,
        -2.8523e-02, -3.1310e-02,  6.6688e-02,  5.8889e-02, -6.0910e-02,
        -1.0101e-02,  3.1680e-02, -7.0954e-11, -4.5400e-02, -1.8813e-02,
         1.9182e-02,  2.1002e-02, -4.5700e-17, -7.1621e-22, -2.2427e-02,
         2.9421e-02,  2.4183e-02, -4.0412e-03,  5.1924e-02,  6.1344e-02,
         1.7427e-02,  5.1318e-02, -6.9469e-06, -8.1624e-03, -3.6924e-42,
         2.9833e-02,  2.6549e-02, -2.9922e-02, -4.3656e-19,  5.5054e-04,
         7.1236e-02, -1.3035e-29, -2.1065e-02,  1.0353e-01,  6.2529e-02,
         9.7444e-02, -5.8042e-42, -8.4931e-06,  8.3502e-02, -9.9933e-27,
        -6.2414e-42, -1.5627e-10, -8.3112e-03, -3.1291e-42,  2.2151e-03,
        -1.1447e-03,  2.9201e-32, -4.7788e-18,  3.3910e-02,  5.9743e-02,
         8.3103e-02, -8.0356e-39, -1.5164e-15,  1.1086e-02,  6.7716e-02,
         2.7226e-03, -9.2612e-28,  9.4358e-02,  1.0423e-02, -2.0386e-11,
         4.5040e-02, -2.7625e-22, -1.5024e-20,  2.7115e-02,  5.4007e-03,
         2.0591e-30, -4.7395e-08, -1.6147e-06, -2.2341e-04, -1.6217e-02,
         1.7083e-02,  1.2345e-42, -1.2152e-02,  4.4448e-02, -2.6743e-18,
         4.4713e-02, -4.4217e-04, -3.0366e-02, -5.4827e-10,  2.8380e-03,
        -5.9165e-03,  1.9902e-24, -1.7542e-04,  3.2426e-02, -2.0508e-02,
         5.4512e-02, -9.8195e-04,  5.9074e-10, -4.1078e-06,  4.9295e-02,
        -2.0888e-05,  9.5534e-05, -3.3957e-05,  1.1579e-02,  1.3091e-02,
         1.9387e-03,  4.6891e-02, -6.5445e-23,  1.3582e-03,  4.2450e-36,
        -5.4644e-07,  2.3489e-20, -5.0156e-08,  1.4089e-02,  1.5580e-07,
         1.2388e-01,  2.1305e-02, -2.0403e-07, -1.2557e-02,  6.0966e-02,
        -9.1676e-03,  1.1606e-02,  1.5891e-12, -2.1848e-02,  1.7681e-02,
        -6.6334e-03, -1.7467e-05, -1.4405e-07,  1.1377e-02, -1.1194e-03,
         1.0942e-02, -3.1913e-03, -8.7931e-42, -1.4078e-12, -2.6887e-10,
         3.8444e-03,  1.1515e-02,  6.4311e-02, -8.0676e-03, -4.2894e-03,
         2.0745e-29, -6.1432e-03, -2.1823e-02, -1.5917e-10, -2.8472e-04,
        -3.7911e-02, -4.1992e-03,  4.4262e-02,  1.5279e-02,  3.3227e-03,
        -1.4241e-11, -2.6610e-07, -1.8752e-02,  5.1232e-03,  5.9002e-02,
        -2.5874e-02, -2.9779e-02, -1.3574e-07,  4.4112e-03,  1.4198e-02,
        -3.1972e-04, -1.3737e-06,  9.5085e-03, -2.3770e-13, -1.5116e-13,
        -6.5078e-25,  3.9146e-02, -4.5818e-03, -2.4536e-03, -1.6696e-05,
        -1.5475e-15, -4.2422e-04, -4.4924e-02, -6.0293e-02,  9.2202e-02,
        -3.0637e-02, -6.4586e-02,  6.0348e-31,  1.1423e-02,  1.4167e-42,
        -1.2341e-02,  3.5347e-02,  2.3373e-20, -3.2865e-02, -4.1930e-03,
        -1.8571e-08, -1.0685e-41,  5.1848e-02,  2.2774e-02,  2.3954e-03,
         5.1977e-03, -1.7681e-31, -5.3660e-02, -1.2794e-10,  7.8561e-02,
        -2.2533e-04,  3.9355e-02, -1.3621e-33,  5.8398e-03, -5.3663e-06,
        -5.3029e-02, -3.0269e-14, -3.8069e-02, -3.1611e-33, -9.9288e-13,
         4.0413e-03, -1.3249e-02, -2.5698e-08,  3.1740e-02, -3.9373e-02,
         2.7213e-02, -8.5926e-09,  3.0701e-02, -4.9226e-37, -2.7155e-02,
        -6.6965e-03,  1.0486e-41,  3.0670e-02,  1.0894e-41,  1.2574e-02,
         2.6007e-02, -8.8716e-08,  8.5726e-20, -1.0516e-02, -8.0941e-03,
        -6.4953e-13, -5.5168e-21, -3.3231e-05, -9.2829e-04,  6.0302e-02,
        -7.1410e-42, -1.1888e-24,  1.1221e-01, -1.6444e-02,  1.1040e-01,
        -2.5616e-03,  6.0470e-02,  9.5133e-03, -1.8038e-12,  3.5309e-02,
         5.2268e-02, -2.5479e-02,  2.1766e-03,  1.8141e-01,  4.1360e-02,
        -4.2274e-05,  3.9829e-02, -8.2191e-09, -4.1921e-17,  1.0250e-02,
        -6.9692e-02, -9.0790e-11,  1.4045e-02, -8.1782e-03, -2.8312e-06,
        -1.4546e-21,  1.4380e-02, -1.6688e-12, -6.1704e-18,  3.9677e-02,
        -8.2059e-04, -2.4102e-41,  1.9693e-02, -1.7131e-02,  6.9511e-04,
         7.2924e-42,  9.1883e-42, -1.3403e-03,  1.1146e-02,  7.2800e-12,
         1.0565e-01,  1.3528e-02, -6.9463e-02, -3.8340e-08,  5.1789e-04,
        -3.0012e-02, -8.5495e-25, -1.6902e-01, -1.3157e-05, -3.2057e-26,
         3.8698e-40,  9.3070e-35, -7.4262e-09, -7.7136e-03,  1.4054e-02,
        -1.7951e-32, -2.4338e-06,  2.2461e-02,  3.6305e-03, -4.8688e-06,
        -1.0867e-11,  4.6022e-02,  3.3751e-02, -1.8541e-13, -4.5326e-23,
        -6.0962e-03,  3.6836e-02, -3.7584e-02, -2.7426e-02,  2.4373e-02,
        -2.2892e-16, -2.7702e-12,  4.4683e-02, -7.4979e-19, -4.0760e-06,
        -1.5241e-02, -7.5322e-03,  1.6484e-02,  9.1925e-42,  8.0546e-29,
        -4.5617e-09, -1.8498e-08,  7.3576e-02,  8.1530e-03,  3.9264e-02,
         7.9684e-02, -2.9069e-06,  9.1196e-03, -2.7743e-10, -4.5081e-03,
        -1.7426e-08, -1.0099e-02, -1.3398e-17,  3.0678e-02, -1.3642e-06,
         2.7174e-02,  5.4518e-27, -1.2909e-11, -9.0695e-03, -6.9517e-02,
         1.3756e-02, -3.3084e-02, -6.7150e-42, -6.9146e-29,  4.7828e-02,
        -6.3764e-23, -2.9035e-42, -2.2126e-37, -9.8206e-04, -8.9882e-03,
        -6.4195e-04, -8.6772e-03,  1.4181e-01,  8.5118e-24,  9.9665e-03,
         1.4676e-02,  6.5343e-03, -2.0703e-41,  1.3530e-02, -2.8238e-22,
        -8.7049e-03,  3.8493e-02, -5.6864e-34, -9.9240e-42, -2.4301e-06,
         8.3224e-02,  7.4383e-02, -8.5498e-04, -8.7728e-03,  6.0139e-04,
        -1.0319e-06, -1.6400e-02, -2.1210e-03, -6.4118e-02, -7.3547e-28,
        -8.0918e-18, -5.5410e-04, -9.1264e-17,  8.8370e-03,  5.0512e-28,
        -4.6323e-04, -2.5761e-02,  3.4604e-02, -9.7790e-04,  2.7277e-02,
        -7.7574e-03,  3.8947e-03,  6.9464e-02, -3.4081e-17, -2.0777e-09,
        -2.9539e-03,  5.2740e-02, -3.0516e-02, -1.1329e-34, -6.0682e-03,
         2.5625e-02,  3.2204e-02,  4.4386e-03,  1.0123e-02, -5.1325e-06,
         1.3692e-02, -2.0109e-06,  2.9996e-02, -3.4505e-03,  1.9854e-32,
         1.4665e-02,  1.3359e-41,  1.5051e-02, -8.7276e-03, -3.5631e-03],
       device='cuda:0', requires_grad=True)fc2.weightParameter containing:
tensor([[-2.3457e-01,  1.1511e-01, -8.5572e-06,  ...,  1.9502e-01,
         -2.2921e-02, -2.5889e-02],
        [ 1.7996e-01, -2.2676e-01, -6.2696e-07,  ..., -1.0030e-01,
         -3.0628e-02, -8.1373e-02],
        [-4.7487e-02, -1.1477e-01, -5.1205e-04,  ..., -7.1485e-02,
         -4.0819e-02, -8.6393e-03],
        ...,
        [-1.5069e-02, -8.4473e-02,  5.4706e-06,  ..., -8.2985e-02,
         -2.0584e-02,  9.5808e-02],
        [-5.2909e-01, -7.4375e-03,  1.2034e-03,  ..., -3.3048e-01,
          1.4184e-02,  9.1786e-02],
        [ 2.3481e-01,  1.2382e-01,  6.0379e-06,  ..., -8.4266e-02,
          1.7881e-02,  1.2413e-01]], device='cuda:0', requires_grad=True)fc2.biasParameter containing:
tensor([-0.0079, -0.0738, -0.0394, -0.0987, -0.0359,  0.0027,  0.0090, -0.1201,
         0.2834,  0.0115], device='cuda:0', requires_grad=True)