conv1.weightParameter containing:
tensor([[[[ 2.0586e-06, -1.8018e-04, -3.2131e-05,  5.0384e-05, -3.3616e-05],
          [-4.6412e-05,  1.3992e-04, -2.9710e-04,  8.5158e-05,  5.3420e-05],
          [-3.8697e-05, -1.6320e-04,  4.7072e-06, -9.0279e-05,  7.4619e-05],
          [ 5.7048e-05,  8.4708e-05, -5.8745e-05, -9.1238e-05, -3.6476e-05],
          [-5.7628e-05,  4.8654e-05, -8.5088e-05,  5.3873e-07,  5.6569e-05]]],


        [[[-2.4945e-05,  9.9752e-05,  3.7321e-05,  5.9353e-05, -2.3352e-04],
          [ 1.5080e-04,  8.5523e-05,  2.6681e-05,  5.1195e-05, -5.0188e-05],
          [ 1.9389e-04,  5.6078e-05,  1.1864e-04, -6.6184e-05, -8.0158e-05],
          [ 3.8531e-05, -6.2020e-05,  2.7262e-05, -9.0496e-05, -1.3446e-04],
          [-7.3327e-05, -7.5565e-05, -5.8926e-05,  1.9041e-04, -6.6711e-05]]],


        [[[-5.0715e-05, -1.1094e-04,  2.9547e-07,  5.7820e-05, -2.5084e-04],
          [-7.8225e-05,  2.8408e-05, -1.0218e-04, -6.7905e-05,  1.3528e-04],
          [ 3.6816e-05, -1.1325e-04, -7.6013e-07,  2.8842e-07, -1.8252e-04],
          [-1.1719e-04, -1.1445e-04,  4.8205e-05,  1.5334e-04,  1.1728e-04],
          [ 2.6355e-05, -1.0556e-04, -1.3610e-05,  3.1117e-05,  8.6555e-05]]],


        [[[-7.5493e-04, -5.7502e-04, -2.9394e-04,  9.7297e-05, -1.1144e-03],
          [-5.1842e-04,  5.0533e-05,  4.1328e-04,  7.5889e-04, -6.3402e-04],
          [-4.6585e-05,  5.7131e-03,  6.8941e-01,  3.8407e-03,  2.0216e-04],
          [ 6.0908e-04,  1.4637e+00,  2.1517e+00,  1.1603e-01,  1.0470e-03],
          [ 4.9312e-04,  9.6651e-03,  1.8122e-02,  6.3525e-03,  1.2643e-03]]],


        [[[ 1.1135e-04,  1.3738e-04, -6.1000e-05, -4.2759e-05, -5.6263e-05],
          [-1.2094e-04, -7.5109e-05,  7.1871e-05, -1.2070e-04, -3.3255e-05],
          [ 6.2313e-07,  1.5475e-04, -6.1275e-05, -4.7438e-05,  1.3208e-04],
          [-1.4617e-04,  1.0390e-04,  1.1223e-05,  7.5971e-05, -6.5742e-05],
          [-6.0209e-05,  6.3856e-06,  1.0394e-04,  1.3583e-04, -1.0363e-04]]],


        [[[-5.7124e-05,  4.7621e-06,  8.8382e-05, -6.8497e-05,  7.3202e-06],
          [-6.7486e-05,  3.2107e-04, -3.1558e-05, -2.1689e-04, -1.6501e-05],
          [-5.7390e-05, -6.4604e-05,  1.5334e-04,  3.3107e-05, -7.7181e-05],
          [-1.6511e-05, -4.4304e-05,  2.1529e-05, -1.9060e-05, -3.7612e-05],
          [ 1.3929e-04, -1.4480e-04, -3.0490e-05,  1.2279e-04, -1.0826e-04]]],


        [[[ 5.0127e-05, -1.3960e-04,  9.9197e-05,  6.7323e-05,  9.8193e-05],
          [-5.3384e-05,  2.3600e-05, -4.2003e-06, -2.1908e-04,  1.9635e-05],
          [-1.0208e-04, -1.1767e-04,  7.8616e-05, -9.7240e-05,  9.1625e-05],
          [ 9.6602e-05, -1.1189e-04, -1.0734e-04,  7.0361e-05, -9.3215e-05],
          [ 2.9668e-05,  5.8480e-05, -3.1577e-05, -7.3143e-05,  3.2041e-04]]],


        [[[ 2.9322e-06, -6.8249e-05,  1.9419e-05,  1.0137e-04, -5.7478e-05],
          [-3.3713e-04, -6.9304e-07, -5.3741e-05, -4.6230e-05,  8.6550e-05],
          [-5.7661e-05, -5.3143e-05, -7.6022e-05,  6.3915e-06, -1.6878e-04],
          [-1.6783e-04,  1.1603e-06,  6.4355e-05, -1.8318e-04, -1.3108e-04],
          [-8.6499e-06, -1.1677e-05,  7.0330e-05, -2.6628e-05, -1.3128e-04]]],


        [[[ 8.2898e-05, -6.9036e-05,  1.4216e-04,  2.3870e-04,  7.5930e-05],
          [-1.5276e-05, -2.9372e-05,  1.3855e-04, -7.6351e-05,  2.2421e-04],
          [ 8.2841e-05, -1.4961e-05,  2.5438e-05, -1.7025e-04, -5.5931e-05],
          [-2.0713e-05, -4.5295e-05,  1.6269e-04,  4.8465e-05,  1.4938e-05],
          [ 4.7888e-05,  3.0139e-05,  8.8499e-05,  6.2506e-05, -1.7191e-04]]],


        [[[-1.2052e-05, -7.7213e-05,  4.7706e-06,  2.7476e-06,  3.9308e-05],
          [-1.0546e-04,  3.7838e-05, -7.4949e-07,  7.5415e-05,  2.1909e-05],
          [-1.4931e-04, -2.4748e-04,  1.8867e-05, -1.5956e-05,  1.7151e-04],
          [-3.6360e-07,  7.9068e-05, -7.4465e-05, -1.6246e-05, -3.3175e-05],
          [-1.4833e-04,  4.3876e-05,  1.4938e-04,  3.3874e-05, -6.3855e-05]]],


        [[[-1.5979e-05,  2.7800e-04, -2.4345e-05, -4.4954e-05,  7.3791e-05],
          [-2.7354e-05,  1.1742e-04, -7.3569e-05, -4.4204e-05,  1.3447e-05],
          [ 5.4803e-05,  9.0645e-05,  2.1761e-04, -1.2366e-04,  2.8628e-05],
          [ 1.5703e-04,  1.2170e-04,  9.0569e-05,  4.4413e-05, -1.2286e-06],
          [ 1.3167e-04, -3.2006e-05,  1.3917e-05, -1.1777e-04,  3.8185e-05]]],


        [[[-1.2564e-04, -4.0258e-05, -1.1778e-04, -1.6890e-04,  2.8743e-05],
          [-1.9818e-05,  7.9236e-05,  3.5033e-05,  8.4521e-05,  6.5559e-05],
          [-2.3195e-05, -9.3403e-05, -2.5527e-04,  3.8796e-04, -1.6075e-04],
          [-3.9114e-04, -1.8541e-05,  1.3215e-05, -6.2679e-06,  1.5656e-04],
          [-6.1903e-05,  7.5526e-05,  1.0692e-04, -1.4999e-04,  1.7085e-04]]],


        [[[ 2.9334e-05,  3.6283e-06, -1.4324e-04, -2.0412e-05, -1.6172e-04],
          [-2.8347e-05, -3.8476e-05,  1.3147e-04,  1.2961e-04,  1.4872e-05],
          [-4.6163e-05,  1.3214e-04, -3.2269e-04,  6.1987e-05, -4.2503e-05],
          [-1.1912e-04, -2.0681e-05, -1.3902e-05,  2.9264e-05, -3.3328e-05],
          [-1.1530e-04,  1.8353e-06, -1.3402e-05, -7.9402e-05, -7.0656e-05]]],


        [[[-1.2595e-04,  1.0857e-04, -1.1664e-04,  3.9652e-05, -1.3862e-05],
          [-2.9335e-05,  7.1036e-05,  1.4707e-05,  2.5074e-05,  1.2480e-04],
          [-1.7821e-04,  1.3836e-04, -1.7247e-05,  7.9440e-05,  1.0935e-04],
          [-5.6214e-05, -1.4255e-04,  1.4353e-04, -1.7956e-04,  1.4220e-04],
          [-1.1524e-04, -3.4801e-05, -2.0535e-04,  2.9253e-05, -7.9146e-05]]],


        [[[-1.0934e-05, -1.8042e-04,  5.8013e-05,  1.4803e-04,  7.7233e-05],
          [-1.4264e-04,  1.0645e-04,  7.5524e-06, -2.0149e-04,  1.1632e-04],
          [-1.9055e-04, -1.0212e-05,  4.6005e-05, -3.3052e-05,  1.4980e-04],
          [ 1.9973e-05,  5.0671e-05, -1.4337e-04,  2.9306e-06,  1.6936e-04],
          [-2.5775e-04, -1.0345e-05,  3.5335e-05,  4.6335e-05, -1.2491e-04]]],


        [[[ 1.9707e-05, -6.8116e-05, -9.9291e-05, -8.8225e-05, -1.6062e-05],
          [-5.8804e-05,  2.2355e-05, -5.2360e-06,  1.5169e-05,  5.9915e-05],
          [-1.9379e-04,  1.1807e-04, -8.5000e-05,  6.7293e-05,  1.3979e-04],
          [-2.0215e-04, -2.4690e-05,  6.9195e-05,  2.3383e-04, -1.5607e-04],
          [-7.2366e-05, -4.1529e-05,  4.4679e-05,  1.6630e-04,  1.5560e-04]]],


        [[[ 9.7512e-05, -2.9086e-05, -1.7211e-04, -3.1127e-06, -2.4250e-05],
          [-1.7231e-04, -6.1528e-06, -7.3822e-05,  3.6193e-06,  2.1447e-04],
          [ 7.1313e-06, -1.1521e-04,  1.0214e-04, -1.0915e-04, -6.0848e-05],
          [-7.8004e-05,  1.3619e-04, -6.2485e-05, -4.6488e-06, -5.1350e-05],
          [-2.8234e-05, -6.2028e-06, -8.6342e-05, -2.3423e-04,  8.3439e-05]]],


        [[[-5.5438e-05, -1.5910e-04,  1.2014e-04,  1.7307e-05,  5.0547e-05],
          [ 3.3969e-05,  5.4104e-05, -5.8638e-05,  6.1582e-05,  1.0008e-05],
          [ 9.6498e-05, -8.7269e-05, -3.8660e-05,  7.0521e-05,  5.8390e-05],
          [ 8.2610e-05,  2.4595e-05, -8.7961e-05,  2.4088e-05,  6.9226e-05],
          [-6.5839e-05,  4.8041e-06, -1.8444e-05, -1.0260e-04,  1.1767e-04]]],


        [[[ 1.2414e-04,  3.4533e-05, -2.6867e-04, -2.4495e-05, -3.9253e-05],
          [ 5.4796e-05, -2.3907e-05,  7.7087e-05,  3.0916e-05, -1.7128e-04],
          [-3.5775e-05,  9.5389e-05,  1.2602e-04,  4.8717e-05, -8.2882e-05],
          [-1.0289e-04, -1.1528e-04, -2.8486e-05, -1.7130e-04, -2.0882e-04],
          [ 2.4236e-04, -1.6493e-04,  8.2869e-05,  8.6025e-05,  8.1940e-06]]],


        [[[ 3.4359e-05, -4.5331e-05, -2.4284e-05,  5.0904e-06, -1.8543e-05],
          [ 8.4982e-05,  3.1520e-05,  1.0413e-04,  1.0112e-04, -1.9783e-05],
          [ 2.1563e-04,  2.0834e-05, -2.4449e-05, -3.3663e-05,  2.1796e-05],
          [-7.3777e-05,  1.4126e-04, -1.8666e-05, -6.1843e-06, -3.9882e-05],
          [ 3.0670e-05,  4.3783e-05,  2.0626e-04, -2.1952e-05,  9.3670e-05]]]],
       device='cuda:0', requires_grad=True)conv1.biasParameter containing:
tensor([-0.0007, -0.0007, -0.0006,  0.0023,  0.0133,  0.0216,  0.0088,  0.0157,
        -0.0010, -0.0007,  0.0048,  0.0114,  0.0031, -0.0011,  0.0184,  0.0085,
         0.0319,  0.0024, -0.0011, -0.0012], device='cuda:0',
       requires_grad=True)conv2.weightParameter containing:
tensor([[[[-6.9044e-05, -3.2246e-05, -2.4360e-05,  1.0097e-04, -1.0377e-04],
          [ 2.8634e-05, -7.8142e-05,  2.0643e-05, -3.0150e-05,  4.5917e-05],
          [ 1.9572e-04,  2.8612e-05, -8.4697e-06,  5.1237e-05, -8.0504e-05],
          [-3.5466e-05, -2.7421e-05,  5.1066e-05, -2.7161e-05, -8.6375e-05],
          [ 1.5188e-04,  9.8497e-07,  1.9606e-06, -1.5198e-05,  1.3390e-04]],

         [[-5.4579e-05, -4.7140e-05,  1.6824e-04,  2.2854e-04,  1.8081e-05],
          [-9.1080e-05,  3.4344e-05,  4.6960e-05, -1.6539e-05,  9.7703e-06],
          [ 1.1739e-04,  7.3288e-05,  8.3042e-05,  2.4771e-05, -1.1552e-05],
          [-3.5099e-05,  2.0555e-05,  1.1910e-04,  6.9161e-05,  2.0578e-05],
          [ 9.9229e-05,  3.6700e-05,  2.1994e-05,  2.2100e-05,  2.6698e-05]],

         [[ 1.3725e-04, -7.3789e-05,  3.7015e-05, -1.1508e-04, -4.3233e-05],
          [-5.7770e-05,  1.5469e-05, -6.9483e-05,  5.1359e-05, -6.7947e-05],
          [-1.5898e-04,  5.2890e-05, -1.4131e-04, -7.4380e-05,  5.6134e-05],
          [-5.7113e-05, -2.2501e-06, -1.2156e-04,  4.2470e-05, -9.0301e-05],
          [-2.2775e-05, -5.8758e-05, -1.7599e-05,  1.2621e-06,  4.3307e-05]],

         ...,

         [[ 6.7262e-05, -1.0832e-05, -4.5231e-05,  3.7780e-05, -1.0332e-04],
          [-2.3895e-05,  1.2205e-04, -1.1932e-05,  5.3378e-05,  7.9468e-05],
          [-3.5730e-06,  5.7490e-05, -9.8458e-05, -1.4886e-05, -1.3081e-04],
          [ 1.2210e-04,  2.9352e-06,  1.9278e-05,  9.3360e-05,  5.1252e-06],
          [ 3.5229e-05,  9.8343e-05,  1.2191e-04, -1.7512e-06,  7.7077e-06]],

         [[-2.1032e-05,  1.9925e-05,  1.3383e-04,  8.6444e-05,  8.3219e-05],
          [ 9.4237e-05, -4.9763e-05, -2.3263e-05,  7.7172e-05, -4.1952e-05],
          [-1.7078e-04,  4.1286e-05,  4.1282e-05,  8.1273e-05,  1.1511e-04],
          [ 2.8166e-05, -7.4382e-05,  1.3023e-05,  1.6985e-05, -6.0361e-05],
          [ 4.0427e-05, -1.7404e-05,  2.2915e-05, -6.1113e-05,  1.8078e-04]],

         [[-9.7468e-05,  8.2607e-05,  4.1413e-05, -1.2014e-04,  1.1418e-04],
          [-6.5037e-05,  6.8699e-05, -1.8911e-05, -1.9153e-05,  1.6307e-04],
          [-6.3908e-05,  2.5191e-04,  1.2432e-04, -1.3531e-05, -1.2012e-04],
          [ 6.2389e-05,  7.3857e-05,  1.2877e-04,  6.5696e-05, -3.6726e-05],
          [ 8.8324e-05, -1.2872e-04,  1.3168e-05,  7.9642e-05, -3.2734e-05]]],


        [[[ 1.0198e-05,  8.7088e-06,  1.1170e-04, -9.7320e-05, -3.7245e-05],
          [ 1.2325e-04, -4.9805e-06, -4.0350e-05,  2.2307e-04, -4.0359e-05],
          [-8.0429e-05, -1.8292e-05,  5.3941e-05, -4.6964e-05, -1.3478e-04],
          [-8.9290e-05, -1.7197e-04, -1.4671e-05, -4.5938e-05, -8.8746e-05],
          [-1.6313e-05,  1.1359e-04, -4.4569e-05, -1.7196e-04, -1.2140e-04]],

         [[-2.4055e-06, -1.1125e-04, -1.5882e-04,  3.5990e-05,  9.6415e-06],
          [-4.1441e-05, -1.1357e-05,  1.9317e-04,  1.4994e-05, -9.0231e-05],
          [-5.3261e-05,  6.8170e-05,  1.5837e-04, -1.2044e-04,  1.1381e-04],
          [-1.8529e-05,  5.9653e-06, -6.4223e-06, -1.3848e-05, -1.0723e-04],
          [ 5.1652e-05,  5.4597e-05,  9.7087e-05,  3.4308e-05, -1.1149e-04]],

         [[ 2.4943e-04,  6.5437e-05, -1.1082e-04,  6.8846e-06, -3.6237e-05],
          [ 1.2502e-04,  1.1450e-04,  2.8922e-05, -9.7478e-05, -1.0787e-04],
          [ 3.7205e-05, -1.6841e-05,  1.1402e-06, -2.6155e-04, -1.9202e-05],
          [ 1.6569e-04, -2.2960e-04,  3.0463e-06,  3.6849e-05, -9.1976e-06],
          [ 2.6083e-05,  1.0801e-04, -3.4872e-05, -1.7168e-04, -6.4946e-05]],

         ...,

         [[ 2.7497e-04,  3.1640e-05,  1.4111e-04, -7.4843e-06,  6.3699e-05],
          [-4.0122e-05, -1.3166e-04,  8.1565e-05,  6.8042e-05, -5.9960e-05],
          [-5.5420e-05,  4.7627e-05,  1.8980e-04,  8.8888e-06, -5.5352e-05],
          [ 2.6069e-05,  2.3640e-05,  5.0124e-06, -1.0621e-04, -2.6705e-05],
          [-8.8897e-05, -2.3762e-05, -7.7653e-05,  1.6351e-04,  2.3508e-05]],

         [[ 8.7061e-05, -1.5583e-04,  6.6065e-05,  3.4511e-05,  1.1487e-04],
          [ 5.5309e-05,  6.9217e-05,  2.8084e-05,  4.5256e-05,  1.5801e-04],
          [ 3.6322e-05,  3.4391e-05,  3.6285e-05, -1.6951e-04, -5.9071e-05],
          [-2.5309e-04,  1.3749e-05,  2.7161e-06, -1.3195e-04,  1.1793e-04],
          [ 4.0576e-05, -1.1039e-04, -2.0211e-05, -6.9178e-05, -1.0040e-05]],

         [[ 1.4635e-05,  8.2258e-05,  2.5037e-05,  7.7825e-05, -1.2792e-04],
          [ 5.3196e-05,  1.2416e-04,  6.0989e-05, -3.5536e-05, -3.8287e-05],
          [ 5.5970e-05, -2.4102e-04, -1.3353e-04,  9.6557e-05,  8.0551e-05],
          [ 7.6461e-05,  4.9769e-05,  1.2860e-04, -2.3880e-04,  1.2849e-04],
          [-3.6555e-05, -2.8801e-04, -1.4931e-06,  2.2792e-05, -1.3731e-05]]],


        [[[ 7.6664e-05, -2.1750e-05,  1.4454e-04,  2.2718e-05,  2.3884e-04],
          [-2.2768e-05, -5.3375e-05, -1.0148e-04, -9.9484e-05, -1.1286e-04],
          [ 9.4259e-05, -6.6357e-06,  8.5972e-07, -3.2475e-05, -1.7676e-04],
          [ 1.2791e-04,  4.5599e-05, -6.6638e-06, -3.0495e-05, -3.3691e-05],
          [-2.1302e-05, -1.7680e-04,  1.2065e-04, -3.7420e-05,  3.2955e-05]],

         [[ 1.2734e-04,  9.5234e-05, -3.5868e-05,  6.8440e-06,  4.6080e-05],
          [-2.4643e-05, -8.2007e-05, -2.2787e-05,  1.4689e-04,  2.5439e-05],
          [ 1.3862e-04, -1.4085e-04,  1.0463e-04, -1.3874e-04, -4.7405e-05],
          [-1.1307e-04, -6.8698e-05, -2.2837e-05, -2.9247e-05, -5.1437e-05],
          [ 4.4872e-05, -6.0219e-05,  5.3418e-05, -6.5317e-05, -6.5247e-05]],

         [[ 2.6105e-04, -1.0463e-06,  7.5564e-05, -3.9966e-06, -6.1803e-05],
          [ 1.8621e-05,  1.3782e-05,  4.7755e-06, -2.3549e-05,  2.5628e-04],
          [-1.4940e-04, -6.0271e-05,  5.2959e-05,  6.3642e-05, -1.2743e-04],
          [-6.0263e-05,  2.5661e-05, -5.9185e-07,  9.8690e-05,  2.6524e-05],
          [-2.9671e-05,  4.4325e-05, -6.1379e-05, -3.4641e-05, -3.3432e-05]],

         ...,

         [[-7.8639e-05,  5.6607e-05, -8.1778e-05,  5.6157e-05,  1.6021e-05],
          [ 2.6051e-05,  3.0923e-05, -5.1087e-05,  5.0342e-05, -1.9917e-05],
          [ 2.6647e-05,  6.6225e-06,  8.4371e-05, -6.2547e-05, -5.3224e-05],
          [-9.9610e-05, -2.2612e-04,  1.4183e-04,  9.5321e-05, -3.5942e-05],
          [-9.8988e-06,  6.8273e-05, -2.3061e-04,  2.5484e-05, -4.3328e-05]],

         [[ 3.2757e-05,  9.7861e-05, -1.4433e-05, -4.0205e-05, -1.4499e-05],
          [ 2.4267e-05, -3.1347e-06,  1.1560e-04,  7.5775e-05,  1.4167e-04],
          [ 7.9294e-05,  3.3313e-05, -3.0811e-05,  2.8081e-05, -5.9144e-05],
          [ 7.5098e-05, -9.9183e-05,  1.7294e-04,  7.7812e-06,  7.5280e-05],
          [-4.6930e-05, -5.9315e-05, -8.6336e-05,  1.4901e-05, -3.2424e-05]],

         [[-1.4041e-04, -1.5391e-04, -1.0629e-04,  1.0835e-04,  1.5605e-04],
          [-6.5890e-05, -6.1930e-05, -4.0924e-05, -2.8265e-05,  1.5285e-04],
          [ 6.7569e-05,  4.2641e-05, -2.3760e-04, -2.8248e-04,  9.9287e-06],
          [ 1.0884e-04, -8.6722e-05, -7.4449e-05, -2.3462e-04,  9.5482e-05],
          [ 3.0326e-05,  6.7350e-05,  5.5372e-05,  7.1490e-05, -9.1610e-06]]],


        ...,


        [[[-3.7956e-07,  4.2924e-05,  5.2329e-05,  9.8831e-05, -3.9923e-08],
          [-1.1352e-04,  4.2885e-05,  6.6249e-05,  3.9553e-05, -2.3741e-05],
          [-2.1479e-05, -3.9415e-05, -3.6304e-06,  9.5131e-05,  4.9378e-05],
          [ 1.7137e-04,  3.2155e-05, -5.2720e-05,  2.1288e-05, -1.1463e-04],
          [-9.0721e-05, -4.7172e-05,  1.3537e-04, -4.8108e-05, -3.6663e-05]],

         [[-1.2033e-04,  6.0416e-05,  2.6464e-04,  3.3194e-05, -4.0659e-05],
          [-1.0947e-04, -1.2330e-04,  8.5623e-05, -3.1137e-05,  1.3707e-05],
          [-3.3395e-05,  8.5436e-05,  2.1663e-05, -6.3936e-05, -1.1885e-05],
          [ 1.0582e-05,  1.1823e-04,  5.3630e-05, -6.4533e-05, -2.4871e-05],
          [-8.3525e-05, -6.3509e-05, -1.6673e-04, -9.9259e-05, -5.5880e-05]],

         [[ 2.3378e-05,  8.3626e-06,  1.6000e-05,  7.1959e-07,  6.0683e-05],
          [-5.4812e-05, -5.1918e-06,  1.0516e-05, -7.4917e-06, -4.6584e-05],
          [-5.3237e-06,  1.9401e-05,  3.5116e-05, -6.5556e-05, -5.0951e-06],
          [ 7.0599e-05, -1.6690e-05, -3.4604e-05, -1.4730e-05,  1.1873e-04],
          [-1.9754e-04,  4.0577e-05,  1.7077e-05,  1.9471e-05, -2.3798e-05]],

         ...,

         [[ 1.2132e-04,  8.6269e-05, -6.1048e-05,  5.9861e-05,  7.8663e-05],
          [ 8.5812e-05, -7.9287e-05,  3.7175e-05, -9.6249e-06,  4.1071e-05],
          [-1.4334e-04, -7.6753e-05, -1.1728e-06, -2.5462e-05, -1.0227e-04],
          [-9.5457e-06,  1.1250e-04,  8.9193e-05,  2.6046e-05, -7.9295e-05],
          [ 4.9047e-05, -9.0678e-05, -2.7074e-04,  6.3159e-06,  8.9321e-05]],

         [[ 2.2133e-05, -2.2836e-05,  3.2390e-05, -6.9560e-05,  3.1818e-06],
          [-1.0658e-04, -6.3781e-06, -2.0649e-05,  7.2531e-05,  7.6932e-05],
          [-1.1727e-04, -5.9108e-05, -1.0611e-04, -9.8965e-05, -2.8445e-04],
          [ 1.0574e-04, -8.1637e-05,  1.6973e-06, -1.2960e-04,  5.7078e-05],
          [-1.3067e-04,  4.4692e-05, -8.9213e-05, -1.1430e-04, -5.6549e-05]],

         [[ 6.3378e-05, -9.1824e-05,  6.8361e-05,  9.1310e-05,  9.9942e-05],
          [ 2.7371e-05,  2.5325e-04, -2.7761e-05, -5.8326e-05,  3.4647e-06],
          [ 1.7843e-06, -2.5257e-04, -4.4468e-05,  6.3246e-05, -1.1417e-04],
          [-9.6129e-05,  1.1279e-04,  7.8261e-05, -1.1341e-04, -3.6717e-05],
          [ 7.4706e-05,  6.6510e-05, -9.8258e-05, -6.4752e-06,  9.9671e-05]]],


        [[[-1.7920e-04,  6.7198e-05,  2.1752e-04,  3.2126e-05, -9.0299e-05],
          [-4.3473e-05,  1.6484e-05, -1.1082e-04,  5.7933e-05,  8.3274e-06],
          [ 3.4164e-05, -5.6134e-05,  3.7226e-05,  1.2859e-05,  6.4631e-06],
          [ 1.7796e-04,  7.9034e-05,  1.4610e-05, -8.0288e-05, -1.7585e-04],
          [ 2.8046e-05, -3.1230e-06, -5.0994e-05,  1.4517e-04, -2.8903e-05]],

         [[-6.1784e-05,  1.2697e-04, -8.9114e-05,  3.3703e-05,  1.0670e-04],
          [ 4.8953e-05,  1.1873e-04, -2.8656e-05,  9.8377e-05,  2.3821e-05],
          [ 1.4684e-04, -7.9364e-05,  1.3470e-05,  1.1448e-05,  6.5928e-06],
          [-1.5064e-04, -6.5574e-05,  9.8294e-05,  2.3448e-05, -5.4839e-05],
          [-1.4303e-04,  3.5492e-05,  1.5030e-05,  4.5632e-05,  5.8036e-05]],

         [[-1.2608e-04, -4.7520e-05,  1.7256e-05,  1.3343e-04, -5.4941e-05],
          [-1.0591e-04,  2.9576e-05, -1.3317e-04,  6.7394e-05, -5.8848e-06],
          [ 1.3931e-04,  6.0877e-06, -3.4984e-05,  1.1107e-04,  9.6044e-05],
          [ 4.7454e-05, -6.0297e-05, -7.0018e-05,  2.7376e-05,  6.9096e-05],
          [ 6.9682e-05, -4.6481e-05, -5.9377e-05, -3.5656e-05,  1.3906e-04]],

         ...,

         [[ 5.6997e-05,  2.2449e-05, -6.8748e-05, -5.6517e-05,  2.2214e-05],
          [ 6.4174e-05, -7.2113e-05,  2.7130e-05,  1.5901e-04,  4.5883e-06],
          [-7.0798e-05, -1.9900e-05,  5.2691e-05,  1.1457e-04, -7.8115e-05],
          [ 9.6203e-05,  7.2160e-05, -7.6625e-05, -9.7131e-05,  3.0650e-05],
          [-1.1757e-04,  1.4051e-04, -8.6683e-05,  7.4714e-05, -1.8233e-04]],

         [[ 7.8151e-05, -1.1397e-04, -7.6524e-06,  3.9389e-05,  8.1486e-05],
          [ 8.4510e-05, -2.6191e-06, -9.0983e-05,  7.9188e-05,  9.8552e-05],
          [-1.9880e-05, -2.0056e-04,  5.5500e-05, -1.2825e-04, -4.0205e-05],
          [ 2.0197e-05, -6.4963e-05, -4.1337e-05, -3.6253e-05, -1.7635e-05],
          [ 6.0229e-06, -1.8947e-06, -3.0742e-06,  3.3487e-05,  1.3530e-05]],

         [[-8.4807e-05,  3.2959e-05,  7.0226e-05, -8.5950e-05, -6.4774e-05],
          [-1.1443e-04, -7.1628e-05, -8.5169e-05, -4.2680e-05,  1.3059e-04],
          [ 4.8818e-05,  2.2547e-05,  1.0411e-04, -9.0734e-05, -7.2623e-05],
          [ 1.1151e-04,  2.2472e-05,  8.9219e-05,  4.3476e-06,  2.0408e-05],
          [ 1.8038e-05,  1.1658e-04,  3.6181e-05, -2.0140e-05,  1.8633e-04]]],


        [[[-8.2347e-05,  3.1069e-05, -5.5739e-05,  1.4813e-04, -2.5704e-05],
          [-9.9474e-05, -1.8078e-04, -1.5944e-05, -6.0654e-05,  9.7666e-05],
          [-2.5702e-05, -2.4414e-04, -1.1185e-04,  1.0228e-06,  5.2342e-05],
          [-1.9326e-05,  9.6916e-05,  5.3936e-05, -1.7883e-04,  6.6333e-05],
          [ 2.4282e-05,  1.2657e-04, -1.1842e-05,  1.9194e-04, -3.9170e-05]],

         [[-8.6005e-05, -5.5147e-05, -8.0732e-05, -1.7412e-05, -1.0697e-04],
          [ 1.0058e-04,  1.2229e-04, -1.1765e-04, -2.0516e-04,  6.1918e-05],
          [-3.9128e-05,  1.3467e-04,  2.8450e-05, -1.7489e-05,  1.1406e-04],
          [-1.3983e-04, -1.8240e-04, -8.8116e-05,  1.0781e-04, -1.2429e-04],
          [-4.2904e-06,  9.5275e-05,  9.6916e-05, -1.2232e-04,  1.0778e-04]],

         [[ 7.6347e-05,  3.7732e-05, -9.6241e-05,  1.1009e-04,  5.6633e-05],
          [ 5.8196e-05,  1.2405e-04, -2.0253e-06, -1.1212e-04,  1.5831e-05],
          [ 5.9362e-06,  9.8904e-05, -7.6191e-05,  4.8137e-05,  5.1632e-05],
          [ 1.0364e-04, -5.6971e-05, -1.7544e-05, -1.0300e-04, -8.2561e-06],
          [ 3.7640e-05, -2.0653e-04,  1.0011e-04,  1.9805e-05, -4.4205e-05]],

         ...,

         [[ 2.3247e-04,  6.2454e-05,  2.6945e-06,  1.0402e-04,  9.9840e-05],
          [-3.0703e-05,  1.7155e-04,  9.4850e-05,  4.3834e-05, -2.4545e-05],
          [ 4.2801e-07,  3.6473e-05,  5.3108e-05,  1.0086e-04,  7.4929e-06],
          [ 1.3956e-04, -4.2218e-05, -5.3492e-05, -1.0698e-04,  4.4095e-05],
          [-5.2365e-05, -6.6476e-05, -3.5940e-05,  6.6066e-06, -6.1890e-05]],

         [[ 4.5673e-05, -1.1652e-04, -8.3201e-05, -1.6211e-05, -3.3706e-05],
          [ 5.8324e-05,  1.0362e-04,  1.3602e-05,  1.3990e-04, -2.5671e-05],
          [ 5.4667e-05,  1.1114e-04, -1.4030e-04,  4.7911e-05,  2.3519e-05],
          [-3.2610e-05, -1.1152e-05,  2.5226e-04,  4.8980e-05,  5.1522e-05],
          [ 6.8198e-06,  2.2719e-05,  2.6582e-05, -1.2811e-05,  4.7850e-05]],

         [[-8.0090e-05, -1.3454e-04, -3.8260e-05, -2.1762e-04,  7.9962e-05],
          [-2.7313e-04, -1.0216e-04, -5.0751e-06,  1.3523e-04,  1.1579e-05],
          [ 1.3437e-04, -3.6347e-05, -3.5890e-05, -2.1802e-05, -1.3640e-04],
          [-1.6010e-05, -8.9614e-06,  7.8060e-05, -2.3478e-05, -2.2679e-06],
          [ 1.2477e-04, -1.7805e-04,  8.2717e-05,  6.3639e-05,  3.7096e-05]]]],
       device='cuda:0', requires_grad=True)conv2.biasParameter containing:
tensor([-7.2854e-03, -4.3031e-03, -2.2543e-02, -1.3205e-02, -1.9767e-02,
        -4.6434e-03, -6.1164e-03, -1.1265e-02, -2.7028e-03, -8.2866e-03,
        -9.1482e-03, -4.4979e-03, -3.9250e-03, -3.4886e-03, -5.0909e-01,
        -1.2836e-02, -6.4642e-03, -2.5232e-02, -4.2361e-04, -1.1073e-02,
        -1.4640e-02, -1.3848e-01, -3.5036e-03, -1.6538e-02, -4.5361e-03,
        -3.3579e-03, -2.8940e-01, -1.9120e-02, -6.0961e-03, -9.9201e-03,
        -1.1321e-02, -2.6362e-03, -2.3877e-02, -3.7804e-03, -1.9151e-02,
        -8.2711e-03, -1.2245e-02, -1.8250e-02, -4.4690e-03, -9.5815e-03,
        -1.8532e-02, -9.3210e-03, -6.0533e-03, -9.8953e-03, -6.2264e-03,
        -4.2267e-03, -9.3262e-03, -1.2478e-02,  3.7004e-03, -4.5689e-03],
       device='cuda:0', requires_grad=True)fc1.weightParameter containing:
tensor([[-9.9418e-10, -5.1812e-10, -5.5612e-09,  ...,  1.4616e-42,
         -1.9683e-41, -1.1034e-41],
        [-2.4872e-11, -8.0611e-11,  2.1353e-10,  ...,  7.7944e-41,
          1.9085e-40, -7.2328e-41],
        [-2.0921e-40,  1.2584e-40, -1.8695e-40,  ...,  1.9065e-40,
         -9.2247e-42, -7.9775e-41],
        ...,
        [ 3.4587e-41,  1.1877e-41, -1.6225e-40,  ..., -1.0086e-40,
         -5.2175e-41,  2.3916e-40],
        [ 1.2783e-41,  1.5802e-40,  1.3509e-40,  ..., -8.1823e-41,
          1.3046e-40, -4.8179e-41],
        [-4.3628e-10,  6.6557e-09,  9.2468e-09,  ..., -1.9409e-41,
          1.3109e-41,  8.6712e-42]], device='cuda:0', requires_grad=True)fc1.biasParameter containing:
tensor([-1.5011e-01, -3.7439e-04, -5.9976e-15,  9.0109e-03,  1.9681e-02,
         6.2244e-02,  4.1731e-03,  4.9112e-02,  3.9825e-37,  7.7359e-02,
        -1.8991e-07,  3.8506e-08, -1.3669e-36, -1.0389e-12, -8.2533e-20,
         1.1660e-01, -1.8386e-02, -1.2349e-03,  7.1902e-02,  6.4550e-02,
        -7.6278e-12,  1.7078e-02, -3.6622e-04, -3.1022e-02, -5.8109e-06,
        -1.1601e-08, -3.1216e-25, -7.2634e-16, -3.7507e-12, -1.3916e-04,
        -3.8772e-20, -5.3453e-02, -1.7703e-02, -9.7109e-21, -1.6273e-25,
        -1.1093e-13, -1.3303e-12, -6.0248e-12,  3.9224e-22,  7.9761e-02,
        -8.3307e-13, -1.8340e-22,  5.8221e-41, -7.1206e-04, -5.8861e-04,
        -5.0462e-09,  7.6964e-02,  1.3256e-30, -1.7799e-15, -1.4647e-10,
        -1.0431e-41, -1.1651e-38,  1.6129e-04,  1.8603e-02, -2.2848e-28,
        -2.3190e-04, -1.1069e-41, -9.6489e-20, -7.1874e-06,  2.2429e-02,
        -2.8760e-06, -1.1298e-05, -4.0610e-22, -3.7057e-24, -1.6939e-03,
        -1.7392e-07, -2.1385e-07,  2.9930e-34,  8.6982e-02,  5.3685e-03,
        -8.2247e-18, -1.4630e-04, -1.6265e-29, -8.3302e-02, -1.6734e-03,
        -3.2349e-04, -3.8884e-02, -5.8554e-07,  1.7231e-01, -2.8123e-04,
        -1.1538e-06,  1.4923e-02, -9.6004e-07, -1.2752e-04, -4.3948e-05,
        -3.7771e-07, -6.0179e-03, -8.4715e-07, -1.3412e-02, -2.0687e-20,
        -2.1890e-04, -7.5397e-16, -9.1918e-36, -6.7885e-15, -1.8438e-08,
        -2.1653e-10, -1.5281e-04, -3.4879e-03, -3.0416e-03,  1.8254e-37,
        -1.8926e-32, -3.5905e-04,  7.8803e-40, -1.9868e-11, -1.5959e-23,
        -4.0842e-26, -6.0849e-11, -5.2886e-05, -4.0768e-02,  1.1862e-38,
        -7.5253e-40, -8.3300e-05,  1.6316e-02,  1.0523e-01, -4.2507e-02,
        -6.8814e-03, -1.2400e-02,  5.1435e-41, -6.2943e-02, -1.1412e-02,
        -7.6115e-03,  1.8071e-02, -4.4749e-03, -1.4454e-06, -6.3471e-05,
        -2.2784e-06,  3.9765e-02,  3.4141e-02,  4.8597e-03,  8.5171e-02,
         1.1698e-02,  3.6331e-02, -1.9425e-07, -4.2078e-07, -6.7404e-11,
         5.7410e-02, -2.8739e-15,  3.8227e-22, -1.2661e-05, -2.9018e-12,
         8.1569e-02,  4.2375e-42, -3.0385e-02,  1.5683e-32, -8.0496e-04,
        -1.7760e-05,  2.2785e-42, -6.9639e-07,  1.5030e-01, -8.7312e-13,
        -6.0999e-10,  2.3190e-37, -1.9108e-02, -1.2081e-07,  4.6809e-02,
        -8.4089e-03, -1.0298e-11,  9.7909e-42, -2.0507e-12,  1.0734e-01,
         1.1037e-01, -1.4647e-05, -5.1890e-06, -3.5133e-02,  1.8468e-02,
         7.4157e-42, -2.4561e-07, -1.1953e-03, -1.9828e-06,  5.7979e-36,
         1.1547e-01, -3.1850e-05, -2.1118e-13, -5.0636e-04, -4.0415e-23,
        -2.0171e-06, -9.9363e-05, -3.6114e-06, -1.8814e-09, -2.1491e-05,
        -2.1634e-07, -1.0133e-41,  5.8609e-03,  5.9039e-02, -1.2841e-04,
         1.8614e-07, -3.1674e-08,  1.1810e-41, -6.7468e-06,  2.4638e-04,
         5.6048e-02, -3.4879e-04, -9.9121e-07,  3.5757e-02,  2.0421e-13,
         8.0879e-02, -4.9995e-06, -3.5158e-06, -1.3826e-08, -4.9251e-06,
        -5.4115e-06, -3.8339e-08, -7.3668e-25, -3.3422e-29, -4.6713e-27,
        -1.1774e-20, -6.2328e-33, -3.2678e-24,  8.1044e-18, -1.0625e-09,
        -1.0251e-08, -7.2236e-08, -2.7479e-17,  8.9811e-02, -1.8645e-22,
         2.1308e-01,  1.5374e-05, -1.7743e-12, -1.5538e-02,  4.4326e-02,
        -1.2026e-21,  4.6532e-02, -9.2838e-13, -2.2369e-06,  1.2827e-22,
         2.3485e-02, -1.0295e-05, -1.9564e-02,  5.4981e-05,  5.4356e-42,
        -7.0899e-04, -2.2148e-07, -2.1115e-07, -1.0782e-04, -7.6845e-08,
         2.4376e-02,  5.1023e-02, -2.8871e-03,  1.2201e-02, -3.4416e-06,
        -9.4822e-06, -9.0506e-03,  1.4306e-35, -4.5561e-07, -8.2461e-06,
        -1.3417e-05, -8.6919e-05,  4.6019e-02,  1.0144e-01, -4.4984e-07,
        -1.3460e-04, -1.7258e-10, -8.4961e-03, -2.5992e-26,  3.2949e-02,
        -1.4838e-02, -3.0190e-08, -2.6614e-07, -9.0945e-10,  8.7344e-05,
        -3.4442e-08, -1.0270e-06, -2.3624e-05, -1.4514e-09, -2.6829e-22,
        -1.3231e-25,  1.2832e-01, -1.6963e-34, -5.6336e-08, -2.0768e-31,
         9.0109e-31, -1.3745e-02,  2.6036e-03, -7.2855e-02, -1.4755e-27,
        -1.5667e-02, -8.5863e-02, -6.0364e-07,  7.6133e-03, -5.3616e-09,
        -3.9659e-16,  1.0134e-01,  2.2754e-21, -6.2990e-02, -8.1704e-02,
        -3.3028e-10, -5.9040e-30, -6.2133e-28, -3.6722e-36, -4.2561e-02,
        -8.9038e-07, -3.4966e-31, -6.0720e-06, -2.1516e-20,  9.1726e-02,
        -1.4738e-08,  5.5720e-02,  1.3420e-41, -5.7931e-09,  3.4614e-40,
        -6.3144e-02, -4.0149e-30, -1.3027e-13, -5.9083e-04, -3.9600e-14,
         2.6106e-42,  7.5088e-03, -1.1401e-06,  2.8854e-02, -8.0984e-03,
        -4.5798e-04, -2.7395e-04, -7.6696e-07, -6.5878e-07, -2.5784e-02,
        -8.7316e-19, -3.8233e-04,  5.1808e-02, -1.9006e-17, -3.2706e-42,
         1.1972e-39,  3.8089e-11, -1.2456e-15, -2.0164e-09, -7.6077e-08,
        -7.8714e-08, -2.3932e-04,  4.5713e-10, -5.4304e-04, -1.5061e-02,
        -1.5685e-03, -1.1958e-26,  9.3560e-25, -7.5167e-09,  1.7107e-01,
         8.3071e-24, -1.8911e-08,  2.5686e-42, -1.4784e-13, -3.2489e-26,
         7.2644e-02, -2.2272e-32, -6.8876e-03,  2.1990e-01, -6.3979e-10,
        -1.0223e-18, -1.1376e-06, -1.1795e-02, -4.2754e-03, -3.0818e-17,
        -1.6042e-03,  3.9522e-31,  5.9586e-02, -1.6841e-02, -9.1151e-03,
        -5.3545e-06, -3.5059e-30, -8.2785e-22, -7.2236e-09,  3.1413e-02,
        -6.8468e-11, -1.4176e-13, -2.0821e-21, -4.8043e-03, -7.4793e-20,
        -1.5171e-31,  7.4806e-34,  1.0534e-40, -1.6253e-10, -5.2416e-08,
         1.5556e-01, -1.1428e-29, -1.0944e-01, -5.5849e-06, -6.0869e-26,
        -1.2074e-02, -8.7301e-43, -2.3834e-01, -6.6982e-43, -5.7498e-06,
        -1.4413e-02, -2.0676e-05, -4.0787e-23, -1.5744e-16,  7.6348e-02,
        -4.7960e-27, -5.6419e-10,  1.0592e-31, -4.6212e-03, -1.5575e-06,
         1.5305e-05,  2.1921e-02, -7.6750e-19, -1.1122e-07,  2.5443e-38,
         1.2565e-02, -4.7666e-19, -2.3015e-05, -8.6789e-05, -5.5006e-02,
         1.7738e-38, -7.7690e-08, -9.7496e-20, -5.3597e-05, -1.0560e-03,
        -5.6287e-07, -3.0544e-06, -2.0241e-05, -2.3806e-21, -6.6202e-10,
        -1.2217e-08,  6.6095e-26,  5.1386e-02, -6.5003e-03, -4.3297e-21,
         5.0297e-02, -1.3449e-10, -6.3114e-07, -1.6797e-18,  4.8741e-03,
        -2.3523e-07, -7.2528e-03,  5.1281e-33, -7.9189e-09, -2.7131e-08,
         2.8653e-02, -1.3914e-23,  8.3298e-07,  2.3044e-02, -1.3981e-01,
        -1.4359e-26,  4.3774e-03, -3.6222e-21, -1.3541e-07,  4.7839e-02,
        -5.5178e-06, -2.8506e-10,  6.4488e-42, -6.5012e-22, -2.1427e-02,
         2.1529e-13, -1.4548e-20,  1.7524e-01, -2.3911e-08, -6.5669e-09,
        -3.0704e-02, -2.2249e-04, -1.1187e-11,  1.4727e-36, -5.4298e-38,
        -2.2701e-06, -1.4639e-27, -3.0686e-05, -1.6688e-07, -6.4934e-12,
         9.0946e-02, -1.1996e-10, -3.4526e-31, -2.5274e-34, -2.6100e-02,
        -2.8556e-14,  3.5044e-02, -8.2144e-15, -1.2386e-01, -1.5439e-03,
        -2.3815e-06, -3.8690e-42, -1.9173e-12, -8.4422e-07, -2.9134e-16,
        -7.2583e-20,  2.2047e-02, -1.8543e-33, -5.3148e-07, -8.2070e-32,
        -7.1022e-04, -1.5917e-02,  3.4102e-02, -9.3776e-04, -1.1500e-33,
        -4.0355e-09, -1.9196e-10, -2.1183e-02, -1.5643e-12, -9.4026e-07,
        -3.3029e-42, -1.7835e-06, -1.1084e-03, -1.2313e-41, -2.4510e-23,
        -7.2840e-03, -3.9441e-06, -7.2634e-11, -6.0185e-06,  1.3984e-06,
        -2.9914e-10, -1.0315e-15, -5.1748e-04, -2.0138e-07, -1.6939e-02],
       device='cuda:0', requires_grad=True)fc2.weightParameter containing:
tensor([[-4.0335e-01,  1.7089e-05, -5.6753e-06,  ..., -1.4386e-02,
          7.0298e-03,  8.4931e-02],
        [ 1.7647e-01, -3.8256e-04,  1.2918e-08,  ..., -3.0301e-04,
         -2.8501e-04, -7.5462e-02],
        [-1.0256e-01, -9.7306e-04, -2.3187e-05,  ..., -5.5531e-04,
          5.6655e-03, -6.6768e-02],
        ...,
        [-3.0373e-03,  8.4099e-05,  1.4952e-06,  ..., -2.5713e-03,
         -4.1425e-03,  1.1161e-01],
        [-6.4058e-01, -2.8997e-04,  1.4587e-03,  ...,  2.0964e-02,
         -6.9328e-03,  1.0251e-01],
        [ 3.1516e-01,  3.0719e-03, -2.1245e-06,  ..., -3.6250e-03,
         -2.9196e-03,  1.4459e-01]], device='cuda:0', requires_grad=True)fc2.biasParameter containing:
tensor([-0.0146,  0.0010, -0.0601, -0.1103,  0.0161, -0.0173,  0.0375, -0.0685,
         0.2708, -0.0454], device='cuda:0', requires_grad=True)