conv1.weightParameter containing:
tensor([[[[ 0.0000e+00,  0.0000e+00,  0.0000e+00,  0.0000e+00,  0.0000e+00],
          [ 0.0000e+00,  0.0000e+00,  0.0000e+00,  0.0000e+00,  0.0000e+00],
          [ 0.0000e+00,  0.0000e+00,  0.0000e+00,  0.0000e+00,  0.0000e+00],
          [ 0.0000e+00,  0.0000e+00,  0.0000e+00,  0.0000e+00,  0.0000e+00],
          [ 0.0000e+00,  0.0000e+00,  0.0000e+00,  0.0000e+00,  0.0000e+00]]],


        [[[ 0.0000e+00,  0.0000e+00,  0.0000e+00,  0.0000e+00,  0.0000e+00],
          [ 0.0000e+00,  0.0000e+00,  0.0000e+00,  0.0000e+00,  0.0000e+00],
          [ 0.0000e+00,  0.0000e+00,  0.0000e+00,  0.0000e+00,  0.0000e+00],
          [ 0.0000e+00,  0.0000e+00,  0.0000e+00,  0.0000e+00,  0.0000e+00],
          [ 0.0000e+00,  0.0000e+00,  0.0000e+00,  0.0000e+00,  0.0000e+00]]],


        [[[ 0.0000e+00,  0.0000e+00,  0.0000e+00,  0.0000e+00,  0.0000e+00],
          [ 0.0000e+00,  0.0000e+00,  0.0000e+00,  0.0000e+00,  0.0000e+00],
          [ 0.0000e+00,  0.0000e+00,  0.0000e+00,  0.0000e+00,  0.0000e+00],
          [ 0.0000e+00,  0.0000e+00,  0.0000e+00,  0.0000e+00,  0.0000e+00],
          [ 0.0000e+00,  0.0000e+00,  0.0000e+00,  0.0000e+00,  0.0000e+00]]],


        [[[-9.9100e-04, -1.6132e-03, -5.8744e-04, -1.8644e-04, -3.2417e-04],
          [-3.1118e-03, -2.4672e-03,  0.0000e+00, -3.1414e-04, -8.9373e-04],
          [-3.4416e-04,  1.6328e-01,  7.4962e-01,  4.2030e-01, -2.2968e-04],
          [ 9.1494e-04,  1.1619e+00,  1.6841e+00,  7.1643e-01,  2.1916e-03],
          [ 1.2677e-03,  2.9969e-01,  4.1491e-01,  7.7956e-03,  1.1595e-03]]],


        [[[ 0.0000e+00,  0.0000e+00,  0.0000e+00,  0.0000e+00,  0.0000e+00],
          [ 0.0000e+00,  0.0000e+00,  0.0000e+00,  0.0000e+00,  0.0000e+00],
          [ 0.0000e+00,  0.0000e+00,  0.0000e+00,  0.0000e+00,  0.0000e+00],
          [ 0.0000e+00,  0.0000e+00,  0.0000e+00,  0.0000e+00,  0.0000e+00],
          [ 0.0000e+00,  0.0000e+00,  0.0000e+00,  0.0000e+00,  0.0000e+00]]],


        [[[ 0.0000e+00,  0.0000e+00,  0.0000e+00,  0.0000e+00,  0.0000e+00],
          [ 0.0000e+00,  0.0000e+00,  0.0000e+00,  0.0000e+00,  0.0000e+00],
          [ 0.0000e+00,  0.0000e+00,  0.0000e+00,  0.0000e+00,  0.0000e+00],
          [ 0.0000e+00,  0.0000e+00,  0.0000e+00,  0.0000e+00,  0.0000e+00],
          [ 0.0000e+00,  0.0000e+00,  0.0000e+00,  0.0000e+00,  0.0000e+00]]],


        [[[ 0.0000e+00,  0.0000e+00,  0.0000e+00,  0.0000e+00,  0.0000e+00],
          [ 0.0000e+00,  0.0000e+00,  0.0000e+00,  0.0000e+00,  0.0000e+00],
          [ 0.0000e+00,  0.0000e+00,  0.0000e+00,  0.0000e+00,  0.0000e+00],
          [ 0.0000e+00,  0.0000e+00,  0.0000e+00,  0.0000e+00,  0.0000e+00],
          [ 0.0000e+00,  0.0000e+00,  0.0000e+00,  0.0000e+00,  0.0000e+00]]],


        [[[ 0.0000e+00,  0.0000e+00,  0.0000e+00,  0.0000e+00,  0.0000e+00],
          [ 0.0000e+00,  0.0000e+00,  0.0000e+00,  0.0000e+00,  0.0000e+00],
          [ 0.0000e+00,  0.0000e+00,  0.0000e+00,  0.0000e+00,  0.0000e+00],
          [ 0.0000e+00,  0.0000e+00,  0.0000e+00,  0.0000e+00,  0.0000e+00],
          [ 0.0000e+00,  0.0000e+00,  0.0000e+00,  0.0000e+00,  0.0000e+00]]],


        [[[ 0.0000e+00,  0.0000e+00,  0.0000e+00,  0.0000e+00,  0.0000e+00],
          [ 0.0000e+00,  0.0000e+00,  0.0000e+00,  0.0000e+00,  0.0000e+00],
          [ 0.0000e+00,  0.0000e+00,  0.0000e+00,  0.0000e+00,  0.0000e+00],
          [ 0.0000e+00,  0.0000e+00,  0.0000e+00,  0.0000e+00,  0.0000e+00],
          [ 0.0000e+00,  0.0000e+00,  0.0000e+00,  0.0000e+00,  0.0000e+00]]],


        [[[ 0.0000e+00,  0.0000e+00,  0.0000e+00,  0.0000e+00,  0.0000e+00],
          [ 0.0000e+00,  0.0000e+00,  0.0000e+00,  0.0000e+00,  0.0000e+00],
          [ 0.0000e+00,  0.0000e+00,  0.0000e+00,  0.0000e+00,  0.0000e+00],
          [ 0.0000e+00,  0.0000e+00,  0.0000e+00,  0.0000e+00,  0.0000e+00],
          [ 0.0000e+00,  0.0000e+00,  0.0000e+00,  0.0000e+00,  0.0000e+00]]],


        [[[ 0.0000e+00,  0.0000e+00,  0.0000e+00,  0.0000e+00,  0.0000e+00],
          [ 0.0000e+00,  0.0000e+00,  0.0000e+00,  0.0000e+00,  0.0000e+00],
          [ 0.0000e+00,  0.0000e+00,  0.0000e+00,  0.0000e+00,  0.0000e+00],
          [ 0.0000e+00,  0.0000e+00,  0.0000e+00,  0.0000e+00,  0.0000e+00],
          [ 0.0000e+00,  0.0000e+00,  0.0000e+00,  0.0000e+00,  0.0000e+00]]],


        [[[ 0.0000e+00,  0.0000e+00,  0.0000e+00,  0.0000e+00,  0.0000e+00],
          [ 0.0000e+00,  0.0000e+00,  0.0000e+00,  0.0000e+00,  0.0000e+00],
          [ 0.0000e+00,  0.0000e+00,  0.0000e+00,  0.0000e+00,  0.0000e+00],
          [ 0.0000e+00,  0.0000e+00,  0.0000e+00,  0.0000e+00,  0.0000e+00],
          [ 0.0000e+00,  0.0000e+00,  0.0000e+00,  0.0000e+00,  0.0000e+00]]],


        [[[ 0.0000e+00,  0.0000e+00,  0.0000e+00,  0.0000e+00,  0.0000e+00],
          [ 0.0000e+00,  0.0000e+00,  0.0000e+00,  0.0000e+00,  0.0000e+00],
          [ 0.0000e+00,  0.0000e+00,  0.0000e+00,  0.0000e+00,  0.0000e+00],
          [ 0.0000e+00,  0.0000e+00,  0.0000e+00,  0.0000e+00,  0.0000e+00],
          [ 0.0000e+00,  0.0000e+00,  0.0000e+00,  0.0000e+00,  0.0000e+00]]],


        [[[ 0.0000e+00,  0.0000e+00,  0.0000e+00,  0.0000e+00,  0.0000e+00],
          [ 0.0000e+00,  0.0000e+00,  0.0000e+00,  0.0000e+00,  0.0000e+00],
          [ 0.0000e+00,  0.0000e+00,  0.0000e+00,  0.0000e+00,  0.0000e+00],
          [ 0.0000e+00,  0.0000e+00,  0.0000e+00,  0.0000e+00,  0.0000e+00],
          [ 0.0000e+00,  0.0000e+00,  0.0000e+00,  0.0000e+00,  0.0000e+00]]],


        [[[ 0.0000e+00,  0.0000e+00,  0.0000e+00,  0.0000e+00,  0.0000e+00],
          [ 0.0000e+00,  0.0000e+00,  0.0000e+00,  0.0000e+00,  0.0000e+00],
          [ 0.0000e+00,  0.0000e+00,  0.0000e+00,  0.0000e+00,  0.0000e+00],
          [ 0.0000e+00,  0.0000e+00,  0.0000e+00,  0.0000e+00,  0.0000e+00],
          [ 0.0000e+00,  0.0000e+00,  0.0000e+00,  0.0000e+00,  0.0000e+00]]],


        [[[ 0.0000e+00,  0.0000e+00,  0.0000e+00,  0.0000e+00,  0.0000e+00],
          [ 0.0000e+00,  0.0000e+00,  0.0000e+00,  0.0000e+00,  0.0000e+00],
          [ 0.0000e+00,  0.0000e+00,  0.0000e+00,  0.0000e+00,  0.0000e+00],
          [ 0.0000e+00,  0.0000e+00,  0.0000e+00,  0.0000e+00,  0.0000e+00],
          [ 0.0000e+00,  0.0000e+00,  0.0000e+00,  0.0000e+00,  0.0000e+00]]],


        [[[ 0.0000e+00,  0.0000e+00,  0.0000e+00,  0.0000e+00,  0.0000e+00],
          [ 0.0000e+00,  0.0000e+00,  0.0000e+00,  0.0000e+00,  0.0000e+00],
          [ 0.0000e+00,  0.0000e+00,  0.0000e+00,  0.0000e+00,  0.0000e+00],
          [ 0.0000e+00,  0.0000e+00,  0.0000e+00,  0.0000e+00,  0.0000e+00],
          [ 0.0000e+00,  0.0000e+00,  0.0000e+00,  0.0000e+00,  0.0000e+00]]],


        [[[ 0.0000e+00,  0.0000e+00,  0.0000e+00,  0.0000e+00,  0.0000e+00],
          [ 0.0000e+00,  0.0000e+00,  0.0000e+00,  0.0000e+00,  0.0000e+00],
          [ 0.0000e+00,  0.0000e+00,  0.0000e+00,  0.0000e+00,  0.0000e+00],
          [ 0.0000e+00,  0.0000e+00,  0.0000e+00,  0.0000e+00,  0.0000e+00],
          [ 0.0000e+00,  0.0000e+00,  0.0000e+00,  0.0000e+00,  0.0000e+00]]],


        [[[ 0.0000e+00,  0.0000e+00,  0.0000e+00,  0.0000e+00,  0.0000e+00],
          [ 0.0000e+00,  0.0000e+00,  0.0000e+00,  0.0000e+00,  0.0000e+00],
          [ 0.0000e+00,  0.0000e+00,  0.0000e+00,  0.0000e+00,  0.0000e+00],
          [ 0.0000e+00,  0.0000e+00,  0.0000e+00,  0.0000e+00,  0.0000e+00],
          [ 0.0000e+00,  0.0000e+00,  0.0000e+00,  0.0000e+00,  0.0000e+00]]],


        [[[ 0.0000e+00,  0.0000e+00,  0.0000e+00,  0.0000e+00,  0.0000e+00],
          [ 0.0000e+00,  0.0000e+00,  0.0000e+00,  0.0000e+00,  0.0000e+00],
          [ 0.0000e+00,  0.0000e+00,  0.0000e+00,  0.0000e+00,  0.0000e+00],
          [ 0.0000e+00,  0.0000e+00,  0.0000e+00,  0.0000e+00,  0.0000e+00],
          [ 0.0000e+00,  0.0000e+00,  0.0000e+00,  0.0000e+00,  0.0000e+00]]]],
       device='cuda:0', requires_grad=True)conv1.biasParameter containing:
tensor([-0.0028, -0.0006,  0.1445,  0.0013, -0.0009,  0.1376,  0.1468, -0.0009,
        -0.0033,  0.1433,  0.0173,  0.1436,  0.1138,  0.1383,  0.1117,  0.0033,
        -0.0007,  0.1284,  0.0030, -0.0008], device='cuda:0',
       requires_grad=True)conv2.weightParameter containing:
tensor([[[[ 0.0000,  0.0000,  0.0000,  0.0000,  0.0000],
          [ 0.0000,  0.0000,  0.0000,  0.0000,  0.0000],
          [ 0.0000,  0.0000,  0.0000,  0.0000,  0.0000],
          [ 0.0000,  0.0000,  0.0000,  0.0000,  0.0000],
          [ 0.0000,  0.0000,  0.0000,  0.0000,  0.0000]],

         [[ 0.0000,  0.0000,  0.0000,  0.0000,  0.0000],
          [ 0.0000,  0.0000,  0.0000,  0.0000,  0.0000],
          [ 0.0000,  0.0000,  0.0000,  0.0000,  0.0000],
          [ 0.0000,  0.0000,  0.0000,  0.0000,  0.0000],
          [ 0.0000,  0.0000,  0.0000,  0.0000,  0.0000]],

         [[ 0.0000,  0.0000,  0.0000,  0.0000,  0.0000],
          [ 0.0000,  0.0000,  0.0000,  0.0000,  0.0000],
          [ 0.0000,  0.0000,  0.0000,  0.0000,  0.0000],
          [ 0.0000,  0.0000,  0.0000,  0.0000,  0.0000],
          [ 0.0000,  0.0000,  0.0000,  0.0000,  0.0000]],

         ...,

         [[ 0.0000,  0.0000,  0.0000,  0.0000,  0.0000],
          [ 0.0000,  0.0000,  0.0000,  0.0000,  0.0000],
          [ 0.0000,  0.0000,  0.0000,  0.0000,  0.0000],
          [ 0.0000,  0.0000,  0.0000,  0.0000,  0.0000],
          [ 0.0000,  0.0000,  0.0000,  0.0000,  0.0000]],

         [[ 0.0000,  0.0000,  0.0000,  0.0000,  0.0000],
          [ 0.0000,  0.0000,  0.0000,  0.0000,  0.0000],
          [ 0.0000,  0.0000,  0.0000,  0.0000,  0.0000],
          [ 0.0000,  0.0000,  0.0000,  0.0000,  0.0000],
          [ 0.0000,  0.0000,  0.0000,  0.0000,  0.0000]],

         [[ 0.0000,  0.0000,  0.0000,  0.0000,  0.0000],
          [ 0.0000,  0.0000,  0.0000,  0.0000,  0.0000],
          [ 0.0000,  0.0000,  0.0000,  0.0000,  0.0000],
          [ 0.0000,  0.0000,  0.0000,  0.0000,  0.0000],
          [ 0.0000,  0.0000,  0.0000,  0.0000,  0.0000]]],


        [[[ 0.0000,  0.0000,  0.0000,  0.0000,  0.0000],
          [ 0.0000,  0.0000,  0.0000,  0.0000,  0.0000],
          [ 0.0000,  0.0000,  0.0000,  0.0000,  0.0000],
          [ 0.0000,  0.0000,  0.0000,  0.0000,  0.0000],
          [ 0.0000,  0.0000,  0.0000,  0.0000,  0.0000]],

         [[ 0.0000,  0.0000,  0.0000,  0.0000,  0.0000],
          [ 0.0000,  0.0000,  0.0000,  0.0000,  0.0000],
          [ 0.0000,  0.0000,  0.0000,  0.0000,  0.0000],
          [ 0.0000,  0.0000,  0.0000,  0.0000,  0.0000],
          [ 0.0000,  0.0000,  0.0000,  0.0000,  0.0000]],

         [[ 0.0000,  0.0000,  0.0000,  0.0000,  0.0000],
          [ 0.0000,  0.0000,  0.0000,  0.0000,  0.0000],
          [ 0.0000,  0.0000,  0.0000,  0.0000,  0.0000],
          [ 0.0000,  0.0000,  0.0000,  0.0000,  0.0000],
          [ 0.0000,  0.0000,  0.0000,  0.0000,  0.0000]],

         ...,

         [[ 0.0000,  0.0000,  0.0000,  0.0000,  0.0000],
          [ 0.0000,  0.0000,  0.0000,  0.0000,  0.0000],
          [ 0.0000,  0.0000,  0.0000,  0.0000,  0.0000],
          [ 0.0000,  0.0000,  0.0000,  0.0000,  0.0000],
          [ 0.0000,  0.0000,  0.0000,  0.0000,  0.0000]],

         [[ 0.0000,  0.0000,  0.0000,  0.0000,  0.0000],
          [ 0.0000,  0.0000,  0.0000,  0.0000,  0.0000],
          [ 0.0000,  0.0000,  0.0000,  0.0000,  0.0000],
          [ 0.0000,  0.0000,  0.0000,  0.0000,  0.0000],
          [ 0.0000,  0.0000,  0.0000,  0.0000,  0.0000]],

         [[ 0.0000,  0.0000,  0.0000,  0.0000,  0.0000],
          [ 0.0000,  0.0000,  0.0000,  0.0000,  0.0000],
          [ 0.0000,  0.0000,  0.0000,  0.0000,  0.0000],
          [ 0.0000,  0.0000,  0.0000,  0.0000,  0.0000],
          [ 0.0000,  0.0000,  0.0000,  0.0000,  0.0000]]],


        [[[ 0.0000,  0.0000,  0.0000,  0.0000,  0.0000],
          [ 0.0000,  0.0000,  0.0000,  0.0000,  0.0000],
          [ 0.0000,  0.0000,  0.0000,  0.0000,  0.0000],
          [ 0.0000,  0.0000,  0.0000,  0.0000,  0.0000],
          [ 0.0000,  0.0000,  0.0000,  0.0000,  0.0000]],

         [[ 0.0000,  0.0000,  0.0000,  0.0000,  0.0000],
          [ 0.0000,  0.0000,  0.0000,  0.0000,  0.0000],
          [ 0.0000,  0.0000,  0.0000,  0.0000,  0.0000],
          [ 0.0000,  0.0000,  0.0000,  0.0000,  0.0000],
          [ 0.0000,  0.0000,  0.0000,  0.0000,  0.0000]],

         [[ 0.0000,  0.0000,  0.0000,  0.0000,  0.0000],
          [ 0.0000,  0.0000,  0.0000,  0.0000,  0.0000],
          [ 0.0000,  0.0000,  0.0000,  0.0000,  0.0000],
          [ 0.0000,  0.0000,  0.0000,  0.0000,  0.0000],
          [ 0.0000,  0.0000,  0.0000,  0.0000,  0.0000]],

         ...,

         [[ 0.0000,  0.0000,  0.0000,  0.0000,  0.0000],
          [ 0.0000,  0.0000,  0.0000,  0.0000,  0.0000],
          [ 0.0000,  0.0000,  0.0000,  0.0000,  0.0000],
          [ 0.0000,  0.0000,  0.0000,  0.0000,  0.0000],
          [ 0.0000,  0.0000,  0.0000,  0.0000,  0.0000]],

         [[ 0.0000,  0.0000,  0.0000,  0.0000,  0.0000],
          [ 0.0000,  0.0000,  0.0000,  0.0000,  0.0000],
          [ 0.0000,  0.0000,  0.0000,  0.0000,  0.0000],
          [ 0.0000,  0.0000,  0.0000,  0.0000,  0.0000],
          [ 0.0000,  0.0000,  0.0000,  0.0000,  0.0000]],

         [[ 0.0000,  0.0000,  0.0000,  0.0000,  0.0000],
          [ 0.0000,  0.0000,  0.0000,  0.0000,  0.0000],
          [ 0.0000,  0.0000,  0.0000,  0.0000,  0.0000],
          [ 0.0000,  0.0000,  0.0000,  0.0000,  0.0000],
          [ 0.0000,  0.0000,  0.0000,  0.0000,  0.0000]]],


        ...,


        [[[ 0.0000,  0.0000,  0.0000,  0.0000,  0.0000],
          [ 0.0000,  0.0000,  0.0000,  0.0000,  0.0000],
          [ 0.0000,  0.0000,  0.0000,  0.0000,  0.0000],
          [ 0.0000,  0.0000,  0.0000,  0.0000,  0.0000],
          [ 0.0000,  0.0000,  0.0000,  0.0000,  0.0000]],

         [[ 0.0000,  0.0000,  0.0000,  0.0000,  0.0000],
          [ 0.0000,  0.0000,  0.0000,  0.0000,  0.0000],
          [ 0.0000,  0.0000,  0.0000,  0.0000,  0.0000],
          [ 0.0000,  0.0000,  0.0000,  0.0000,  0.0000],
          [ 0.0000,  0.0000,  0.0000,  0.0000,  0.0000]],

         [[ 0.0000,  0.0000,  0.0000,  0.0000,  0.0000],
          [ 0.0000,  0.0000,  0.0000,  0.0000,  0.0000],
          [ 0.0000,  0.0000,  0.0000,  0.0000,  0.0000],
          [ 0.0000,  0.0000,  0.0000,  0.0000,  0.0000],
          [ 0.0000,  0.0000,  0.0000,  0.0000,  0.0000]],

         ...,

         [[ 0.0000,  0.0000,  0.0000,  0.0000,  0.0000],
          [ 0.0000,  0.0000,  0.0000,  0.0000,  0.0000],
          [ 0.0000,  0.0000,  0.0000,  0.0000,  0.0000],
          [ 0.0000,  0.0000,  0.0000,  0.0000,  0.0000],
          [ 0.0000,  0.0000,  0.0000,  0.0000,  0.0000]],

         [[ 0.0000,  0.0000,  0.0000,  0.0000,  0.0000],
          [ 0.0000,  0.0000,  0.0000,  0.0000,  0.0000],
          [ 0.0000,  0.0000,  0.0000,  0.0000,  0.0000],
          [ 0.0000,  0.0000,  0.0000,  0.0000,  0.0000],
          [ 0.0000,  0.0000,  0.0000,  0.0000,  0.0000]],

         [[ 0.0000,  0.0000,  0.0000,  0.0000,  0.0000],
          [ 0.0000,  0.0000,  0.0000,  0.0000,  0.0000],
          [ 0.0000,  0.0000,  0.0000,  0.0000,  0.0000],
          [ 0.0000,  0.0000,  0.0000,  0.0000,  0.0000],
          [ 0.0000,  0.0000,  0.0000,  0.0000,  0.0000]]],


        [[[ 0.0000,  0.0000,  0.0002,  0.0000,  0.0000],
          [ 0.0000,  0.0001,  0.0000,  0.0000,  0.0001],
          [-0.0001,  0.0000,  0.0000,  0.0000,  0.0000],
          [-0.0001,  0.0000,  0.0000,  0.0000,  0.0001],
          [ 0.0000,  0.0000,  0.0000,  0.0000,  0.0000]],

         [[ 0.0000,  0.0000,  0.0000,  0.0000,  0.0000],
          [ 0.0000,  0.0000,  0.0000,  0.0000,  0.0000],
          [ 0.0000,  0.0000,  0.0000, -0.0002,  0.0000],
          [ 0.0000,  0.0000,  0.0000,  0.0000,  0.0000],
          [ 0.0001,  0.0000,  0.0002,  0.0000,  0.0000]],

         [[ 0.0000,  0.0000,  0.0000,  0.0004,  0.0000],
          [ 0.0002,  0.0000,  0.0000,  0.0000,  0.0000],
          [ 0.0000,  0.0000,  0.0002,  0.0000,  0.0000],
          [ 0.0000,  0.0000,  0.0003,  0.0000,  0.0000],
          [ 0.0002,  0.0002,  0.0000,  0.0000,  0.0000]],

         ...,

         [[ 0.0000,  0.0000, -0.0001,  0.0001,  0.0000],
          [-0.0001,  0.0000,  0.0000,  0.0000,  0.0000],
          [ 0.0000,  0.0000,  0.0000,  0.0000,  0.0000],
          [ 0.0000, -0.0001,  0.0000,  0.0001, -0.0001],
          [ 0.0000,  0.0000,  0.0000,  0.0000,  0.0000]],

         [[ 0.0000,  0.0000,  0.0000, -0.0002,  0.0001],
          [ 0.0002,  0.0000,  0.0000,  0.0000,  0.0001],
          [ 0.0002,  0.0000,  0.0000,  0.0000,  0.0000],
          [ 0.0000, -0.0001,  0.0000,  0.0002,  0.0002],
          [ 0.0000,  0.0000,  0.0000,  0.0001,  0.0000]],

         [[ 0.0000,  0.0000,  0.0001,  0.0000,  0.0000],
          [ 0.0000,  0.0000, -0.0001,  0.0000,  0.0000],
          [ 0.0000,  0.0000,  0.0000,  0.0000,  0.0000],
          [ 0.0001,  0.0000,  0.0000,  0.0000,  0.0000],
          [ 0.0000,  0.0000,  0.0000,  0.0000,  0.0003]]],


        [[[ 0.0000,  0.0000,  0.0000,  0.0000,  0.0000],
          [ 0.0000,  0.0000,  0.0000,  0.0000,  0.0000],
          [ 0.0000,  0.0000,  0.0000,  0.0000,  0.0000],
          [ 0.0000,  0.0000,  0.0000,  0.0000,  0.0000],
          [ 0.0000,  0.0000,  0.0000,  0.0000,  0.0000]],

         [[ 0.0000,  0.0000,  0.0000,  0.0000,  0.0000],
          [ 0.0000,  0.0000,  0.0000,  0.0000,  0.0000],
          [ 0.0000,  0.0000,  0.0000,  0.0000,  0.0000],
          [ 0.0000,  0.0000,  0.0000,  0.0000,  0.0000],
          [ 0.0000,  0.0000,  0.0000,  0.0000,  0.0000]],

         [[ 0.0000,  0.0000,  0.0000,  0.0000,  0.0000],
          [ 0.0000,  0.0000,  0.0000,  0.0000,  0.0000],
          [ 0.0000,  0.0000,  0.0000,  0.0000,  0.0000],
          [ 0.0000,  0.0000,  0.0000,  0.0000,  0.0000],
          [ 0.0000,  0.0000,  0.0000,  0.0000,  0.0000]],

         ...,

         [[ 0.0000,  0.0000,  0.0000,  0.0000,  0.0000],
          [ 0.0000,  0.0000,  0.0000,  0.0000,  0.0000],
          [ 0.0000,  0.0000,  0.0000,  0.0000,  0.0000],
          [ 0.0000,  0.0000,  0.0000,  0.0000,  0.0000],
          [ 0.0000,  0.0000,  0.0000,  0.0000,  0.0000]],

         [[ 0.0000,  0.0000,  0.0000,  0.0000,  0.0000],
          [ 0.0000,  0.0000,  0.0000,  0.0000,  0.0000],
          [ 0.0000,  0.0000,  0.0000,  0.0000,  0.0000],
          [ 0.0000,  0.0000,  0.0000,  0.0000,  0.0000],
          [ 0.0000,  0.0000,  0.0000,  0.0000,  0.0000]],

         [[ 0.0000,  0.0000,  0.0000,  0.0000,  0.0000],
          [ 0.0000,  0.0000,  0.0000,  0.0000,  0.0000],
          [ 0.0000,  0.0000,  0.0000,  0.0000,  0.0000],
          [ 0.0000,  0.0000,  0.0000,  0.0000,  0.0000],
          [ 0.0000,  0.0000,  0.0000,  0.0000,  0.0000]]]], device='cuda:0',
       requires_grad=True)conv2.biasParameter containing:
tensor([-0.0040, -0.0046, -0.0035, -0.0037, -0.0030, -0.0059, -0.0057, -0.0037,
        -0.0034, -0.0031, -0.0039, -0.0038, -0.0042, -0.0055, -0.2190, -0.0099,
        -0.0036, -0.0041, -0.0163, -0.0034, -0.0030, -0.0280, -0.0127, -0.0048,
        -0.0221, -0.0151, -0.2213, -0.0034, -0.0897, -0.0079, -0.0045, -0.0038,
        -0.0035, -0.0126, -0.0035, -0.0041, -0.0043, -0.0023, -0.0122, -0.0151,
        -0.0054, -0.0131, -0.0033, -0.0099, -0.0048, -0.0038, -0.0044, -0.0033,
         0.0032, -0.0064], device='cuda:0', requires_grad=True)fc1.weightParameter containing:
tensor([[ 0.0000,  0.0000,  0.0000,  ...,  0.0000,  0.0000,  0.0000],
        [ 0.0000,  0.0000, -0.0001,  ...,  0.0000,  0.0000,  0.0000],
        [ 0.0000,  0.0000,  0.0000,  ...,  0.0000,  0.0000,  0.0000],
        ...,
        [ 0.0000,  0.0000,  0.0000,  ...,  0.0000,  0.0000,  0.0000],
        [ 0.0000,  0.0000,  0.0000,  ...,  0.0000,  0.0000,  0.0000],
        [ 0.0000,  0.0000,  0.0000,  ...,  0.0000,  0.0000,  0.0000]],
       requires_grad=True)fc1.biasParameter containing:
tensor([-7.8103e-02,  2.9284e-02,  1.3391e-41, -1.3970e-02,  5.7506e-02,
        -2.1065e-03,  2.2054e-02,  5.9063e-03, -3.7212e-02,  6.4957e-02,
        -1.8207e-02, -1.4074e-02, -3.6623e-03, -5.6889e-32,  7.0733e-02,
         4.1445e-02,  2.4868e-02,  3.7331e-42,  1.8886e-02,  4.5824e-02,
        -7.2469e-04, -5.1540e-02,  1.7618e-02, -4.9227e-03,  8.6126e-03,
         4.0931e-02, -4.4240e-28,  4.4231e-02, -1.2823e-22,  2.2283e-02,
        -6.9036e-02, -2.9598e-02,  5.8546e-02,  7.3242e-23,  5.4356e-03,
        -4.5754e-11,  5.7506e-02,  2.1721e-02,  6.3621e-02,  6.6636e-02,
         6.0145e-02, -1.3305e-23,  2.4475e-02, -1.0268e-02,  1.1077e-01,
        -1.1585e-04, -2.4183e-02,  7.8052e-43, -6.3971e-04, -2.2113e-05,
        -1.6573e-02,  6.2692e-02, -8.5579e-27,  6.2476e-03, -2.6343e-02,
         1.0112e-01,  2.1378e-04,  6.3284e-02, -5.4509e-32,  1.3091e-02,
        -1.3118e-41, -1.1601e-02, -2.6384e-02,  2.5452e-02,  8.7830e-02,
         1.0835e-02, -2.7521e-06, -1.3701e-02,  2.1507e-02,  1.8201e-02,
        -3.6174e-31, -2.2459e-02, -1.2737e-02, -4.9151e-02, -1.9236e-04,
        -5.3133e-17,  2.2862e-02, -3.5378e-16,  9.0947e-02, -6.5066e-06,
        -8.3988e-06,  5.9828e-02,  2.9332e-02, -9.4429e-03, -3.9131e-02,
        -5.8090e-11,  2.0724e-02,  2.3367e-02,  1.5759e-02, -3.8728e-23,
         1.2496e-01,  3.4879e-02, -1.0175e-17, -3.5955e-04,  1.6069e-02,
         6.0284e-02, -4.0136e-05, -3.9530e-04,  6.6824e-03,  5.9061e-02,
         4.5290e-42, -8.7323e-06,  2.3917e-02, -5.0079e-25, -3.4625e-02,
        -2.6729e-24,  7.0625e-42, -9.8597e-04, -5.8343e-02,  6.3219e-02,
        -2.8237e-02, -2.5653e-02,  6.6932e-02,  4.5824e-02, -4.7140e-02,
        -1.7747e-02,  6.8313e-02, -2.4516e-34, -2.5386e-02, -4.3933e-02,
         2.2226e-02,  3.0490e-02, -8.0035e-08, -2.0403e-09, -2.8262e-02,
         3.2448e-02,  1.3846e-02, -2.3390e-02,  6.6828e-02,  4.4189e-02,
         6.4986e-03,  4.3760e-02, -6.6330e-12,  1.5650e-02,  2.4426e-02,
         1.2396e-02,  6.4114e-02, -4.0431e-02, -2.4411e-42,  2.7901e-02,
         5.1861e-02, -2.8738e-04, -2.9571e-02,  9.2848e-02,  7.3958e-02,
         8.4330e-02, -2.1272e-05, -2.4641e-02,  6.0396e-02,  3.5511e-02,
        -3.4408e-07, -1.9353e-07, -1.2137e-03, -5.4291e-04, -3.1035e-02,
         7.6212e-04, -1.4235e-04, -2.5794e-07,  3.4255e-02,  8.7803e-03,
         5.6819e-02, -1.5519e-03, -8.2686e-31,  2.8308e-02,  6.3562e-02,
         9.6480e-03, -1.9227e-02,  8.4432e-02,  3.8648e-03, -7.5917e-04,
         2.0724e-02,  1.5423e-03, -1.1502e-02,  6.9680e-02,  2.8613e-02,
         4.0414e-03, -4.0748e-27, -1.8716e-04,  3.5623e-02, -2.3505e-02,
         1.8298e-02, -3.9728e-06, -3.0978e-02,  3.8411e-02,  2.5530e-02,
         4.8261e-02,  9.6780e-03, -1.9697e-02, -2.6371e-06,  5.5047e-03,
        -1.2065e-02, -5.4168e-06,  5.5125e-02,  2.7120e-02, -4.5194e-02,
         5.1123e-02,  2.0483e-02, -2.2079e-10, -3.0952e-04,  5.8575e-02,
        -1.8094e-03,  5.3314e-02,  1.8876e-02,  1.8613e-02,  1.9367e-02,
        -7.1640e-03,  3.8673e-02, -1.2785e-08,  2.3669e-02, -2.2485e-10,
        -1.1543e-06, -1.6006e-04, -1.0317e-17, -3.0703e-02,  1.0928e-02,
         6.3998e-02,  4.6352e-02, -8.4078e-44, -1.7785e-02,  6.4659e-02,
        -6.2708e-02, -7.6266e-03, -1.4732e-15, -4.0021e-03,  2.8048e-02,
        -9.1034e-04, -2.9933e-08,  1.7419e-02,  4.9529e-02, -5.2401e-26,
         3.2882e-02, -3.4771e-07,  4.4751e-03, -1.6061e-31,  4.5975e-07,
         7.4845e-03,  1.6882e-02,  8.3351e-02, -1.6473e-02, -1.1983e-02,
        -1.3889e-12,  1.3792e-03, -3.7204e-04, -4.9498e-11,  1.5967e-02,
        -5.3982e-02,  1.2812e-02, -3.4145e-03, -1.7183e-02,  3.8191e-02,
         1.0246e-28,  4.9116e-42, -1.2274e-02,  2.4502e-03,  5.6939e-02,
        -1.9930e-02, -2.8036e-02, -4.5055e-08,  2.3804e-02,  2.7254e-02,
        -1.6884e-14, -3.8337e-03,  2.7033e-03, -3.5633e-03,  3.3156e-03,
         6.7569e-04,  2.4885e-02, -5.1465e-12, -1.7164e-02, -3.0791e-05,
        -1.1744e-02,  1.0657e-41, -4.9178e-02, -2.2493e-02,  1.0499e-01,
        -4.4146e-02, -3.7257e-02, -5.9139e-07, -5.8569e-04, -1.0690e-02,
        -9.9053e-23,  3.9662e-02, -1.0475e-08, -2.0948e-02,  1.8541e-02,
        -2.4634e-03, -5.6496e-05,  5.5706e-02,  2.6069e-02,  2.9349e-02,
        -2.4795e-02, -6.6426e-25, -6.4146e-02, -5.1795e-03,  8.3224e-02,
         5.2596e-02,  2.9342e-02, -6.1605e-12,  5.9192e-02, -2.2647e-05,
        -2.4964e-02, -1.0544e-20, -4.9618e-02, -3.4402e-42, -1.9460e-05,
         3.7264e-02, -1.4339e-02, -1.3251e-10,  1.8673e-02, -5.8373e-02,
         3.1115e-02, -1.5619e-05,  4.8521e-02, -2.0626e-13, -1.8020e-02,
        -7.6709e-03, -6.2124e-11,  6.8603e-02,  3.6146e-24,  2.2592e-02,
         4.6387e-02,  4.7429e-04, -4.1806e-31, -4.8929e-10,  1.1817e-02,
         9.6507e-42, -1.3981e-04,  1.5968e-02, -1.6337e-02,  5.0488e-02,
        -9.8367e-08, -1.2303e-15,  1.0965e-01, -7.5374e-03,  8.7502e-02,
         1.2870e-02,  5.6435e-02,  1.7893e-02,  5.6850e-19,  3.5332e-02,
         5.7115e-02, -3.2050e-02,  3.8470e-02,  1.5749e-01,  6.5988e-02,
        -1.6444e-19,  9.9174e-02, -4.7296e-05, -3.0794e-06,  3.3385e-02,
        -3.4961e-02,  2.0193e-42,  1.0423e-02,  1.2764e-02, -6.8452e-07,
        -2.4428e-04,  5.0649e-02, -2.5459e-05, -7.3437e-33,  1.6380e-02,
        -7.8616e-22, -4.3337e-13,  4.7979e-02,  7.6013e-04, -2.2719e-06,
        -2.3026e-38, -2.1151e-13,  2.6494e-02,  3.3216e-02, -7.5823e-06,
         8.8330e-02,  4.8795e-02, -5.8710e-02, -4.0214e-11, -1.4999e-02,
        -2.9036e-02, -2.3820e-03, -1.2703e-01, -3.2419e-04, -6.6368e-04,
        -2.2726e-10, -1.6305e-05, -2.6897e-08,  5.6481e-03,  5.6236e-03,
        -1.2349e-06, -2.7509e-21,  5.9699e-02,  1.6441e-02, -4.8348e-18,
         4.3099e-03,  4.8736e-02,  3.4346e-02, -1.4029e-33, -3.2811e-19,
        -1.2298e-02,  7.9260e-02, -4.2470e-02, -3.4020e-02,  4.6789e-02,
         8.9403e-43,  1.7720e-02,  7.7686e-02, -5.6608e-09, -2.7076e-09,
        -6.6441e-03,  7.4410e-04,  2.3136e-02, -3.2907e-17, -1.6873e-02,
        -1.5251e-07, -9.9432e-03,  6.9103e-02,  1.1857e-02,  1.5712e-02,
         9.1083e-02,  2.9246e-36,  3.5529e-03,  4.1789e-19, -1.1961e-02,
         1.5270e-02, -2.9000e-03, -4.8432e-05,  4.9430e-02, -2.4094e-17,
         1.9902e-02, -4.0030e-04,  2.8121e-02, -1.4468e-02, -1.3872e-02,
         6.3242e-02, -2.1464e-02, -1.1836e-06,  4.7266e-40,  4.0308e-02,
        -4.3210e-11, -8.2441e-26, -1.0762e-02, -2.2824e-03,  4.9460e-03,
         4.8910e-02, -7.5794e-03,  1.2681e-01, -1.0529e-02,  5.3790e-03,
         2.3303e-02,  1.1279e-02, -1.5455e-08,  2.5310e-02, -5.0381e-13,
        -1.4240e-02,  4.3828e-02,  7.3242e-26, -7.1253e-04,  2.5416e-02,
         5.0310e-02,  9.3379e-02, -3.4692e-02, -2.6261e-02,  1.2328e-02,
         1.6336e-03, -1.1682e-02, -1.2142e-16, -3.1254e-02,  6.1657e-42,
        -2.3599e-15, -1.5589e-03,  2.7939e-18,  5.5878e-02, -7.2442e-30,
        -6.0349e-04, -6.1800e-02,  5.5538e-02, -2.5134e-02,  6.0537e-02,
         1.4242e-02,  8.2433e-03,  6.7589e-02, -9.9988e-06, -2.2067e-08,
         5.8925e-25,  3.5466e-02, -1.8503e-02, -7.5512e-20,  1.8825e-02,
         4.6713e-02,  2.2073e-03,  2.3074e-02,  2.6958e-02, -2.2133e-16,
         2.3658e-03, -7.5020e-06,  5.6011e-02,  8.9118e-03, -2.2493e-05,
         5.4789e-02, -1.5941e-33,  2.6852e-03,  5.0179e-03,  3.9218e-03],
       device='cuda:0', requires_grad=True)fc2.weightParameter containing:
tensor([[-0.0280,  0.1289,  0.0000,  ...,  0.1244,  0.0296, -0.0621],
        [ 0.2210, -0.2554,  0.0000,  ..., -0.1555, -0.0547, -0.0321],
        [-0.0860, -0.1460,  0.0000,  ..., -0.0391, -0.1183, -0.0179],
        ...,
        [-0.0124, -0.1200,  0.0000,  ..., -0.0751, -0.0081,  0.0871],
        [-0.4421, -0.0622,  0.0000,  ..., -0.2889,  0.0151,  0.0681],
        [ 0.2039,  0.1740,  0.0000,  ..., -0.0975,  0.0865,  0.1172]],
       requires_grad=True)fc2.biasParameter containing:
tensor([-0.0010, -0.0761, -0.0415, -0.0789, -0.0530,  0.0004,  0.0214, -0.1082,
         0.2062,  0.0242], device='cuda:0', requires_grad=True)