conv1.weightParameter containing:
tensor([[[[ 8.4811e-05, -1.1020e-05, -4.2582e-05,  5.6219e-05,  1.3387e-05],
          [-4.2319e-05,  9.1088e-05, -3.6749e-05,  1.0151e-04, -6.5998e-05],
          [ 4.5716e-05,  4.2197e-05, -1.8348e-05,  1.2953e-05,  1.3808e-04],
          [-2.3064e-04,  2.8488e-04,  6.8356e-05, -1.3677e-04, -2.3154e-04],
          [ 2.4962e-04,  1.1662e-04,  7.0351e-05,  3.3526e-05, -6.8371e-05]]],


        [[[-3.9646e-05,  1.4201e-04,  1.0993e-04,  6.6478e-06, -9.5171e-06],
          [ 8.0169e-05,  3.1444e-05,  7.9370e-05,  7.6495e-05,  1.0444e-04],
          [ 8.6647e-05, -1.1511e-04, -1.8873e-04, -7.8678e-06, -1.4830e-04],
          [-1.3611e-05, -4.5102e-05,  2.9820e-06, -4.3718e-05, -1.1535e-04],
          [ 2.1894e-04,  1.2336e-04,  1.5806e-04,  1.6519e-04, -3.6869e-05]]],


        [[[-1.2401e-04, -2.2928e-05,  1.7273e-04, -1.3171e-04, -2.2826e-06],
          [-1.7178e-04,  8.1775e-05, -7.3941e-05,  6.5924e-05,  2.7667e-06],
          [-1.3446e-04, -3.6279e-05, -3.9008e-05,  7.6214e-05,  1.2375e-05],
          [-2.2525e-04, -7.3321e-05, -8.1432e-05,  5.2412e-05,  2.7461e-05],
          [ 1.2562e-04,  1.7334e-04, -5.1043e-05,  5.6674e-05,  1.4037e-05]]],


        [[[ 4.4399e-04,  8.4343e-04,  2.0882e-03,  2.3365e-03,  1.4156e-03],
          [-3.1962e-05,  5.9227e-04,  2.1294e-03, -1.1643e-05, -3.9800e-04],
          [ 7.7905e-04,  1.7435e-01,  3.4848e-03,  1.4674e-03,  5.7489e-04],
          [ 5.6084e-04,  1.9061e+00,  1.9389e+00,  2.0792e-03, -9.3785e-05],
          [ 1.5944e-03,  7.9940e-02,  1.4345e+00,  6.7836e-01,  9.0673e-04]]],


        [[[ 2.4450e-05, -1.5601e-04, -1.2540e-04,  1.3354e-04,  1.0969e-04],
          [-3.3777e-06,  1.8004e-04, -7.1097e-05, -6.6437e-05,  3.2272e-05],
          [-1.6372e-05, -1.6485e-04,  1.7925e-04, -5.4162e-05,  7.9089e-05],
          [ 9.0849e-06,  2.1077e-04, -8.3384e-05,  3.1599e-05, -1.0213e-04],
          [ 9.8603e-06,  8.7519e-05, -5.5629e-05, -7.8433e-05, -1.2340e-04]]],


        [[[-4.3465e-05, -2.2314e-05,  7.9279e-05,  2.4215e-05,  2.2456e-05],
          [-8.7871e-05, -8.3720e-05, -6.5418e-06,  2.0896e-05, -6.2461e-05],
          [ 9.0375e-05,  9.5931e-05,  8.9915e-05, -8.8499e-05, -2.3567e-04],
          [ 4.5196e-05,  5.3129e-05,  5.4938e-05,  2.0277e-04,  1.5980e-04],
          [ 9.0080e-05, -1.4753e-04,  8.5777e-05,  8.9941e-05, -3.7145e-05]]],


        [[[-1.3554e-04,  1.1727e-04, -6.4379e-05,  2.4901e-04, -5.6578e-05],
          [ 4.6025e-05, -2.5666e-04,  2.2438e-04,  3.3952e-05, -1.7417e-04],
          [-6.0520e-05, -1.6844e-04, -1.6338e-04,  1.0753e-04, -2.5649e-05],
          [ 1.3034e-04, -5.8082e-05,  1.0866e-04,  4.1708e-05,  5.6546e-05],
          [ 1.4701e-05, -2.1825e-04, -1.8175e-04, -4.9797e-05, -4.2444e-05]]],


        [[[ 1.8060e-04, -3.6243e-05, -1.0281e-05, -4.3656e-06, -2.9874e-04],
          [ 1.6814e-04,  3.7707e-05,  1.8399e-05, -1.1404e-04,  4.1137e-05],
          [ 1.9791e-04,  3.5990e-05, -1.1178e-05,  5.0644e-06, -1.2990e-04],
          [-1.8926e-04,  1.3537e-05, -4.3340e-05,  6.9014e-05,  1.3590e-04],
          [ 7.1458e-05, -1.3144e-04,  1.0088e-04,  2.8543e-05, -1.0660e-04]]],


        [[[ 2.0779e-04,  5.3230e-05,  4.0817e-06, -9.1296e-05,  8.8509e-05],
          [-7.0066e-05, -5.0130e-06,  1.0710e-04,  6.8187e-05,  2.0906e-04],
          [-8.9971e-05,  6.8205e-05, -2.6406e-05,  1.5598e-04, -8.9873e-05],
          [ 2.5571e-05, -9.0801e-05,  9.1213e-05,  1.1753e-04, -1.1627e-04],
          [ 1.5806e-04,  3.2164e-05,  9.8658e-06, -6.6514e-05,  1.6942e-04]]],


        [[[-3.3316e-05, -1.2184e-04,  8.5127e-06,  2.1061e-06,  6.7053e-05],
          [-3.9341e-05, -9.4695e-05,  2.1254e-05,  2.2638e-05, -6.9565e-05],
          [ 8.3741e-06,  2.3164e-04,  3.2147e-05,  1.1330e-04,  5.3113e-05],
          [-1.5124e-04,  3.3170e-06,  3.0803e-05,  8.5591e-05, -3.0791e-05],
          [ 7.2359e-05, -5.5423e-05,  1.2624e-04,  1.0511e-05,  4.7348e-05]]],


        [[[-4.2003e-05, -8.5020e-05,  5.9512e-05,  1.6674e-04, -1.1576e-04],
          [ 1.9477e-04, -2.5916e-07,  1.1261e-04, -1.5311e-04,  9.0868e-06],
          [-3.1493e-04,  2.4968e-04, -1.3868e-04,  3.2937e-05, -2.1694e-05],
          [-1.9634e-04,  1.2156e-04,  1.6670e-04,  6.7267e-05, -6.7817e-05],
          [-8.4795e-05,  7.2248e-05, -1.8496e-05,  5.9586e-05, -5.9881e-05]]],


        [[[ 1.3908e-04,  7.1373e-06,  1.0858e-06,  1.6378e-04,  1.9445e-04],
          [-1.7239e-05, -4.0009e-05, -1.4937e-06, -9.0234e-05, -1.7440e-06],
          [-5.0993e-05,  1.9486e-04,  5.2250e-05, -4.8278e-05,  4.2688e-05],
          [ 1.2061e-04,  1.3385e-04, -6.7401e-05,  4.0943e-05, -1.0216e-04],
          [-7.9591e-05,  3.0881e-06,  4.5140e-05,  3.5327e-05, -1.3200e-04]]],


        [[[-9.1844e-05,  1.0878e-04, -4.1179e-05, -9.2081e-05,  1.7796e-05],
          [-1.3635e-05,  1.9432e-04,  7.2855e-06, -2.3259e-05, -1.2202e-04],
          [-3.2813e-05, -1.1633e-04,  6.6702e-05,  9.1456e-05,  9.1643e-05],
          [ 3.0913e-05,  1.7173e-04,  2.0204e-05,  2.4246e-05,  6.6140e-05],
          [-4.8549e-05,  2.9135e-05, -1.5366e-05,  5.3706e-05, -6.8702e-05]]],


        [[[ 1.4628e-04,  3.6834e-05, -1.2375e-05,  4.8142e-05, -2.4372e-04],
          [-2.4897e-05, -3.1304e-06, -5.8428e-05,  2.4033e-05,  9.3064e-05],
          [-1.5683e-04,  1.7499e-05, -1.5856e-04, -8.9489e-05, -1.1470e-04],
          [ 1.3140e-04, -5.7179e-06, -2.0796e-05, -1.1591e-04, -1.9713e-04],
          [ 1.4343e-04, -7.7447e-05,  2.3738e-04, -2.1659e-06,  6.6297e-05]]],


        [[[ 8.8481e-05, -3.9525e-05,  3.7062e-05, -6.2026e-05, -9.3759e-05],
          [ 4.1640e-05,  1.1078e-04, -7.1461e-05, -2.0430e-05,  1.0776e-05],
          [ 1.2951e-05, -1.7693e-04, -4.9108e-05, -6.4113e-05,  1.2782e-04],
          [ 1.2834e-04, -5.6568e-05, -2.2992e-05,  1.4039e-04,  1.2223e-04],
          [-1.2156e-04, -5.5705e-07,  3.9446e-05, -3.8289e-05, -5.7809e-05]]],


        [[[-3.4050e-05,  2.0505e-04, -8.0199e-05,  1.0957e-05, -4.8499e-05],
          [-7.2203e-05,  8.4278e-06,  9.2712e-05, -9.3356e-05, -6.8639e-05],
          [ 1.5862e-04, -2.9970e-05, -4.9217e-05,  8.9739e-05, -9.4281e-05],
          [-4.3548e-05,  3.3761e-05, -6.2550e-05,  8.7684e-05,  1.9614e-04],
          [-1.1804e-04, -2.0272e-04,  2.4313e-04, -3.9749e-05,  2.1439e-05]]],


        [[[ 6.5846e-06, -8.1583e-05,  7.0169e-05, -2.4763e-04, -3.5789e-05],
          [ 1.1921e-04,  1.1977e-04,  1.9923e-04,  6.9894e-05,  5.5537e-05],
          [-1.9212e-04,  5.5817e-05,  3.8782e-05, -9.3743e-05, -1.4229e-04],
          [-2.0731e-05, -1.8335e-04, -3.2145e-05,  2.4360e-04,  7.1887e-06],
          [ 4.6524e-05, -2.9094e-05, -1.5759e-06, -1.9182e-05,  1.6638e-05]]],


        [[[-6.7662e-05, -4.9443e-05,  6.6241e-05,  1.6712e-04, -2.7946e-05],
          [ 6.1883e-05,  1.4651e-05,  7.4846e-05, -7.7604e-05,  1.1535e-04],
          [-1.2756e-04, -1.4701e-04,  4.2374e-05, -9.6518e-05,  4.6678e-05],
          [-3.1397e-05, -1.5658e-04, -4.1394e-05,  1.1560e-04,  7.2975e-05],
          [ 6.1429e-05,  4.6864e-05,  1.7068e-04, -4.5683e-05, -1.8664e-04]]],


        [[[ 3.8929e-05,  6.8566e-05,  2.1711e-04, -1.4865e-04,  1.5593e-04],
          [ 1.1866e-04,  4.5922e-05, -5.3046e-06, -4.0420e-05,  5.9528e-05],
          [-1.0853e-06, -1.5583e-04,  4.0335e-05, -7.1514e-05,  8.6792e-05],
          [-6.2150e-05,  5.9312e-05,  1.5049e-04,  4.6921e-05, -2.6261e-04],
          [ 3.4227e-04, -3.3014e-04, -1.5175e-04, -1.3415e-05,  8.4758e-05]]],


        [[[ 2.5560e-05,  8.8995e-05,  1.6307e-04,  4.8356e-05,  3.7196e-05],
          [-9.0070e-05,  1.3889e-04, -1.6178e-04,  6.6850e-05,  7.8141e-05],
          [ 6.6451e-05,  2.0212e-04, -1.0634e-04, -3.7780e-05, -6.8694e-05],
          [-1.3212e-05, -7.5300e-05,  8.0522e-05, -1.0242e-04, -2.1986e-04],
          [-1.1324e-04,  5.1224e-05, -1.3674e-04,  1.6620e-04,  1.4616e-04]]]],
       device='cuda:0', requires_grad=True)conv1.biasParameter containing:
tensor([-0.0007, -0.0013, -0.0010,  0.0024, -0.0017, -0.0007,  0.0051, -0.0007,
        -0.0005, -0.0024, -0.0011,  0.0027,  0.0010, -0.0005, -0.0009, -0.0018,
        -0.0008,  0.0059, -0.0006, -0.0013], device='cuda:0',
       requires_grad=True)conv2.weightParameter containing:
tensor([[[[ 3.7955e-05, -8.2301e-05, -5.9652e-05,  3.0087e-05,  6.1907e-05],
          [-7.5055e-05, -3.2908e-05,  1.1856e-05,  8.2765e-06, -1.0828e-04],
          [ 6.0928e-05,  6.1092e-05, -6.6527e-05,  1.5882e-04,  7.2786e-05],
          [ 7.9385e-05,  9.8948e-05, -5.9302e-06, -9.7504e-05,  8.4917e-05],
          [ 2.8372e-04,  1.7294e-04, -1.6836e-04, -4.8600e-06,  1.1971e-04]],

         [[ 1.3211e-04, -1.8855e-04,  8.9116e-05,  6.0337e-05, -6.6793e-05],
          [-1.4086e-04,  1.3658e-04,  2.7404e-06, -6.2293e-05,  1.5707e-04],
          [ 9.4844e-05, -6.6117e-05, -3.0646e-05,  1.5693e-05,  4.2740e-07],
          [ 1.2995e-04, -4.5024e-05, -1.1614e-04, -1.1477e-05, -9.3736e-05],
          [ 7.2046e-05, -1.9205e-06, -7.8185e-05, -1.0170e-04,  6.1864e-05]],

         [[ 4.2028e-05,  1.0304e-04,  7.5928e-05, -6.1019e-05, -1.2604e-05],
          [-1.8859e-05,  6.0007e-06,  1.7986e-04, -8.8526e-05, -1.2042e-04],
          [ 3.1761e-05,  4.9153e-05,  6.9314e-05, -3.7367e-05,  4.3019e-05],
          [ 2.6593e-05, -7.3991e-05, -1.1729e-04,  6.0013e-05,  4.6164e-05],
          [ 3.8926e-05,  2.6650e-05,  4.1912e-05,  1.7886e-04, -4.8394e-05]],

         ...,

         [[-3.6133e-05,  9.9713e-05,  7.4184e-08,  8.6479e-05,  2.9065e-05],
          [ 4.4455e-06,  1.4572e-04, -3.8068e-05,  9.5945e-05,  3.0777e-05],
          [-1.0673e-04, -1.1209e-04, -1.5112e-04, -2.2562e-05, -5.4947e-05],
          [-1.5612e-04, -2.4428e-05, -2.6332e-05, -1.0854e-04,  2.8279e-05],
          [ 9.8234e-05, -3.7420e-05, -4.3369e-05, -1.5018e-05, -1.6782e-04]],

         [[ 7.7758e-05,  4.6521e-05, -1.1375e-05,  8.6899e-05, -8.8521e-05],
          [ 2.4956e-05, -2.3892e-05,  8.7574e-05, -1.0654e-04,  8.6601e-06],
          [ 8.8321e-05,  1.6474e-04, -6.2224e-06,  3.9122e-05,  6.3957e-05],
          [-3.3206e-05,  1.4523e-04,  3.4703e-05, -4.8217e-05,  5.9363e-05],
          [-4.6580e-05, -4.2299e-05, -1.0641e-04,  1.5148e-05, -1.1953e-04]],

         [[ 4.9063e-05, -5.7457e-05, -3.9427e-05,  9.9581e-05, -5.9622e-05],
          [-4.4759e-05, -1.1916e-04, -1.7540e-05, -7.0032e-05, -6.9272e-05],
          [ 7.5002e-05, -6.5413e-06,  5.7205e-05,  3.1392e-05, -4.3559e-05],
          [-4.9069e-05, -6.4518e-05, -7.7551e-05, -1.3218e-05,  2.0838e-05],
          [ 4.9563e-05,  7.5233e-05, -1.0066e-04, -1.1848e-05, -3.0645e-05]]],


        [[[ 5.3345e-05,  7.8555e-05,  6.5138e-05,  6.1965e-05, -1.1129e-04],
          [-1.1152e-04, -1.1682e-05, -3.2669e-05,  5.4281e-05,  1.2711e-04],
          [-1.0510e-04,  5.8398e-05,  5.4477e-05, -7.7385e-06,  5.4647e-05],
          [ 1.3634e-04,  2.9857e-05, -5.3389e-05,  1.2798e-05, -3.3011e-05],
          [-2.8849e-04, -2.7055e-05,  6.1170e-05,  1.4973e-05, -1.1908e-04]],

         [[ 4.1425e-05,  8.2739e-06, -1.1231e-04,  6.2399e-05,  1.1942e-06],
          [-1.9665e-04,  7.7814e-06, -1.2525e-04, -1.0893e-04,  3.7453e-05],
          [-1.2818e-05, -2.1139e-04,  2.2069e-05, -7.4076e-06, -6.6105e-05],
          [-4.3549e-05, -3.8447e-05,  2.8572e-05,  1.1457e-04,  1.7448e-05],
          [-5.6354e-05, -4.1429e-05, -1.0160e-04,  1.9813e-04,  1.9276e-06]],

         [[ 1.4897e-06,  1.0266e-05,  2.2611e-05, -4.8279e-05,  5.2629e-05],
          [ 7.0507e-05,  1.2263e-04, -2.8945e-05,  1.3583e-04, -1.1577e-04],
          [-1.0588e-04,  3.8023e-05,  3.0162e-05, -6.9431e-05,  1.3581e-04],
          [ 1.2684e-04,  2.8336e-04, -9.7676e-05,  1.0852e-04,  1.0561e-04],
          [ 3.1813e-05,  1.5131e-04, -6.3578e-05, -1.1824e-04, -1.0856e-04]],

         ...,

         [[ 1.4522e-06, -2.9366e-05, -1.3943e-05,  7.3800e-05, -2.5279e-05],
          [-2.0547e-05,  1.9295e-05,  1.3996e-04, -1.0253e-04, -1.1514e-04],
          [ 1.6266e-04,  3.2681e-05, -5.3730e-05,  3.2195e-05,  9.4850e-05],
          [-1.4492e-05,  8.9660e-05, -6.9354e-05,  2.2912e-05,  6.8533e-05],
          [ 2.9758e-05, -6.8484e-05, -5.0474e-05,  4.7189e-05,  1.3172e-04]],

         [[-6.9586e-05, -2.1743e-05,  7.7036e-05, -3.4732e-05, -2.7716e-05],
          [-2.5684e-05, -8.7103e-05, -2.5586e-05, -5.3636e-05, -5.1465e-05],
          [-4.3932e-05, -1.4768e-04, -9.7301e-05,  6.9702e-05, -2.3104e-05],
          [ 6.9314e-05, -1.1081e-04, -2.9116e-04,  6.7471e-05, -1.4929e-04],
          [-2.8115e-04,  1.1519e-04,  1.4291e-04, -7.7807e-05,  2.4975e-05]],

         [[-5.1072e-05, -1.0553e-04,  8.0383e-05, -4.7171e-05, -2.7782e-05],
          [-9.0680e-05,  1.0838e-04, -6.8794e-05, -6.9853e-05,  9.2560e-06],
          [ 3.0593e-05,  9.1485e-05,  4.1063e-05, -9.9048e-05,  2.6264e-04],
          [-7.6372e-05, -5.3733e-05, -1.7205e-04,  2.6348e-05, -4.6549e-05],
          [-4.9854e-05,  1.0778e-04, -4.1772e-05,  1.0792e-04,  1.7084e-04]]],


        [[[-2.8347e-05,  9.3639e-06, -1.1402e-05, -5.3285e-05,  6.1684e-06],
          [-1.0438e-05,  2.7664e-05, -1.5086e-05, -8.0026e-05, -3.5659e-05],
          [ 1.6877e-04, -9.4254e-05, -6.4943e-05,  6.9249e-06, -4.2366e-06],
          [ 3.7820e-05,  9.4152e-05, -9.8085e-05, -3.0022e-05,  5.1796e-06],
          [-7.5052e-05,  4.6069e-05, -3.4203e-05, -4.5384e-05, -9.8155e-05]],

         [[ 8.9926e-05, -5.9286e-05, -1.1248e-04,  1.1053e-04, -3.8147e-05],
          [ 1.6047e-05, -5.3955e-05,  3.7198e-05,  1.0159e-04, -4.9637e-05],
          [-2.4820e-05, -1.9424e-05,  1.1427e-04, -2.4827e-05,  1.9532e-05],
          [ 9.3560e-06, -9.7254e-05,  1.9571e-04,  1.9627e-05, -1.4770e-04],
          [ 9.5985e-05,  5.2395e-05, -6.7878e-05,  4.8392e-05,  1.8697e-04]],

         [[-1.8751e-04, -1.4217e-04, -2.7929e-06, -2.6697e-05, -4.8191e-05],
          [-6.0141e-05,  3.3412e-05, -1.5591e-04, -7.6064e-05,  3.8301e-05],
          [-9.7861e-06, -3.9867e-05,  8.7623e-05,  1.1171e-04,  1.5044e-06],
          [-1.4738e-04, -6.1099e-05,  2.3092e-05,  4.0452e-05,  2.8580e-06],
          [ 3.1570e-05, -1.5666e-04,  3.8511e-05, -6.4377e-05,  1.6143e-04]],

         ...,

         [[-1.0287e-04, -7.0312e-05,  6.8223e-08,  3.5035e-05, -1.6751e-05],
          [ 2.6051e-05, -8.8340e-05, -8.1509e-05, -9.1683e-05, -5.5622e-05],
          [ 3.3086e-05, -4.2914e-05,  4.2961e-05, -2.7681e-06, -1.8607e-05],
          [ 7.8573e-06, -9.7199e-05, -5.9018e-05, -1.0506e-06,  6.3192e-05],
          [-1.8629e-04,  1.0300e-04, -4.6354e-07, -9.3207e-05, -9.0608e-05]],

         [[ 7.9849e-05,  4.2233e-05,  2.7169e-04,  1.6157e-04,  7.0859e-08],
          [-1.9986e-05,  1.2063e-04, -2.5580e-05,  2.7212e-05,  1.7235e-04],
          [ 5.4517e-05, -2.3101e-06, -4.3498e-05, -6.3503e-05, -6.5277e-05],
          [-2.5358e-05,  1.0726e-04, -9.7596e-05, -3.1441e-05,  1.2051e-04],
          [ 4.2073e-05, -4.1925e-05,  2.0790e-04, -3.7230e-05,  1.0479e-04]],

         [[ 2.0532e-05,  4.6466e-05,  7.1200e-05,  1.5052e-04,  8.6714e-06],
          [ 2.8728e-06, -1.2074e-04, -7.3330e-05, -2.5891e-05, -1.9393e-05],
          [-1.7942e-04, -5.5479e-05, -1.1660e-05,  6.0934e-05, -1.1769e-04],
          [-7.9926e-05,  9.3136e-05, -1.4169e-04, -1.1216e-04, -1.0727e-04],
          [ 1.7920e-04, -1.5256e-05,  3.5705e-05, -1.8016e-04,  4.1007e-05]]],


        ...,


        [[[ 1.7770e-05,  2.3565e-05, -4.0593e-05,  4.5855e-05, -2.4303e-05],
          [ 8.7458e-07, -1.4055e-04, -8.4179e-05,  8.7199e-05, -3.7867e-05],
          [-2.1722e-05,  1.8979e-04,  1.0917e-04, -7.3134e-05,  4.9159e-05],
          [ 7.7459e-05, -1.4442e-04,  1.6259e-06, -3.8988e-05,  3.5814e-06],
          [ 1.1141e-04,  8.7159e-05,  6.5411e-05,  3.5402e-05, -5.9405e-05]],

         [[-1.1223e-04,  3.5979e-05,  1.4614e-04,  7.1464e-06, -1.2644e-04],
          [-5.1276e-05, -1.9526e-05, -3.6246e-06, -1.1401e-04,  2.7014e-05],
          [-2.1428e-05, -1.4555e-04, -7.7844e-05, -1.0727e-04, -1.2656e-04],
          [-7.9213e-06, -1.1279e-04,  7.7354e-05, -3.5079e-06, -2.0555e-05],
          [-1.0080e-04, -1.9404e-05, -3.5341e-05, -1.6420e-04, -1.4159e-04]],

         [[-2.3409e-05,  7.0680e-05, -1.2071e-04,  3.0207e-05, -1.2079e-04],
          [-9.1143e-05,  1.9983e-06,  9.5199e-05, -1.5098e-04, -2.2970e-04],
          [-1.1103e-04,  5.3166e-05,  2.5022e-06, -1.0346e-05,  1.0719e-04],
          [ 4.0089e-05, -2.7735e-05,  5.6862e-06, -1.2646e-04,  1.2610e-05],
          [-3.9153e-05,  9.7334e-05, -4.0502e-05,  6.2875e-05, -1.4899e-04]],

         ...,

         [[-4.9211e-05,  4.6027e-05,  2.8104e-05, -2.1469e-04, -1.2309e-04],
          [ 8.8168e-05,  8.9693e-05,  1.9103e-05,  9.2250e-05,  4.0629e-05],
          [-1.7766e-04, -3.1189e-05, -1.2195e-04,  4.7027e-05, -1.6237e-04],
          [ 6.5477e-05,  1.1085e-04, -3.5614e-05, -1.2367e-04,  5.5633e-05],
          [-8.9836e-05,  4.4810e-05,  3.4226e-06,  1.4182e-04,  3.2764e-06]],

         [[-2.2650e-05,  6.3711e-06, -1.5061e-05, -2.8514e-05,  1.8533e-04],
          [-1.3614e-05, -1.0200e-05, -4.4096e-05, -1.1749e-04, -2.0136e-04],
          [ 1.7336e-04, -9.5890e-05,  1.1154e-04,  4.4913e-05,  9.8360e-05],
          [ 2.1861e-06,  1.9977e-06,  3.7700e-06, -2.1288e-04, -4.2402e-05],
          [ 2.1874e-06,  6.2944e-05, -8.7479e-05, -9.2542e-05,  2.8826e-05]],

         [[-7.2578e-05,  2.8241e-05,  4.0247e-05,  2.7701e-05, -9.4845e-05],
          [ 4.1186e-05,  1.8515e-04, -2.8745e-05, -1.2615e-04, -5.4097e-05],
          [ 1.0437e-05,  4.0164e-05, -4.8154e-05, -1.4114e-04, -3.3142e-05],
          [-2.4267e-06,  2.3381e-05, -7.5352e-05, -9.4109e-08, -7.8007e-06],
          [ 2.6886e-04,  8.0222e-05,  2.1366e-04, -1.4449e-04,  1.8638e-04]]],


        [[[-2.9687e-05, -2.9478e-05,  1.2468e-05, -6.2628e-05,  1.3798e-05],
          [ 1.4966e-05, -2.3692e-05, -1.3587e-05,  9.2304e-05,  6.6790e-06],
          [-9.5526e-05,  1.3263e-04,  6.1038e-05,  7.8063e-05,  5.7046e-05],
          [ 9.2175e-05,  1.2932e-04,  5.6102e-05,  1.3196e-04, -1.3589e-05],
          [ 1.4592e-05, -5.0323e-05,  2.7843e-05, -4.1022e-05, -2.5118e-05]],

         [[ 2.0575e-05, -1.7470e-04, -9.2151e-05,  1.8913e-05,  1.4078e-05],
          [ 1.5438e-04, -9.1548e-05, -1.9976e-04, -7.1117e-05, -3.9631e-05],
          [ 2.5615e-05,  1.0709e-04, -6.8500e-05, -5.2396e-05,  1.3652e-04],
          [ 4.4494e-06, -8.1852e-05, -1.0098e-04,  2.7324e-05, -2.7757e-05],
          [-8.3971e-05,  4.2666e-05, -2.7298e-05,  6.3073e-05,  3.2008e-05]],

         [[ 6.0306e-05, -3.8045e-05,  7.0080e-08, -2.8192e-04, -6.2927e-05],
          [-4.3634e-07, -1.6022e-04,  3.2561e-05,  2.2661e-05,  5.0490e-06],
          [ 4.7077e-05,  1.1173e-04,  5.3901e-06, -1.3038e-04, -1.4193e-04],
          [-1.4314e-04, -1.3879e-04,  1.1196e-05,  8.4017e-06, -7.4406e-05],
          [ 6.0263e-05, -6.9292e-05,  7.1554e-05, -1.3731e-04, -9.5020e-06]],

         ...,

         [[ 4.2620e-05,  1.8824e-06,  5.5990e-05,  1.5912e-08,  1.0359e-04],
          [ 3.3814e-05, -6.9883e-05, -2.9745e-06,  9.3733e-05,  2.6436e-05],
          [-4.6246e-06,  3.0081e-05, -9.1910e-05, -6.9088e-05, -6.4665e-05],
          [-9.3867e-05,  1.6535e-05, -2.3662e-05, -4.5614e-05,  3.2221e-05],
          [-5.6413e-05,  5.2518e-05, -8.5594e-05, -4.1771e-05,  7.6638e-05]],

         [[-3.0767e-05, -2.7748e-05,  4.9475e-05, -5.3059e-06, -1.0328e-04],
          [-4.0099e-06,  7.9785e-05, -5.0100e-05,  5.6583e-05, -6.6015e-05],
          [-4.9004e-05, -9.4136e-06,  6.3658e-05, -1.8560e-05, -2.4417e-05],
          [-1.7363e-04,  2.7987e-06,  5.8031e-06, -1.0524e-04, -5.0070e-05],
          [-9.7538e-05, -1.3394e-04,  7.1690e-05, -4.3903e-06,  5.7688e-05]],

         [[ 5.1212e-05,  1.2092e-04, -1.2244e-06,  1.6789e-04,  1.6713e-04],
          [ 4.5769e-05,  9.7616e-06,  3.2026e-06, -6.0129e-05,  3.9145e-05],
          [-3.5777e-05,  6.8253e-05,  3.7285e-05, -2.0143e-05, -3.7435e-05],
          [ 9.1042e-05,  6.8025e-05, -2.0979e-04,  3.9084e-05,  7.3359e-05],
          [-5.0786e-05,  1.1285e-04,  3.5010e-05,  1.7169e-04, -1.7215e-04]]],


        [[[ 8.3466e-07, -9.6926e-05, -7.9514e-05,  2.6685e-05,  1.4345e-05],
          [-1.3121e-04,  3.1801e-05,  1.1643e-04,  1.6498e-05, -8.7423e-05],
          [ 7.5902e-05,  1.0789e-04, -3.0204e-05, -1.2709e-04,  1.3504e-05],
          [-2.6471e-05, -1.2323e-04,  4.1999e-05, -1.6097e-04, -7.8097e-05],
          [-4.7038e-05,  9.7707e-05, -8.9595e-05, -1.3227e-04, -7.1419e-05]],

         [[ 3.7515e-05, -2.8043e-05,  3.5787e-05, -6.7473e-05,  5.6728e-05],
          [-8.0265e-06,  8.2458e-05, -8.3641e-05, -6.6664e-05, -8.8421e-05],
          [-7.2355e-05,  6.7533e-06, -9.1266e-05,  2.1252e-05, -1.4841e-04],
          [ 3.6314e-05, -2.9297e-05,  6.7152e-05,  8.5818e-05,  2.7829e-05],
          [-1.4288e-05, -8.5832e-05,  6.5678e-05, -2.8275e-05, -1.0932e-04]],

         [[-2.9433e-05, -1.1613e-04, -1.0571e-05, -1.2121e-04,  2.7156e-05],
          [-1.1518e-04, -1.1316e-05, -1.6714e-04,  1.2157e-04,  2.0717e-05],
          [-2.3504e-05,  1.2216e-04, -5.9094e-05,  3.4955e-05,  1.2450e-04],
          [-5.8241e-05,  1.4651e-04,  1.4670e-04, -3.2218e-05, -3.2124e-05],
          [-3.2252e-05, -4.2947e-05, -1.0481e-04, -1.2274e-04,  6.4197e-05]],

         ...,

         [[ 6.9409e-05,  9.0692e-05,  2.7216e-05,  1.0428e-04,  1.2261e-04],
          [-2.6972e-05,  1.4475e-05,  6.6602e-05, -1.9664e-05,  2.0676e-05],
          [ 1.8096e-05, -1.4991e-05,  1.2093e-04, -3.2481e-05,  1.3828e-04],
          [ 5.7882e-05, -1.3449e-04, -9.0730e-06,  1.8513e-05,  9.0527e-05],
          [-5.6028e-05,  5.7794e-05, -1.1008e-04,  4.6802e-05,  5.1992e-05]],

         [[-6.5004e-05, -4.4169e-05, -1.3669e-05, -2.6891e-05, -3.7129e-05],
          [ 4.7424e-06,  6.4127e-05, -5.8586e-05,  6.6491e-05,  5.0764e-05],
          [-9.6121e-05, -1.4121e-05, -3.2746e-05,  2.5417e-05, -1.7012e-04],
          [ 1.3863e-05,  5.1329e-06, -4.6776e-05,  1.4858e-05,  8.5820e-05],
          [ 3.2536e-06, -3.3936e-05,  4.8447e-05,  4.1454e-05,  7.8310e-05]],

         [[-7.2888e-06, -5.8911e-05,  2.9708e-05,  7.1125e-05,  7.4360e-05],
          [-7.4763e-05, -1.9232e-05,  1.1599e-04, -7.5669e-06,  2.0865e-05],
          [ 8.2787e-05,  1.0639e-04,  1.4796e-04,  1.1729e-04,  1.0702e-05],
          [-8.5976e-07,  7.3756e-05, -1.0952e-04,  1.1587e-04, -2.7168e-05],
          [-2.7176e-05, -4.1182e-05,  5.1675e-06, -7.5776e-05,  7.6376e-05]]]],
       device='cuda:0', requires_grad=True)conv2.biasParameter containing:
tensor([-0.0074, -0.0036, -0.0416, -0.0054, -0.0047, -0.0102, -0.0062, -0.0043,
        -0.0062, -0.0041, -0.0126, -0.0132, -0.0050, -0.0103, -0.5546, -0.0050,
        -0.0168, -0.0046, -0.0073, -0.0123, -0.0046, -0.2637, -0.0165, -0.0076,
        -0.5384, -0.0053, -0.0047, -0.0082, -0.0063, -0.0075, -0.0037, -0.4415,
        -0.0076, -0.0063, -0.0039, -0.0170, -0.0039,  0.0101, -0.0142, -0.0272,
        -0.0033, -0.0092, -0.0050, -0.0037, -0.0048, -0.0068, -0.0048, -0.0065,
        -0.0051, -0.0066], device='cuda:0', requires_grad=True)fc1.weightParameter containing:
tensor([[-3.0641e-10, -1.1223e-06, -4.1933e-06,  ..., -5.4742e-07,
          5.8542e-06, -3.9506e-05],
        [-2.2230e-40,  1.4293e-40, -2.0849e-40,  ...,  2.1939e-40,
          1.3782e-41,  2.2038e-40],
        [ 2.6904e-41, -1.9998e-40,  1.4462e-40,  ...,  1.1879e-40,
         -3.9762e-41,  1.3879e-40],
        ...,
        [-2.0887e-40, -1.2414e-40, -1.3695e-40,  ...,  6.9611e-41,
         -1.4438e-40,  2.3088e-40],
        [-2.2316e-40,  1.5161e-40, -9.5129e-41,  ..., -5.8119e-27,
         -1.6488e-26, -1.3563e-28],
        [ 1.4105e-41, -9.8291e-41,  1.6106e-40,  ...,  1.4855e-40,
          1.2452e-40,  3.4499e-41]], device='cuda:0', requires_grad=True)fc1.biasParameter containing:
tensor([-2.7194e-02, -3.5747e-42, -7.6875e-42, -4.3146e-03, -3.0563e-02,
         2.2383e-02, -1.1079e-23,  3.1884e-16, -9.4189e-05, -1.2343e-07,
         1.0414e-41, -2.8268e-09,  4.5212e-29,  3.4290e-42, -8.4441e-21,
        -2.2109e-18,  1.6756e-30, -9.2136e-05, -1.0706e-42,  3.0788e-02,
         6.8275e-09, -1.7031e-03,  7.0514e-16, -1.4815e-04,  7.2615e-42,
         7.3036e-42, -4.8345e-16,  3.4553e-02,  7.3733e-04, -1.0061e-13,
        -2.3873e-05,  1.5462e-05,  1.9856e-02, -2.4469e-05,  6.4239e-18,
        -5.9962e-42, -6.5937e-06, -9.4924e-42,  1.0923e-25,  1.5017e-02,
         1.2226e-20, -3.5733e-42, -6.8528e-33,  7.2489e-42, -1.0792e-02,
        -1.9149e-13, -1.3704e-04,  4.1997e-42, -3.2370e-43, -1.2287e-41,
         5.5365e-42,  1.1045e-41, -1.2934e-02, -3.5348e-08, -3.4703e-02,
         8.9689e-02, -9.1709e-03,  1.3069e-39, -9.2338e-15,  1.1377e-41,
        -1.3384e-07, -3.3963e-19,  1.9511e-34, -7.6726e-12, -5.4422e-12,
        -2.6269e-02, -1.1534e-07, -2.8092e-07,  6.2150e-02, -6.2423e-35,
        -8.2345e-04, -1.0286e-12,  3.9514e-02, -2.0095e-42, -2.6642e-34,
         1.0493e-41,  7.9492e-03, -2.1422e-13, -1.3981e-02,  5.5929e-38,
        -5.6522e-20, -1.4274e-14, -1.9327e-05, -2.4910e-06, -1.9631e-10,
        -1.6689e-23,  5.6671e-03, -2.2518e-20,  5.4342e-02, -2.0987e-04,
         1.1261e-01, -3.7332e-04, -2.1770e-10, -4.3357e-06, -3.4692e-02,
        -2.1102e-05, -1.5354e-05,  3.9591e-32,  5.0832e-35, -1.9783e-14,
         2.5621e-03,  1.4726e-02, -4.6707e-02,  1.7941e-05, -3.3942e-02,
         8.4835e-42, -1.7096e-43, -4.9173e-05, -4.0060e-02,  8.8436e-42,
        -2.7281e-25, -2.2307e-05,  2.2868e-07, -1.0898e-06,  2.8320e-42,
        -7.9623e-03, -3.0969e-43, -6.1093e-22, -3.3762e-24, -1.2320e-41,
        -5.4274e-06, -4.5385e-05, -1.2322e-06, -6.0762e-25,  1.1943e-02,
         1.1237e-41, -2.3594e-11, -7.7489e-06, -5.7090e-08, -2.8920e-11,
        -4.8135e-42,  1.4672e-21,  4.7895e-12, -6.3185e-42,  3.9622e-02,
        -1.6185e-07,  5.2287e-40, -1.9478e-43, -7.0270e-09,  1.3482e-41,
        -1.5140e-15, -6.2876e-41,  2.0991e-02,  1.3329e-41, -1.9393e-23,
        -1.0483e-40, -4.7627e-33, -9.7476e-05,  7.6922e-02,  7.7744e-42,
        -9.3856e-08, -1.1554e-41, -8.7679e-42,  1.0571e-41,  5.0579e-18,
        -7.6801e-04, -5.7229e-42, -1.5696e-02, -1.5386e-06, -4.2039e-42,
        -1.7383e-05, -3.6944e-30, -6.8818e-42,  2.9694e-02,  3.2706e-02,
        -3.7038e-06, -4.8894e-11, -1.8645e-04,  3.2576e-39, -5.6893e-42,
        -6.2249e-08, -5.6364e-30, -1.8687e-09,  2.6023e-04, -1.4405e-09,
        -1.9397e-02, -5.1468e-09, -5.9140e-06, -1.2005e-07, -6.6903e-37,
        -1.4921e-30, -6.2055e-05, -7.0162e-03,  9.5350e-03,  1.1711e-41,
        -5.5275e-05, -1.5434e-04, -8.6782e-03,  3.3163e-23, -3.7269e-04,
        -4.9978e-06, -1.0700e-41, -7.1140e-20, -1.1865e-41, -2.7512e-32,
         4.3397e-02, -6.4893e-10,  4.5136e-42, -1.9898e-42, -4.4616e-18,
        -2.0865e-13, -3.2093e-14, -1.0276e-41,  8.0154e-42, -4.9113e-07,
         3.2558e-03, -1.1557e-41, -8.7172e-17,  3.3651e-33, -1.5359e-05,
        -1.2203e-25, -1.1626e-19, -2.7603e-06,  1.4783e-02, -1.3373e-41,
        -1.7041e-09,  4.6783e-26,  2.6989e-42, -9.7937e-20, -7.3826e-07,
        -8.0018e-06, -4.0592e-16, -2.0675e-07, -1.4032e-05, -2.2051e-08,
        -8.5444e-05, -1.3837e-05, -1.3393e-17,  1.2093e-41, -1.8027e-09,
        -4.3609e-17,  6.7862e-20, -1.6876e-07, -8.3417e-04,  7.1511e-05,
        -9.1398e-15, -1.9444e-03, -1.7813e-07,  5.8160e-02, -5.9387e-42,
        -2.2513e-05,  2.8111e-02, -1.3441e-41,  6.2284e-02, -1.5305e-08,
        -3.2969e-12,  1.2812e-09, -2.7472e-25,  7.1982e-02, -1.5169e-13,
         4.0235e-02, -2.0043e-30,  2.9902e-02, -1.3906e-06, -2.4016e-09,
        -3.4280e-19, -3.4645e-30, -8.4330e-42, -1.3324e-10,  3.2327e-02,
        -2.1106e-20,  3.9622e-13,  3.3587e-19, -3.8446e-08, -1.5975e-43,
         7.8751e-10, -7.0766e-43,  1.8538e-15,  3.4206e-42, -6.7704e-12,
        -9.8021e-42, -3.1474e-07,  2.3081e-30,  8.1541e-03,  1.7660e-06,
         4.2095e-42, -1.0071e-11, -8.0331e-03,  3.0433e-02, -5.4068e-02,
        -7.0897e-05,  4.5193e-02, -1.3998e-22, -3.0501e-04, -4.1319e-28,
        -6.3701e-14, -6.0083e-09, -3.2255e-02,  2.3268e-03, -3.7317e-27,
        -1.5082e-06, -5.9491e-04,  1.3553e-41,  3.0170e-42,  1.3967e-05,
        -3.2664e-42,  6.9785e-43,  1.3787e-41, -5.4483e-02, -5.7997e-05,
        -2.3962e-05, -1.4519e-05, -4.4336e-31, -2.5991e-04, -8.3673e-04,
        -6.1307e-42, -1.4957e-02,  1.5173e-40, -8.9445e-42, -2.8077e-09,
        -7.4381e-42, -3.9888e-02,  6.3927e-42, -1.7330e-16, -8.3981e-03,
         1.8968e-02, -6.5335e-05, -4.0262e-09, -5.2952e-05,  1.7529e-41,
        -2.4759e-03, -3.1624e-10, -1.5414e-42, -4.8053e-07,  1.1943e-41,
        -1.3346e-18,  5.3902e-03,  5.6492e-34, -3.7849e-09,  1.6695e-02,
        -7.6672e-09, -3.9156e-40, -9.5078e-15,  7.6352e-03,  1.0373e-01,
        -3.1484e-04, -6.6949e-05, -1.9663e-15, -5.4678e-05, -1.8109e-03,
         1.2969e-04, -2.6848e-13, -7.1102e-07, -4.1780e-13, -8.5264e-05,
        -1.3141e-04, -8.0693e-23, -9.3817e-08, -4.1328e-07, -1.1644e-10,
        -4.1235e-05, -6.1853e-42,  1.3457e-41,  5.8884e-09,  1.4527e-07,
        -5.1614e-30, -1.6985e-06, -1.6738e-05, -7.3022e-04,  1.8552e-02,
        -5.0444e-06,  2.2195e-39,  1.2804e-41,  3.9234e-02, -3.0408e-13,
        -1.4801e-23,  8.4275e-33,  2.5278e-36,  6.6632e-05, -2.3934e-03,
         2.9048e-02,  1.3636e-41, -7.4715e-05, -1.0763e-41, -1.3040e-41,
        -5.1540e-42, -6.7059e-17, -3.4481e-03,  7.8405e-03,  1.2976e-05,
        -4.6010e-07,  2.7578e-42, -1.6817e-17,  1.2095e-41, -1.9317e-03,
        -2.3990e-08, -7.0951e-15,  2.7323e-02, -2.5595e-29, -1.1055e-41,
         1.1034e-41,  1.8596e-38, -5.5555e-03, -9.1112e-03, -2.0756e-03,
         1.4331e-02, -1.0950e-17, -1.3647e-41, -4.1460e-09,  5.9634e-03,
        -3.8630e-08, -8.6669e-20,  1.3447e-41,  1.3904e-01, -8.9924e-03,
        -1.6339e-03,  4.5254e-02,  5.9681e-42, -1.5414e-44, -8.2200e-04,
        -1.4227e-04, -3.9360e-06,  2.8523e-02, -1.9383e-07, -1.3476e-27,
        -1.6248e-29, -5.4209e-41, -4.4637e-09, -2.7291e-08, -1.4065e-02,
         1.8418e-02, -6.7489e-04, -2.3502e-08, -1.1760e-06, -1.8525e-42,
         7.0627e-02, -9.8932e-43, -1.7165e-22, -8.3133e-31, -2.2426e-08,
        -1.1732e-41, -2.6943e-04, -6.9846e-09, -5.8344e-32,  3.5868e-02,
        -1.1866e-25,  2.1267e-05, -1.7088e-05, -5.4983e-06, -2.2760e-31,
        -9.9842e-13, -2.4461e-07,  1.0776e-01,  3.6462e-10, -9.1476e-13,
        -4.0968e-12, -1.4176e-08, -1.9959e-04, -3.1955e-04, -3.0969e-42,
         2.0975e-27, -3.9154e-09, -4.1896e-04, -4.0974e-02, -7.4310e-13,
        -1.9441e-03, -9.6858e-10, -3.7836e-05, -4.0087e-06,  4.7405e-02,
         2.4102e-42, -5.4133e-02, -9.0328e-42, -4.6255e-03, -1.4419e-42,
         1.1861e-41, -1.0441e-41, -1.2469e-41,  5.5309e-42, -3.2481e-13,
         2.8550e-29, -1.2034e-41, -3.2662e-05, -3.3852e-08,  2.3261e-07,
        -4.7635e-08,  4.6388e-02,  8.5550e-02, -1.8681e-16, -2.1159e-04,
        -6.1816e-25,  4.2544e-07,  2.8725e-03, -2.5289e-35, -4.2612e-02,
        -1.4851e-26,  1.1731e-02, -5.6420e-29, -5.3486e-08, -9.7447e-04,
        -1.4208e-05,  6.1727e-42, -1.3781e-04, -1.2608e-11, -6.2956e-04,
        -5.5246e-11,  1.7843e-04, -5.9939e-08, -4.6164e-05,  6.5877e-40],
       device='cuda:0', requires_grad=True)fc2.weightParameter containing:
tensor([[-1.8670e-01, -5.4104e-16, -8.7656e-08,  ..., -7.9438e-03,
         -4.1492e-03,  5.2779e-05],
        [ 3.2331e-02,  4.4056e-06, -4.7653e-12,  ..., -7.3300e-03,
          2.9363e-04,  1.3016e-05],
        [-4.1175e-03, -2.3894e-04, -6.1103e-06,  ..., -7.7948e-03,
         -6.1431e-03, -1.2790e-04],
        ...,
        [-9.6513e-02, -8.0301e-09,  7.4844e-06,  ...,  1.0709e-02,
         -1.7844e-02,  6.7173e-04],
        [-6.1810e-01, -1.2964e-05, -9.1201e-07,  ...,  6.8914e-03,
          2.0616e-02, -8.9912e-04],
        [ 4.4618e-01,  2.6458e-04, -2.3110e-06,  ..., -4.1951e-03,
         -7.0952e-03, -1.8455e-04]], device='cuda:0', requires_grad=True)fc2.biasParameter containing:
tensor([ 0.0133,  0.0189, -0.0342,  0.0065,  0.0553, -0.0309, -0.0584, -0.0851,
         0.1210, -0.0151], device='cuda:0', requires_grad=True)