conv1.weightParameter containing:
tensor([[[[-2.3721e-04,  4.8591e-05, -1.4440e-04, -5.3373e-06,  4.7680e-05],
          [-6.4934e-05, -2.1145e-05, -1.4929e-04, -5.5319e-06, -5.3122e-05],
          [ 1.3815e-05, -4.7676e-05, -7.5384e-05,  2.1389e-05, -5.0572e-06],
          [-7.1611e-06, -4.8559e-05,  2.6005e-05, -1.8656e-04, -6.3418e-05],
          [-2.5216e-05, -4.9879e-06,  2.5167e-05,  3.3860e-05,  5.7862e-05]]],


        [[[ 6.5872e-04,  1.2374e-03,  6.4530e-02,  2.1082e-04, -8.2325e-04],
          [ 1.0215e-03,  1.1377e-03,  1.4446e-01, -9.4670e-05, -1.2381e-03],
          [ 6.4524e-04,  5.1745e-02,  9.1289e-02, -2.3484e-04, -3.4741e-02],
          [ 1.3741e-04,  6.3667e-04,  1.4310e-01, -1.3302e-04, -3.8484e-02],
          [ 3.1363e-04,  5.7930e-02,  7.0424e-02, -6.2490e-04, -6.3234e-03]]],


        [[[ 8.3862e-03,  1.0678e-01,  1.7579e-01,  2.9324e-04, -1.3392e-03],
          [ 9.9154e-03,  1.6342e-01,  1.6834e-01, -1.2109e-03, -1.5659e-01],
          [ 9.2674e-02,  2.9403e-01,  6.1030e-02, -9.6261e-02, -2.1494e-01],
          [ 2.1000e-01,  2.0122e-01,  3.5879e-04, -2.3636e-01, -1.7164e-01],
          [ 2.8084e-01,  1.2401e-01, -6.5722e-02, -1.9862e-01, -1.0225e-01]]],


        [[[ 1.6096e-03, -6.5627e-02, -2.8783e-01, -2.7607e-01, -1.9743e-01],
          [ 2.0144e-01,  6.9623e-04, -1.7072e-01, -1.6514e-01, -1.0593e-02],
          [ 4.6565e-01,  6.1092e-01,  3.7067e-01,  4.5732e-02,  7.8771e-02],
          [ 2.2873e-01,  7.8630e-01,  9.5320e-01,  4.7698e-01,  9.3454e-02],
          [ 3.4565e-03,  1.9633e-01,  5.2542e-01,  3.9583e-01,  3.2074e-02]]],


        [[[ 2.3876e-06, -1.0466e-04, -6.3126e-05,  1.2926e-04,  1.6622e-04],
          [-6.9804e-05,  1.9500e-06, -4.4759e-05,  4.6510e-05,  1.4250e-04],
          [-6.8092e-05, -2.7440e-05, -1.6055e-04,  9.5197e-05, -9.4188e-05],
          [ 7.3187e-05,  1.4932e-04, -8.2537e-05,  6.6348e-05, -5.5482e-05],
          [ 1.4620e-04,  1.4415e-04,  4.6449e-05,  4.6070e-05, -8.8003e-05]]],


        [[[-2.0807e-04, -2.4411e-05,  2.3425e-05,  1.3830e-05, -2.6475e-04],
          [ 2.2825e-05, -9.0310e-05, -5.4147e-05,  1.1131e-05, -1.1483e-04],
          [ 6.6464e-05, -2.0862e-04,  1.2559e-04, -1.6588e-04, -3.1857e-05],
          [-6.3019e-05, -1.3714e-04, -1.1456e-04, -1.4164e-04, -2.7079e-05],
          [-2.8751e-05, -4.4848e-05,  1.3136e-05,  5.5204e-06, -1.3612e-05]]],


        [[[ 2.0981e-05, -2.7561e-04, -1.5144e-04, -1.9986e-05, -2.6887e-05],
          [-7.2589e-06, -2.0745e-05,  2.3628e-04,  3.9063e-05, -1.9129e-05],
          [ 5.1519e-05, -3.2818e-05, -1.9754e-05,  2.0980e-05, -2.7632e-04],
          [ 2.8319e-05, -2.0479e-05,  3.9100e-05, -2.3836e-05, -2.1856e-05],
          [-3.0038e-05,  4.5108e-05,  4.1149e-05, -2.4183e-04,  3.5123e-05]]],


        [[[-1.1451e-04,  5.9032e-06,  1.2308e-04,  2.5293e-05, -6.0923e-05],
          [ 1.0180e-04,  1.7211e-04, -1.3458e-04,  5.0864e-05,  1.8835e-04],
          [-1.2117e-04, -7.7387e-05, -7.4882e-05, -7.0413e-05, -5.0889e-07],
          [ 1.0354e-04,  3.5657e-05, -1.2432e-04, -1.9267e-05, -4.8580e-05],
          [ 6.0275e-05,  4.7222e-07,  1.5806e-04, -8.7454e-05, -2.3094e-04]]],


        [[[ 4.7608e-03,  1.5788e-01,  1.4905e-01, -4.2213e-04, -9.6432e-03],
          [ 2.5180e-02,  2.9384e-01,  1.7207e-01, -9.4740e-04, -2.0454e-01],
          [ 2.9545e-03,  3.5383e-01,  1.4386e-01, -1.3061e-02, -2.8053e-01],
          [ 7.2801e-02,  2.7603e-01,  4.7942e-02, -3.7787e-03, -1.4830e-01],
          [ 6.1132e-03,  1.0500e-01,  1.3647e-01, -2.8707e-03, -6.3670e-03]]],


        [[[-3.6097e-06, -5.4565e-05, -1.7830e-05,  2.0549e-04, -1.1069e-04],
          [ 1.2464e-04, -2.1116e-05, -5.8498e-05, -4.6558e-05,  8.0029e-05],
          [-6.5390e-05, -1.6453e-05,  6.8744e-05,  7.2963e-05,  8.6373e-05],
          [ 1.7449e-05, -1.0479e-04,  2.0775e-05,  8.4763e-06,  1.9901e-04],
          [-5.7037e-06,  1.8249e-04, -1.6708e-04, -1.6835e-04,  9.4376e-05]]],


        [[[-1.2324e-04, -6.3511e-05,  2.6234e-04, -1.5631e-05, -5.6110e-05],
          [ 3.8209e-05, -6.2498e-05, -9.3905e-05,  6.2038e-05, -3.4973e-06],
          [-1.0587e-04, -1.5383e-04, -1.2541e-04,  2.5439e-05,  1.1952e-05],
          [-1.1352e-04,  5.6096e-05,  1.1812e-04, -8.9255e-05, -4.7097e-05],
          [-1.1788e-04,  3.8185e-05,  6.1750e-05, -7.4117e-05,  1.9196e-05]]],


        [[[-5.0229e-05, -4.8380e-05, -1.8209e-04,  1.1563e-04, -2.8962e-05],
          [-1.2350e-04, -3.1626e-05, -4.7391e-05,  8.5637e-06, -1.1062e-04],
          [-7.8566e-05,  5.7307e-05, -1.5927e-05, -8.8040e-05,  1.2546e-04],
          [-1.2285e-04, -2.2166e-05,  1.5791e-04, -1.8071e-04,  2.9230e-05],
          [ 1.7403e-04, -1.1826e-04, -1.6512e-04,  1.5924e-04, -2.4451e-04]]],


        [[[-2.0084e-04,  7.2288e-05,  6.3640e-05, -7.3241e-05, -8.6427e-05],
          [ 4.2909e-05, -6.8872e-05,  2.4210e-05, -1.7935e-05,  2.4947e-05],
          [ 1.4049e-04, -4.9427e-05, -1.6464e-04, -1.7653e-04, -4.5962e-06],
          [-1.8103e-05, -1.1671e-05, -4.7703e-05, -1.9224e-05,  4.0840e-05],
          [ 1.4512e-04,  5.4428e-05, -1.7155e-04, -1.2405e-05, -2.0086e-05]]],


        [[[-1.0470e-04,  1.5789e-04, -1.8878e-05, -4.1965e-05,  5.1802e-06],
          [ 1.8818e-05, -4.8230e-05,  1.2486e-04, -9.4672e-05,  9.1250e-06],
          [-5.0715e-05, -2.3741e-04,  3.5985e-05,  2.4003e-06,  1.5631e-04],
          [-8.5264e-05,  2.8127e-05, -2.0562e-05,  9.5217e-05, -9.3560e-06],
          [-1.6538e-04,  1.0776e-04,  5.5528e-06, -1.0628e-04,  1.5362e-04]]],


        [[[-1.3333e-02, -1.7940e-03,  2.2879e-01,  2.9161e-01,  3.5022e-01],
          [ 1.8599e-01,  4.7947e-01,  4.8026e-01,  3.7091e-01,  1.9440e-01],
          [ 1.8056e-01,  2.5195e-01,  9.5629e-02,  3.7782e-04, -2.3961e-02],
          [-6.1684e-02, -2.1269e-01, -3.3200e-01, -4.3637e-01, -4.2529e-01],
          [-2.0415e-01, -5.2251e-01, -5.2610e-01, -2.6124e-01,  4.3300e-04]]],


        [[[-2.2250e-05, -1.8156e-05, -1.4162e-05, -5.8438e-05, -3.1561e-05],
          [-1.6535e-05, -2.1148e-04, -1.8142e-04, -8.3751e-05, -1.6058e-05],
          [-1.3774e-05, -5.9482e-07, -3.5666e-05, -1.2945e-04, -1.4123e-04],
          [ 2.5859e-05, -2.2196e-06,  2.5785e-05, -3.6203e-05, -5.5028e-05],
          [ 1.6764e-04, -2.5990e-05,  5.5171e-05,  1.2638e-04,  6.3607e-06]]],


        [[[-2.1423e-04,  8.2175e-05, -7.6427e-05,  2.1921e-04,  9.7093e-05],
          [ 1.1220e-04, -1.0253e-04, -4.7293e-05,  1.9494e-04,  6.6569e-05],
          [ 4.6810e-05,  7.5072e-05,  4.0055e-05, -5.6539e-04, -1.2208e-04],
          [-1.4206e-04, -5.5677e-05,  4.7757e-05,  3.4480e-05,  2.9415e-05],
          [ 3.5408e-04,  5.2533e-04,  1.0223e-04,  1.2136e-04,  6.6975e-05]]],


        [[[ 2.3985e-05, -1.0330e-04, -1.7417e-04, -8.0186e-05,  4.9103e-05],
          [-2.3413e-05, -3.8974e-05, -1.0812e-04, -1.5302e-04,  1.0476e-04],
          [-2.0593e-04, -8.0132e-05, -2.7647e-05,  2.8474e-05, -7.9299e-05],
          [ 3.8937e-05, -4.0515e-05,  5.2000e-06, -3.6423e-05,  1.9402e-04],
          [ 2.0277e-04, -1.9923e-04,  8.6527e-05,  1.9418e-04, -2.8954e-04]]],


        [[[-1.0244e-01, -2.6153e-01, -2.9957e-01,  1.3469e-03,  2.9214e-01],
          [-2.8402e-01, -1.7137e-01, -4.7119e-04,  3.6702e-01,  2.3741e-01],
          [-1.6876e-01, -4.0015e-05,  3.0972e-01,  3.2398e-01, -6.2325e-04],
          [ 3.5362e-04,  1.4830e-01,  2.7424e-01,  2.1386e-03, -1.7625e-01],
          [ 8.1025e-02,  1.9911e-01,  3.5545e-03,  9.8729e-04, -1.1380e-02]]],


        [[[ 1.4512e-04,  2.5237e-05, -2.1552e-04, -4.5993e-05, -7.8023e-05],
          [ 1.2011e-04, -8.1891e-05, -2.8164e-05, -1.2298e-04, -1.4439e-04],
          [-1.2146e-05, -1.0954e-04,  7.8834e-05,  1.4358e-04,  1.2817e-04],
          [-6.7381e-05,  1.3994e-04,  1.7210e-04, -7.8037e-05, -1.0709e-04],
          [ 9.1261e-06,  1.3709e-04, -8.7212e-06,  1.5563e-04,  1.7936e-04]]]],
       device='cuda:0', requires_grad=True)conv1.biasParameter containing:
tensor([-0.0405, -0.1272, -0.0694,  0.0192, -0.0228, -0.0014, -0.0017, -0.0089,
        -0.0738, -0.0010, -0.0137,  0.0025,  0.0318,  0.0361,  0.1137, -0.0020,
        -0.0321, -0.0040, -0.1755, -0.0078], device='cuda:0',
       requires_grad=True)conv2.weightParameter containing:
tensor([[[[-8.8500e-05, -9.1319e-05, -1.2003e-04, -1.2778e-04,  6.5195e-05],
          [-1.4067e-05,  2.4432e-04, -9.0299e-05, -1.6362e-04, -8.5499e-07],
          [ 2.2862e-04, -1.7828e-04, -4.0374e-05, -8.1157e-05,  1.8919e-04],
          [-4.3261e-06,  2.3962e-05,  1.2897e-04,  3.0586e-05,  3.0752e-05],
          [ 3.4048e-05,  4.2239e-05, -7.0091e-05,  1.4496e-05, -9.0730e-05]],

         [[-6.2399e-05,  1.1169e-05,  4.1532e-05, -3.0025e-06,  5.8033e-05],
          [ 1.6366e-04, -1.3156e-04,  5.1957e-05, -6.9276e-05,  2.5764e-05],
          [ 1.7557e-04, -5.6389e-05,  4.2173e-05, -3.1188e-05,  1.9241e-07],
          [ 6.2236e-05, -9.1186e-06, -1.4679e-04,  1.9234e-05,  7.8394e-05],
          [-9.0478e-05,  9.3204e-05, -7.4007e-05,  3.2585e-07,  4.2861e-05]],

         [[ 9.2899e-06,  1.1296e-04, -1.0257e-04, -1.4734e-04, -1.4246e-04],
          [-1.0720e-04, -1.3223e-04,  4.6441e-05,  1.7384e-04, -9.1392e-05],
          [-7.4994e-05, -4.9853e-05, -3.7126e-06, -6.4773e-05,  1.3727e-04],
          [ 4.1245e-05,  1.3314e-04,  8.7354e-05,  1.1579e-05, -3.3143e-05],
          [ 1.6697e-05,  3.7437e-05,  3.2074e-06, -1.2418e-05, -1.6356e-05]],

         ...,

         [[-2.7627e-06, -7.6965e-05,  8.2090e-05,  7.4388e-05, -5.5938e-05],
          [ 3.7307e-05, -2.8371e-05, -3.3720e-05,  1.4646e-04, -8.7732e-06],
          [ 2.8505e-04,  5.0732e-05, -6.9562e-05,  1.0173e-04,  1.1631e-05],
          [ 2.1682e-04,  1.2557e-04,  1.2429e-04,  2.1691e-04, -5.2254e-05],
          [ 7.2401e-05,  3.7175e-06,  3.9151e-06,  1.4490e-04,  5.5306e-05]],

         [[-2.5845e-04,  1.2936e-04,  1.4841e-05, -3.0535e-06, -5.9547e-05],
          [-4.8586e-05, -9.6298e-05, -1.7346e-04,  1.2308e-04,  1.5839e-05],
          [ 9.1043e-05, -9.4896e-06, -3.6650e-05,  4.6792e-05,  9.1794e-05],
          [ 9.8228e-05, -1.6563e-04, -2.4680e-05,  4.3637e-05, -7.1672e-07],
          [-4.2214e-06, -1.4865e-04, -1.7030e-05, -5.0257e-05, -2.2693e-05]],

         [[-2.8795e-05, -5.9635e-06,  6.5020e-06, -6.6102e-06, -2.4758e-05],
          [-6.4993e-05,  4.2289e-05, -6.8629e-06, -8.3037e-05,  5.8355e-05],
          [-2.5948e-04, -6.7093e-06,  1.0580e-04,  8.2333e-05,  1.3194e-04],
          [ 7.6922e-05, -3.7454e-06,  2.4702e-04,  4.1606e-05,  1.3470e-04],
          [ 7.6877e-05, -6.1389e-05,  1.7536e-04, -3.5905e-05,  3.7806e-05]]],


        [[[ 8.1900e-05,  3.0609e-05, -1.3889e-05,  5.9554e-05, -5.4035e-06],
          [-1.6269e-04, -1.6403e-04,  1.5054e-05,  3.1316e-05, -1.4476e-05],
          [ 1.6221e-04,  2.0862e-04, -1.8074e-04, -5.9229e-06, -7.5787e-05],
          [ 4.7609e-06, -3.5420e-05,  5.4170e-05,  3.6209e-05,  6.2258e-06],
          [-1.1154e-04,  1.1256e-04,  1.1672e-04,  1.5588e-04,  9.3044e-05]],

         [[ 2.7112e-06,  1.1619e-04,  5.6567e-05,  7.4176e-05, -7.5715e-05],
          [-2.0609e-05,  1.4183e-04, -3.5184e-06, -1.0116e-05, -2.0625e-05],
          [-7.5955e-06,  2.3933e-06, -5.4530e-05,  2.9478e-05, -3.0130e-06],
          [ 8.5391e-05, -1.0219e-04, -4.3176e-05, -7.5271e-05, -7.0737e-05],
          [ 2.6176e-04, -1.7881e-05, -1.3032e-05,  3.8511e-05, -5.6266e-05]],

         [[-8.9851e-05,  7.6203e-05, -3.5974e-05, -1.1537e-04, -1.1024e-04],
          [ 6.6945e-05,  3.3467e-05,  1.2847e-06, -1.6315e-04, -8.0869e-05],
          [ 5.3943e-06,  5.4280e-05, -1.5296e-04, -3.7188e-05, -6.7098e-06],
          [ 9.5398e-05,  1.2752e-04, -6.8618e-05,  2.3008e-05, -5.7056e-05],
          [ 5.8783e-05,  1.5410e-04, -3.2264e-05,  5.9856e-05, -1.5561e-05]],

         ...,

         [[ 2.7453e-05, -7.2539e-06, -8.6587e-05,  5.4738e-05, -5.2336e-05],
          [ 6.9015e-05,  2.2760e-05, -4.3876e-06,  1.1019e-04,  1.1022e-04],
          [ 4.3012e-05,  2.2048e-05, -7.1147e-05,  1.2870e-04,  1.5351e-04],
          [-5.1398e-05, -1.0976e-04, -7.6913e-05, -1.9257e-04,  6.7495e-05],
          [-4.4128e-05,  1.0769e-06, -3.3209e-05,  7.4154e-05, -6.3871e-05]],

         [[-5.4208e-05,  1.1906e-04,  1.4373e-06,  5.4297e-05, -7.2249e-05],
          [-4.8569e-05, -1.7995e-05,  6.1974e-05, -3.7438e-05,  9.5638e-05],
          [ 1.1446e-05, -6.4596e-06, -1.1917e-05,  1.7454e-04, -5.0177e-05],
          [ 9.4460e-05,  9.8191e-06,  7.4095e-05,  4.4060e-05, -4.9916e-05],
          [-7.2530e-05, -2.4392e-05,  1.5632e-05, -2.4190e-06, -7.4982e-05]],

         [[-7.0890e-05, -7.0392e-05,  8.6076e-05, -1.4336e-05,  7.3907e-05],
          [-1.0357e-04,  5.9933e-05,  9.0544e-05,  8.9625e-06,  1.3086e-05],
          [-1.2717e-04,  2.7025e-05,  1.1830e-04,  5.7736e-05,  8.1373e-06],
          [-1.6162e-05,  9.3466e-05,  1.0530e-04, -9.1318e-05, -5.7613e-05],
          [ 3.8462e-05,  3.2883e-06, -7.3172e-05, -1.9494e-05, -8.6911e-06]]],


        [[[-4.8511e-05, -8.4448e-05, -2.2421e-04, -8.4145e-05, -1.0890e-04],
          [-1.5759e-06,  1.9796e-05, -8.4821e-05, -2.5322e-05, -9.3954e-05],
          [-7.2474e-05,  1.0272e-04, -3.1626e-05, -1.1476e-04,  4.3359e-05],
          [ 1.0914e-04,  3.6922e-05,  8.1232e-05,  4.4042e-05,  1.7207e-04],
          [ 8.7871e-06,  2.2954e-04,  3.2429e-05,  7.3371e-05, -1.2910e-04]],

         [[ 5.3856e-04,  4.0089e-04,  3.2730e-02,  5.0876e-04,  2.3171e-04],
          [ 4.8046e-04,  3.7923e-04,  1.4610e-02,  4.7239e-04, -4.7782e-05],
          [ 4.9832e-04, -5.9958e-05,  1.0736e-03, -8.3229e-05,  1.9642e-04],
          [-1.3525e-04,  4.0850e-04,  7.6614e-04,  1.0176e-03,  6.1032e-04],
          [-3.5713e-05,  2.5797e-04,  3.6689e-04,  1.0638e-03, -1.8634e-04]],

         [[ 1.5838e-03,  2.5661e-03,  1.0818e-01,  1.8117e-01,  4.8439e-03],
          [ 2.0204e-03,  3.0466e-03,  3.2546e-01,  1.4556e-02,  9.1790e-04],
          [ 2.0431e-03, -5.0813e-04,  1.5048e-02,  1.1263e-03,  2.3125e-03],
          [-4.4883e-04, -2.7272e-03,  2.4607e-04,  7.3882e-04,  1.9549e-03],
          [-1.6396e-03, -2.5666e-03, -2.4132e-03,  5.0302e-04,  2.2729e-03]],

         ...,

         [[ 1.3120e-04,  2.6280e-05, -7.3512e-05, -5.2968e-05, -4.6942e-05],
          [ 4.1321e-05,  1.6029e-04, -4.3716e-05, -2.1750e-04,  7.3536e-05],
          [-9.9532e-05,  1.1267e-04, -1.2410e-04, -9.6557e-05,  1.1256e-04],
          [-4.6314e-05,  1.2393e-04, -2.5560e-05, -4.2640e-05,  2.1748e-04],
          [ 1.1989e-04,  1.1190e-04,  1.2849e-04,  1.2497e-04, -9.4659e-05]],

         [[ 3.3902e-03,  1.1204e-03,  9.5056e-03,  2.7115e-03,  2.0304e-03],
          [ 9.0382e-04,  9.5013e-02,  3.7179e-02,  2.4198e-03,  2.6271e-04],
          [ 8.4419e-03,  1.3900e-03,  3.0052e-04,  5.4511e-04,  6.7374e-03],
          [-3.9750e-03, -1.3919e-03, -6.9904e-04,  3.7633e-03,  5.7045e-03],
          [-1.2528e-02, -3.8765e-03,  1.8448e-04,  1.5849e-03,  1.6015e-03]],

         [[-4.9963e-05, -6.5735e-05, -4.9674e-05,  8.2084e-05, -3.9365e-05],
          [-2.5483e-05,  6.9920e-05, -3.2638e-05, -7.5447e-05, -3.3577e-05],
          [ 1.9306e-05, -4.5184e-05, -6.1453e-05,  4.7721e-06,  3.8620e-05],
          [ 3.9615e-05, -3.0997e-05,  4.3959e-06,  4.2888e-05,  5.9917e-05],
          [-2.5388e-05,  4.4744e-06, -1.5741e-04,  8.2700e-05, -6.5960e-05]]],


        ...,


        [[[ 2.0034e-05, -2.4766e-05, -6.5878e-05,  4.0102e-05,  1.0798e-04],
          [ 6.7676e-05, -1.2681e-04,  8.4943e-05, -1.0542e-04, -9.3132e-05],
          [-2.6240e-05,  1.0938e-04,  1.0540e-04,  2.8121e-05,  3.7858e-05],
          [-3.6868e-05, -1.1873e-04,  2.8892e-05,  4.5380e-05, -2.0038e-04],
          [-1.3370e-05,  4.2168e-05,  3.0095e-05, -2.2390e-05,  4.9351e-05]],

         [[-2.4897e-05, -1.1056e-04, -1.5819e-05,  1.1640e-05,  9.8458e-05],
          [-6.1589e-05,  3.0295e-05, -1.2444e-04, -1.7835e-05,  1.3155e-04],
          [-1.0831e-07, -1.0281e-04, -3.9805e-05, -1.2659e-04,  1.6474e-05],
          [-1.9359e-04,  6.0553e-05,  8.7363e-05, -1.7472e-05,  4.6815e-05],
          [ 3.1185e-05, -6.6197e-05,  5.3953e-05, -3.1596e-05, -7.1724e-05]],

         [[-1.3420e-04,  3.3543e-05, -7.1318e-06, -1.7961e-04,  6.7058e-05],
          [-1.5774e-04,  6.8806e-05,  2.2963e-05, -9.3693e-05,  2.9107e-05],
          [-2.9552e-06,  1.9084e-06,  6.0187e-05, -1.7004e-04, -2.6350e-05],
          [ 5.5797e-05,  4.1437e-05,  1.0540e-04,  2.8395e-05, -1.1420e-04],
          [ 1.2943e-04, -2.1773e-05,  1.0726e-04,  7.1737e-05,  5.6076e-07]],

         ...,

         [[-3.3728e-05,  1.4952e-04, -9.4557e-05,  1.0451e-04,  2.2167e-04],
          [ 4.3626e-05, -4.0319e-05,  6.7842e-05, -2.3203e-06, -1.5909e-07],
          [ 4.9024e-05,  6.5785e-05,  5.3196e-07,  2.2287e-05,  3.3709e-05],
          [-4.8858e-05,  8.4173e-05,  8.6907e-05, -4.8490e-05, -2.4633e-05],
          [-2.2082e-05, -8.6763e-05, -3.3526e-05,  1.0230e-04,  2.1962e-04]],

         [[ 1.1540e-05,  3.6838e-05,  4.0620e-05,  6.1753e-07, -4.2860e-05],
          [ 1.1078e-05,  1.6391e-04,  9.6637e-05, -3.2285e-05,  1.0628e-04],
          [ 1.5777e-04, -5.1648e-05,  3.0651e-05, -5.8548e-05, -1.1732e-04],
          [-1.2951e-06,  1.4064e-04, -5.7296e-05,  1.2726e-04,  7.4960e-05],
          [ 1.1085e-04,  4.8598e-05,  1.1092e-05,  3.3052e-06,  1.2466e-04]],

         [[ 6.1407e-05,  1.1454e-04,  4.9388e-05,  1.1679e-04, -4.3148e-05],
          [-1.3972e-05,  1.1008e-04, -2.0093e-04, -4.0771e-05,  1.7312e-04],
          [-5.2243e-05, -9.8256e-05,  3.3057e-05, -8.6414e-05,  2.4602e-05],
          [ 4.1920e-05,  8.6413e-05, -4.0812e-05, -1.9706e-05,  3.8806e-05],
          [-7.1126e-07,  1.7122e-05, -4.5765e-05,  4.0630e-05, -3.6879e-05]]],


        [[[ 1.1584e-05,  7.4002e-05,  5.3670e-05,  1.8508e-04, -8.6436e-05],
          [ 1.0327e-06, -1.2984e-05,  7.6912e-05,  6.0232e-06,  1.2878e-04],
          [-7.2038e-05,  1.6234e-05, -3.9568e-05, -7.2165e-05, -1.0580e-04],
          [-3.2313e-05, -1.1536e-05, -2.8350e-05,  1.6901e-04,  1.1614e-05],
          [-1.2153e-04,  3.9302e-05,  4.5554e-06,  5.5624e-05,  1.4841e-04]],

         [[ 2.4637e-05,  1.1587e-05,  5.4932e-05,  4.3498e-05, -6.1752e-05],
          [-2.5140e-04, -1.2651e-05,  1.0099e-04, -1.6926e-04,  1.9786e-05],
          [ 2.9110e-04,  6.7726e-06, -9.9100e-05,  2.3158e-05,  3.7045e-05],
          [-2.6723e-05, -3.9094e-05, -2.1315e-04,  3.4430e-06,  1.7151e-05],
          [ 1.1068e-04, -3.1129e-05,  3.1228e-05, -3.2783e-05, -8.7701e-05]],

         [[-6.3847e-05, -4.7950e-05, -1.6558e-04,  3.6220e-05, -3.2957e-05],
          [-1.7027e-04, -2.1939e-05,  1.6269e-04, -9.0006e-05,  1.1768e-04],
          [-1.6848e-05,  1.4106e-04, -1.1241e-04, -3.3823e-05,  3.0737e-05],
          [ 7.6745e-05, -1.4391e-04,  3.9389e-05, -6.7425e-05, -4.8301e-05],
          [-9.4869e-06, -4.0629e-05, -6.6284e-05,  7.8228e-05, -1.2612e-05]],

         ...,

         [[ 5.9984e-05, -6.1075e-05,  4.4031e-05, -2.4429e-05, -5.7016e-05],
          [-3.9002e-06, -9.5936e-05, -6.0779e-05, -9.0645e-06,  9.9669e-07],
          [ 5.6359e-05,  3.0182e-05,  3.8030e-06,  4.7480e-05, -2.0114e-04],
          [-3.4517e-05, -1.7657e-05,  9.7827e-06, -6.6706e-05, -1.0634e-04],
          [-1.6095e-05,  7.1447e-05, -3.7476e-06, -1.1257e-04, -6.1459e-07]],

         [[ 1.2839e-04,  5.1979e-05, -1.8225e-05,  8.6199e-05,  3.6537e-06],
          [-3.5319e-05, -9.3123e-06, -3.6161e-05, -9.1513e-06,  9.2905e-06],
          [ 1.2587e-05, -8.3166e-05, -2.2405e-05, -6.6631e-06,  7.5691e-05],
          [-1.1931e-04, -1.6286e-04, -3.5392e-05, -7.0444e-05, -7.7316e-05],
          [ 6.1751e-05,  1.1787e-04,  9.3866e-05, -6.6346e-05, -5.6083e-05]],

         [[-3.9894e-05,  3.8919e-05, -8.4872e-05, -7.8127e-05,  2.4618e-05],
          [ 8.4884e-05, -5.1141e-05, -2.0922e-04, -1.3798e-04,  1.8519e-05],
          [ 5.1270e-05,  2.6569e-04, -6.6408e-05,  1.0461e-04, -2.5141e-06],
          [ 3.1694e-06,  2.1490e-05,  2.1310e-04, -1.0740e-05,  4.5686e-06],
          [-5.0716e-05,  1.2562e-04, -5.1838e-05, -1.2560e-04, -6.1441e-05]]],


        [[[ 1.9460e-04, -6.1298e-05, -9.7853e-05,  1.5974e-05, -5.8235e-05],
          [ 8.7639e-05,  1.0621e-04,  1.9985e-05, -3.0301e-05, -5.7619e-05],
          [-4.1763e-05,  6.1277e-05,  7.5023e-05,  7.4206e-05,  3.7249e-05],
          [-1.7399e-05,  1.8111e-04,  4.7870e-05, -1.0692e-04, -3.9941e-06],
          [ 2.7085e-05,  6.0239e-05,  6.7367e-05,  1.1236e-04,  1.0597e-05]],

         [[ 5.3354e-04, -2.2260e-05,  2.1203e-04, -9.1596e-05,  6.0049e-04],
          [ 1.0579e-03,  4.4208e-04,  3.8834e-04, -8.0658e-06,  3.0125e-04],
          [ 8.2709e-04,  4.6380e-04,  1.9207e-04,  1.0522e-04, -7.3410e-05],
          [ 7.3511e-04,  2.9845e-04, -5.9852e-05, -1.3318e-04, -1.0692e-04],
          [ 1.2162e-04,  2.3968e-04,  7.6398e-04,  6.8438e-04,  2.8811e-04]],

         [[ 4.4777e-04, -1.2282e-03,  3.3920e-04,  2.5919e-03,  2.3711e-03],
          [ 1.1468e-04,  5.3265e-04,  1.3303e-02,  2.9924e-03,  1.0263e-03],
          [ 6.7129e-04,  2.4362e-02,  1.4324e-01,  2.0120e-03,  1.1588e-03],
          [ 2.1015e-04,  1.5149e-01,  3.7614e-03,  4.6168e-04, -2.7251e-05],
          [ 1.2208e-03,  2.2820e-03,  1.9280e-03,  5.5612e-04, -6.0608e-04]],

         ...,

         [[-2.0271e-05, -6.9900e-05, -1.9306e-05,  9.6429e-07, -2.1958e-04],
          [-1.1158e-06, -1.7860e-04,  1.8942e-05,  3.5007e-07,  8.3057e-06],
          [-1.1998e-04,  4.9197e-06, -1.4125e-05,  1.5423e-04,  5.5173e-06],
          [-3.8221e-05, -2.5086e-04, -5.6419e-05,  1.0424e-04, -1.2056e-04],
          [ 9.7154e-05, -1.1609e-04,  1.1207e-04, -1.9738e-05, -1.1115e-05]],

         [[-8.1255e-04,  6.5480e-04,  3.2228e-03,  2.0960e-03,  7.0740e-04],
          [ 3.0523e-04,  2.0902e-03,  3.1994e-03,  1.4853e-04, -3.5368e-05],
          [ 1.8903e-03,  2.1426e-01,  1.2562e-04, -2.3055e-03, -5.8214e-04],
          [ 2.6955e-01,  1.6656e-01,  3.2231e-06, -8.4817e-05, -1.5778e-03],
          [ 9.8395e-02,  3.1506e-04, -1.9440e-03, -1.0845e-03, -9.4659e-04]],

         [[ 1.6271e-04,  1.0367e-04, -1.1736e-04, -3.7453e-05, -4.5518e-05],
          [ 7.9448e-05,  7.2151e-05, -2.3702e-05, -1.4854e-04,  3.3730e-05],
          [-1.7401e-04,  1.0245e-04, -4.6852e-07,  1.5190e-04,  1.5360e-04],
          [-9.6794e-05, -5.8102e-05, -7.9395e-05,  3.3974e-05, -7.2173e-05],
          [-4.3693e-05, -1.1336e-04, -1.1168e-04, -1.1172e-04, -8.3647e-06]]]],
       device='cuda:0', requires_grad=True)conv2.biasParameter containing:
tensor([-0.0028, -0.0055,  0.0004, -0.0025, -0.0062, -0.0038, -0.0057, -0.0023,
        -0.0017, -0.0076, -0.0120, -0.0021, -0.0048, -0.0027,  0.0110, -0.0562,
        -0.0415, -0.0029, -0.0054, -0.0025, -0.1200, -0.1601, -0.0094, -0.0168,
        -0.1407, -0.0052, -0.0030, -0.0040, -0.0238, -0.0026, -0.0020, -0.0260,
        -0.0141, -0.0027, -0.0031, -0.0107, -0.0027, -0.1010, -0.0024, -0.1105,
        -0.0029, -0.0020, -0.0039, -0.0037, -0.0438, -0.0030, -0.0019,  0.0122,
        -0.0056, -0.1056], device='cuda:0', requires_grad=True)fc1.weightParameter containing:
tensor([[-1.1153e-08, -8.7911e-05,  3.1065e-07,  ..., -1.3593e-02,
          8.3114e-02, -6.6752e-04],
        [ 1.7777e-09,  5.6899e-07, -9.8450e-07,  ...,  1.7859e-02,
          1.8205e-02, -9.7417e-03],
        [ 3.4103e-41, -9.2934e-42,  4.4432e-41,  ..., -8.4877e-42,
         -5.7061e-42, -2.2688e-41],
        ...,
        [ 6.2178e-12,  8.8570e-08,  4.6066e-07,  ..., -1.7139e-03,
         -1.2662e-02, -3.0677e-02],
        [-1.2426e-21,  4.5668e-13,  8.1310e-09,  ..., -2.9363e-04,
         -3.3101e-04, -3.6249e-04],
        [ 2.5623e-09,  2.9150e-07,  8.4156e-06,  ...,  8.5661e-03,
          8.3117e-03,  1.5930e-02]], device='cuda:0', requires_grad=True)fc1.biasParameter containing:
tensor([-1.4494e-02,  1.5308e-03,  1.1352e-41, -1.0872e-02,  1.7342e-02,
        -4.6362e-03, -3.3489e-12, -2.1419e-10, -3.2527e-03,  2.1529e-34,
         7.5104e-03,  7.0934e-03,  3.0674e-04, -1.4312e-10,  4.2889e-02,
         4.5278e-03, -3.2180e-03,  9.8862e-04,  3.6632e-03,  1.7286e-02,
         1.8711e-33,  1.5783e-35,  1.3348e-02, -5.1458e-04,  1.4108e-03,
         1.7548e-02, -6.8441e-13,  1.7583e-02, -7.3703e-04, -8.6310e-03,
        -2.4961e-02,  4.1788e-41,  9.9339e-03, -1.1398e-41,  1.7816e-02,
        -2.4895e-09, -1.2201e-41,  1.3760e-02,  1.5729e-02,  2.3916e-02,
         1.1622e-02, -5.8018e-03, -7.8094e-04, -3.7765e-42,  1.1653e-03,
        -5.0314e-03,  5.4570e-03, -8.5862e-04, -1.7481e-05,  3.5233e-37,
        -6.6857e-03,  5.2618e-03, -1.2617e-41, -2.9389e-03,  2.8688e-03,
         4.5741e-02, -8.6538e-03,  2.4445e-02,  2.7910e-36,  2.3925e-03,
        -1.3791e-03,  6.3171e-42, -4.7504e-05,  8.5794e-03,  2.0619e-02,
        -1.2712e-02,  6.1377e-42, -1.3628e-03,  3.1744e-02,  1.8601e-02,
        -5.3530e-42,  1.3787e-02,  6.6393e-03, -1.6889e-02, -8.4638e-03,
         1.1925e-02,  4.1860e-03, -1.0623e-13,  2.8733e-02, -2.5980e-10,
        -6.5125e-26,  1.4875e-10,  4.2135e-03,  2.9244e-03, -1.3889e-02,
        -3.6797e-14,  1.9447e-02, -4.2174e-03,  9.2112e-03, -3.5735e-06,
         5.9440e-02,  1.6662e-02, -6.5276e-19,  1.4013e-02, -6.1147e-03,
        -1.6325e-03,  2.2934e-30, -1.6901e-04, -5.9398e-31, -7.4785e-03,
        -2.4434e-02, -2.9585e-03, -2.1321e-03, -4.8051e-42,  5.1460e-04,
        -2.5859e-07, -9.3606e-15, -4.8982e-29, -1.2431e-02,  4.0798e-03,
        -1.1495e-02, -1.7655e-02,  2.6789e-02, -5.1420e-15, -3.0480e-02,
        -1.0354e-41,  1.4614e-02, -3.2887e-03, -1.9423e-02, -1.4909e-02,
        -1.8369e-11,  1.2217e-02, -1.0351e-07, -9.0733e-07,  1.8070e-02,
        -1.2341e-22,  7.2751e-04,  3.5449e-04,  1.5177e-02, -9.8371e-43,
         1.7915e-11, -5.3282e-17,  3.9410e-29, -5.1497e-03,  1.0722e-03,
         3.6562e-02,  1.2737e-02, -1.7864e-20,  1.5112e-02,  2.0454e-02,
         3.8453e-02, -9.7950e-19,  6.8028e-03, -2.6170e-05,  3.0035e-02,
         3.9626e-02, -3.6065e-03, -2.0457e-03,  3.3521e-02,  1.1310e-02,
        -1.2853e-17, -3.1724e-37,  1.2276e-03,  4.1019e-22, -1.0043e-04,
         1.7895e-02, -7.8244e-09, -5.7561e-17, -7.7565e-15,  1.6072e-36,
        -5.9652e-24, -1.2396e-05, -6.0742e-14,  2.7965e-02,  3.1738e-02,
        -2.2576e-03, -1.0977e-16,  3.4261e-02, -2.9940e-22,  2.7619e-19,
         1.8961e-02, -6.3394e-03, -1.4860e-17,  2.1831e-03,  1.8289e-02,
        -3.2572e-03, -4.5121e-03, -2.7861e-09,  1.4986e-02, -5.5130e-03,
        -3.7719e-03, -1.3940e-25,  1.0866e-02,  7.5198e-03, -3.8872e-04,
        -8.0154e-43, -4.7567e-03,  1.1251e-02, -1.1369e-10,  1.3991e-02,
        -1.2796e-03, -2.0581e-02,  8.4667e-03, -2.2324e-03, -4.9526e-03,
         2.3830e-02, -1.1025e-41, -4.6144e-13,  6.7931e-03, -5.7211e-10,
         1.1394e-02, -2.0047e-04,  4.3148e-04,  1.6033e-02,  1.8585e-02,
        -1.7014e-04,  1.6545e-02, -1.8443e-09,  1.0397e-02, -7.4498e-10,
         9.5989e-43, -1.5123e-12, -7.0778e-04, -1.2442e-02,  1.6929e-02,
         4.9574e-02,  3.7798e-03, -1.1524e-02, -1.3214e-03, -1.5473e-12,
        -2.7756e-02, -6.8018e-08, -1.9972e-05, -5.8963e-03,  2.0575e-02,
        -1.0650e-05, -1.8992e-21, -6.4251e-04, -5.4326e-16,  1.1041e-27,
         2.2306e-02, -1.0532e-41, -2.9869e-22, -2.6973e-22, -1.0449e-28,
        -5.7257e-03,  2.4884e-02, -3.2042e-07,  1.7938e-02, -8.5953e-03,
        -3.3729e-13,  5.3533e-03, -2.2813e-03,  1.0721e-02,  1.3871e-02,
         1.4820e-03, -4.6190e-03,  8.6132e-04, -6.9395e-03, -4.4358e-03,
        -6.9086e-03, -9.5961e-42,  1.4163e-03,  2.3221e-03,  1.5182e-02,
        -2.0594e-02, -2.8744e-21,  3.4467e-34,  6.6291e-03, -4.8540e-03,
        -6.9140e-42, -6.4258e-12,  6.1603e-03,  4.3121e-03,  5.8400e-04,
        -1.2381e-09,  1.8115e-02, -1.9411e-07, -2.2575e-42, -7.0945e-10,
        -2.5361e-03, -2.5052e-06, -6.2093e-03, -1.2206e-02,  2.4945e-02,
         4.5711e-03, -6.1794e-04,  1.4946e-19, -1.0219e-02, -1.8794e-02,
        -8.9461e-17,  2.1607e-02,  3.0390e-03, -1.0037e-02, -2.8634e-09,
         1.8041e-28,  6.9701e-42,  4.4948e-03,  1.0526e-02,  1.1538e-02,
        -8.3742e-03, -1.0302e-41, -5.8851e-04, -6.8150e-22, -2.2658e-13,
         2.9212e-02,  5.0854e-03, -1.3482e-03,  1.7605e-02, -6.2558e-13,
        -2.0946e-03, -4.7304e-04, -1.7717e-02, -7.6258e-05,  3.5702e-35,
        -1.8967e-04,  4.5670e-03, -5.2340e-19,  6.9233e-03, -3.1435e-19,
        -3.6741e-03, -7.7780e-03,  1.0904e-02, -8.8464e-41, -6.0627e-03,
         1.5641e-02,  4.0812e-27,  5.0323e-03, -8.2176e-04,  8.8524e-03,
         3.5417e-02, -4.7083e-03, -5.5410e-06, -1.4095e-02,  2.5673e-02,
         5.4701e-35,  5.9779e-03,  3.9424e-03, -3.0671e-03,  3.8392e-02,
         1.3010e-41,  7.4745e-42,  1.9100e-42,  3.5330e-03,  4.8083e-02,
        -7.0603e-04, -1.7090e-32,  6.0041e-03, -8.8702e-43,  1.5670e-02,
         4.1763e-02, -3.3839e-07,  9.9385e-03, -3.3718e-05, -5.0559e-42,
        -2.1972e-03,  3.0714e-02, -1.3282e-20,  4.2296e-03,  8.0944e-03,
        -1.2705e-02, -1.1143e-41, -1.2593e-36,  5.6400e-03, -7.3975e-42,
         1.4816e-02,  4.4045e-04,  1.4884e-02, -1.9298e-13,  1.3244e-02,
        -1.3394e-03,  1.2312e-02, -1.2893e-41, -1.4009e-02, -1.1900e-09,
        -1.0747e-19, -1.0572e-32, -8.2892e-15,  1.9519e-02, -2.8475e-08,
         3.3278e-02,  2.8556e-02, -1.2873e-02, -2.3444e-42, -2.5020e-03,
        -1.7691e-02, -1.8782e-04, -4.3441e-02, -1.6248e-05,  1.2007e-03,
        -7.3822e-25,  9.8361e-41, -1.5193e-02, -3.0353e-03, -1.5518e-02,
        -5.1034e-05, -1.2194e-41,  2.8333e-02,  1.4802e-02,  1.1334e-02,
        -8.7044e-04,  3.0696e-03,  8.8304e-03,  1.9500e-03, -6.6627e-08,
         2.1934e-03,  2.0879e-02, -8.1362e-03, -9.8071e-03,  3.2401e-02,
        -4.1389e-04,  7.2940e-03,  2.6693e-02,  4.0922e-02, -2.2262e-39,
        -2.9799e-04,  1.0393e-03, -3.2048e-03,  1.5696e-03,  1.0248e-38,
         7.1060e-42, -8.7312e-06,  4.2792e-03, -7.0713e-03,  8.5927e-03,
         1.4520e-02,  6.3352e-03, -2.1478e-09, -3.3030e-11,  1.7421e-02,
         2.2647e-02,  2.2867e-02, -7.3757e-04,  1.5558e-02, -6.0533e-03,
         1.6650e-02, -1.3146e-03, -5.4015e-03, -6.6573e-03, -1.1817e-02,
        -8.3209e-42, -2.1487e-04, -1.0790e-04,  1.2215e-03, -1.0315e-02,
        -8.2045e-20, -3.0952e-18, -1.7447e-08,  1.9621e-02, -7.6859e-03,
         4.5160e-03,  5.1638e-42,  4.7552e-02, -7.3890e-03,  1.0294e-03,
         8.5759e-43,  1.1161e-02, -1.6553e-34,  5.1480e-04, -2.7223e-30,
        -7.5291e-03,  1.6286e-02, -3.4386e-09, -2.0925e-02,  3.6393e-03,
         1.6749e-02,  2.8910e-02, -2.5765e-19,  1.0276e-41,  3.0715e-02,
         2.8107e-03, -5.1005e-03,  8.8735e-04, -8.1165e-03,  1.5271e-41,
        -5.7121e-13,  2.4072e-04, -1.7113e-10,  7.1853e-03, -8.8365e-23,
         1.5022e-02, -1.3497e-02, -3.0616e-21, -1.5596e-02,  3.0791e-03,
        -5.8010e-04,  1.0132e-02,  4.3360e-02,  7.6129e-03, -5.5001e-32,
        -1.4904e-29, -6.4382e-31, -1.0543e-06, -2.5561e-03,  1.2418e-02,
        -1.5344e-04, -1.9882e-04, -1.0522e-05, -1.1852e-41,  1.1277e-20,
        -6.0326e-04,  6.9090e-06,  4.1152e-03, -2.0627e-42, -2.1523e-28,
        -1.8770e-23, -5.7993e-04,  9.6760e-04, -1.3586e-03, -7.1123e-03],
       device='cuda:0', requires_grad=True)fc2.weightParameter containing:
tensor([[-4.3102e-02,  8.2422e-02,  3.9435e-07,  ...,  5.2550e-02,
          1.7024e-02, -2.4157e-02],
        [ 3.7978e-02, -1.6309e-01,  2.3918e-08,  ..., -1.6847e-01,
          1.0961e-02, -1.6392e-02],
        [ 5.4648e-02, -6.0033e-02, -2.2406e-06,  ...,  2.0162e-03,
         -1.5466e-02, -2.8707e-02],
        ...,
        [-2.6073e-02, -6.7803e-02,  1.9612e-06,  ..., -6.5558e-03,
          1.7471e-04,  7.8162e-02],
        [-3.7681e-01, -4.9896e-02, -9.5421e-07,  ..., -9.6223e-02,
          1.0030e-02,  6.4316e-02],
        [ 1.2567e-01,  1.4304e-01,  1.9698e-06,  ..., -1.4325e-01,
          7.2037e-03,  6.3683e-02]], device='cuda:0', requires_grad=True)fc2.biasParameter containing:
tensor([-0.0196, -0.0282, -0.0242, -0.0504, -0.0217,  0.0212, -0.0217, -0.0383,
         0.1390, -0.0189], device='cuda:0', requires_grad=True)