conv1.weightParameter containing:
tensor([[[[ 1.1260e-08, -7.4747e-06, -6.7556e-07, -1.8815e-05, -2.0187e-05],
          [ 7.5920e-07, -3.8726e-08,  9.8789e-08,  3.8406e-06,  7.2575e-06],
          [-2.8409e-07,  1.6790e-04,  1.2388e-07, -5.7919e-05, -3.2277e-07],
          [-7.4801e-06,  2.4591e-05, -7.4715e-07,  8.5818e-05,  2.4875e-05],
          [-4.0472e-05, -2.2235e-11, -1.0242e-06,  1.4748e-07, -5.1825e-06]]],


        [[[ 1.8764e-06,  7.9990e-06, -2.2948e-05,  1.7218e-05, -5.8923e-08],
          [-1.0694e-07, -6.1377e-05, -2.5285e-05, -6.7511e-05, -1.0454e-05],
          [-4.9710e-06,  6.0809e-08, -5.4507e-09,  2.6096e-05, -6.3429e-05],
          [ 1.9039e-06, -9.1636e-07, -7.3011e-06, -2.9104e-07, -4.2811e-05],
          [-2.3859e-05, -4.9195e-06,  1.5114e-07,  6.6301e-05,  1.8549e-05]]],


        [[[-5.7480e-03,  1.5124e-01,  2.0907e-01,  9.7736e-02, -4.9039e-02],
          [ 1.0565e-01,  2.7438e-01,  2.0322e-01, -3.9703e-02, -1.9372e-01],
          [ 2.5883e-01,  3.2166e-01,  7.2676e-02, -1.8995e-01, -2.2371e-01],
          [ 3.1121e-01,  2.2638e-01, -9.4250e-02, -2.2847e-01, -1.8522e-01],
          [ 2.9239e-01,  1.4270e-01, -1.3088e-01, -1.6946e-01, -1.4722e-01]]],


        [[[ 7.6105e-02, -2.0530e-02, -2.0270e-01, -2.7270e-01, -2.0211e-01],
          [ 1.6141e-01,  1.1520e-01, -1.5476e-01, -2.1770e-01, -4.5889e-02],
          [ 2.5434e-01,  4.2628e-01,  2.7971e-01,  1.4452e-01,  1.5307e-01],
          [ 1.3611e-01,  5.3235e-01,  6.0768e-01,  3.4527e-01,  1.3930e-01],
          [-6.2880e-02,  2.2823e-01,  3.5872e-01,  2.2554e-01,  4.7060e-02]]],


        [[[ 1.0981e-06, -7.0986e-06,  3.9308e-06,  2.6870e-06, -1.4606e-06],
          [-9.2009e-05, -6.8659e-06, -1.7474e-07, -4.8312e-05, -2.4006e-05],
          [-7.4627e-06,  9.8323e-05, -2.3580e-05,  4.7006e-06, -9.1955e-05],
          [ 3.3739e-06,  8.9936e-05,  2.0653e-07,  3.1935e-06,  1.1733e-06],
          [ 5.4164e-08, -8.9707e-05, -2.4001e-09,  1.7087e-05, -3.8218e-07]]],


        [[[-7.0499e-06,  2.7257e-06, -3.1804e-05,  3.9753e-05,  1.2265e-05],
          [ 6.0973e-05,  2.0060e-05, -7.2646e-07,  6.3225e-06, -9.9531e-08],
          [-2.8627e-06, -3.0111e-05, -3.5189e-07,  5.1727e-05, -1.4842e-04],
          [-2.8134e-05, -1.5698e-04,  1.5494e-04, -1.6008e-07, -1.2271e-05],
          [-3.7992e-07, -2.3828e-06,  1.2033e-04,  1.0871e-05, -3.0638e-05]]],


        [[[ 6.2534e-05, -4.9250e-06,  1.8001e-06, -1.3783e-05, -4.4923e-06],
          [ 1.0269e-07,  1.8936e-07,  1.5672e-05,  2.7827e-07,  2.6161e-05],
          [ 6.3492e-06,  1.5867e-06, -2.7582e-06,  1.9006e-05,  1.8061e-06],
          [ 1.6055e-05,  5.5075e-06,  5.1033e-05, -2.0613e-06,  9.3104e-06],
          [-7.9646e-05,  1.2829e-06, -5.2913e-05,  9.8832e-06, -6.6205e-05]]],


        [[[ 9.4024e-07, -3.6459e-06, -1.0123e-05,  1.5662e-06, -2.7269e-11],
          [-6.0701e-09,  3.5941e-05,  2.8864e-07, -4.3795e-05,  1.3638e-04],
          [-3.3517e-05, -2.7805e-08, -2.0900e-06,  1.9835e-05, -2.1458e-08],
          [-2.5332e-08, -6.4883e-08,  3.7251e-05, -2.0390e-07, -5.2324e-07],
          [ 2.1980e-07,  4.5442e-07,  1.5482e-05, -3.5407e-05,  8.3482e-05]]],


        [[[ 2.1563e-02,  1.2738e-01,  1.2094e-01, -8.4041e-03, -1.0075e-01],
          [ 9.0723e-02,  2.0484e-01,  9.1570e-02, -8.8386e-02, -1.4079e-01],
          [ 1.2699e-01,  2.1970e-01,  4.8598e-02, -1.1579e-01, -1.3937e-01],
          [ 1.1430e-01,  1.9236e-01,  7.8849e-02, -6.3391e-02, -8.6647e-02],
          [ 4.9478e-02,  1.2409e-01,  1.0624e-01,  2.3510e-02, -3.6420e-02]]],


        [[[-4.3046e-07,  8.7733e-06,  1.5188e-06,  1.5571e-04, -4.7256e-07],
          [ 1.1595e-04, -8.0988e-05, -6.8082e-06,  2.3727e-06, -9.4379e-06],
          [ 8.0297e-07,  8.1031e-09,  1.1518e-06, -2.9563e-05,  8.2862e-06],
          [ 7.8668e-06, -4.9590e-06, -1.3842e-07, -3.9124e-07, -5.2726e-07],
          [-2.2870e-05, -3.2695e-06, -2.8331e-07, -2.5022e-07, -8.2568e-06]]],


        [[[ 1.5161e-11, -2.7452e-05, -4.1639e-07, -1.6387e-05,  7.3147e-08],
          [ 2.1221e-08, -2.9919e-06,  9.8952e-07,  3.9278e-05, -2.8121e-10],
          [ 1.0484e-05,  8.2269e-08, -9.9316e-07, -2.2578e-05, -1.4049e-05],
          [-2.1075e-06,  3.9776e-06, -1.7884e-05, -4.3104e-06,  1.6726e-13],
          [-8.9318e-07,  7.5125e-05,  8.1530e-09,  1.1271e-04, -1.8379e-05]]],


        [[[ 3.8485e-05,  4.1891e-06,  1.7286e-05,  4.3697e-05,  1.7871e-06],
          [-7.9791e-05, -1.6818e-05, -1.5239e-06,  8.2447e-06,  1.3132e-06],
          [-9.1374e-06, -2.5538e-06, -1.6014e-06,  7.2691e-07, -2.7586e-07],
          [ 5.5754e-05,  2.9079e-07, -2.7540e-05,  1.3285e-05,  1.5598e-06],
          [-5.4611e-07, -1.1845e-04, -1.1148e-04, -3.2663e-07, -6.3123e-06]]],


        [[[-3.4730e-04,  3.4196e-05,  2.2555e-07, -1.3490e-04,  3.7688e-05],
          [-2.7023e-06, -5.2377e-08,  7.6679e-05, -1.5695e-04,  1.5824e-06],
          [-2.5853e-05, -3.3878e-05,  1.8990e-06,  7.3582e-06, -9.7732e-05],
          [-2.6775e-06, -3.8576e-05,  4.1775e-05, -1.2069e-05, -8.2437e-07],
          [ 7.4374e-06,  4.0190e-06, -3.9482e-05, -1.5770e-06, -9.9566e-08]]],


        [[[-2.2100e-05,  2.7083e-07, -6.8585e-07, -3.1801e-06,  3.2761e-06],
          [ 4.5834e-06, -7.0956e-06, -4.3027e-09,  2.7096e-06, -6.6818e-07],
          [-6.5280e-05,  2.5937e-06, -1.7935e-07,  3.8602e-07, -9.7597e-08],
          [ 1.6849e-04, -1.9440e-05,  1.4464e-05, -6.7463e-05,  1.4446e-05],
          [ 4.1767e-07, -2.6187e-05, -1.7397e-04,  1.8600e-05,  1.4071e-06]]],


        [[[-4.9192e-02,  1.2483e-01,  2.8640e-01,  3.1185e-01,  2.9756e-01],
          [ 2.6686e-01,  4.4785e-01,  4.3472e-01,  3.6833e-01,  2.7221e-01],
          [ 2.0993e-01,  2.0759e-01,  6.8414e-02,  1.1077e-02,  5.2824e-02],
          [-9.0991e-02, -2.8525e-01, -3.7658e-01, -3.3702e-01, -1.8813e-01],
          [-2.8569e-01, -4.3905e-01, -3.6873e-01, -2.0610e-01, -7.3451e-02]]],


        [[[-6.9732e-07, -7.7370e-05, -1.3144e-05, -1.1061e-04,  2.5627e-07],
          [ 3.7709e-07, -1.5223e-07,  9.9723e-08,  2.9354e-08,  2.3905e-05],
          [-2.3559e-06, -7.6373e-09,  1.1528e-04,  4.9674e-06, -3.0696e-05],
          [ 1.3582e-06,  1.0761e-05,  3.9975e-05,  1.0143e-06, -2.1948e-04],
          [-4.6267e-08,  9.1965e-07,  1.3930e-04, -8.9443e-06, -8.8984e-06]]],


        [[[-6.5519e-03, -5.7440e-02, -7.3037e-02, -4.2578e-02, -6.9003e-03],
          [ 3.3539e-02, -8.0720e-02, -1.4448e-01, -1.2240e-01, -9.0031e-02],
          [ 1.0383e-01,  2.7436e-02, -8.5967e-02, -1.1768e-01, -1.1044e-01],
          [ 1.2537e-01,  1.7469e-01,  1.2257e-01,  4.3037e-02, -2.7764e-03],
          [ 1.7979e-02,  1.0557e-01,  1.6116e-01,  1.5372e-01,  7.5820e-02]]],


        [[[ 9.0546e-05, -1.8530e-06, -7.4774e-05, -4.4024e-07,  1.2963e-05],
          [-6.2642e-08,  1.0648e-06,  8.8145e-06, -1.1265e-04,  1.0285e-04],
          [-2.1096e-06,  3.7078e-05,  3.5935e-05,  7.2793e-10,  3.1069e-07],
          [ 1.6373e-07,  3.5270e-06,  4.2727e-05, -1.2749e-05,  2.4171e-07],
          [ 5.7436e-05,  2.3090e-05, -4.3151e-07,  9.1469e-07, -4.0876e-07]]],


        [[[-1.6172e-05, -3.3780e-06,  3.8104e-05, -1.9335e-04,  1.5208e-05],
          [ 2.1939e-04, -9.8466e-13, -4.9645e-05,  2.4107e-06, -1.3413e-06],
          [-1.9118e-05, -1.7594e-05, -1.1589e-07,  1.0825e-06, -4.2781e-06],
          [ 7.2001e-05,  1.5250e-06,  7.2465e-08,  2.8043e-05,  5.2850e-09],
          [ 6.7920e-06, -1.4770e-08, -8.6110e-06,  4.5550e-10,  1.9037e-08]]],


        [[[ 2.0496e-06, -1.7567e-06,  3.7739e-05,  3.1023e-08,  1.0730e-06],
          [ 3.0334e-05, -1.8672e-04,  1.4249e-06,  9.5988e-09,  1.7945e-06],
          [ 3.0175e-06,  2.0231e-05,  2.2016e-05,  2.4113e-06, -9.4541e-07],
          [ 2.6085e-06, -9.2989e-08,  8.3895e-09,  4.6087e-11, -6.3537e-05],
          [-6.7349e-07, -1.0891e-06,  2.8874e-06, -6.8665e-07,  3.6815e-07]]]],
       device='cuda:0', requires_grad=True)conv1.biasParameter containing:
tensor([-0.0085, -0.0827, -0.0503,  0.0017, -0.0398,  0.0093,  0.0320, -0.0071,
        -0.0162,  0.0079, -0.0133, -0.0007,  0.0032,  0.0261,  0.1227, -0.0004,
        -0.0085, -0.0007, -0.0760, -0.0055], device='cuda:0',
       requires_grad=True)conv2.weightParameter containing:
tensor([[[[-8.1901e-12,  3.2037e-11,  7.7664e-08,  4.5431e-12, -1.5756e-17],
          [ 4.0696e-06, -9.3647e-17, -1.1135e-11,  8.3605e-09, -8.2500e-07],
          [-9.2705e-06, -2.0127e-19, -2.6114e-04, -1.6414e-16, -4.1619e-08],
          [ 1.1907e-16,  7.6867e-13, -1.0210e-08,  4.0837e-14,  7.2199e-08],
          [ 2.1055e-19,  2.5298e-09, -1.5909e-07,  8.2974e-09,  1.6094e-08]],

         [[-1.0151e-11,  5.6921e-09,  7.0429e-10,  3.1957e-06, -3.3336e-11],
          [ 4.4389e-15, -2.6784e-08, -9.5451e-07,  3.4127e-19,  6.9386e-10],
          [ 8.2659e-18,  1.1328e-06,  4.1358e-10,  1.5292e-08, -1.9663e-06],
          [-3.2076e-09,  7.8616e-05,  4.9271e-10, -3.1438e-05, -1.5851e-04],
          [ 8.6557e-18, -7.0752e-09,  1.6265e-10,  8.0548e-08,  6.8059e-24]],

         [[ 2.3192e-06, -2.1886e-06,  2.3403e-05,  6.5495e-05, -1.6759e-07],
          [-1.6292e-05,  1.4486e-07,  2.6886e-07,  4.0302e-08,  1.0079e-07],
          [-6.4521e-06, -6.0433e-06,  7.7508e-08,  2.0540e-07,  2.1691e-05],
          [ 3.4775e-08,  2.8008e-08,  9.5514e-05,  4.0196e-06, -2.1386e-08],
          [ 6.0409e-09,  4.4191e-08,  7.4623e-07,  3.7008e-06,  1.8546e-07]],

         ...,

         [[-1.2629e-13,  1.2074e-10,  8.6487e-17,  3.7404e-06, -9.7278e-11],
          [-3.4245e-18,  5.0883e-11,  7.0039e-06, -1.6314e-07,  1.8628e-07],
          [-1.8555e-15,  3.7327e-09, -6.3783e-16,  6.0864e-22,  8.1950e-08],
          [-4.2422e-12,  1.2566e-10, -9.3599e-22,  1.5142e-28,  3.0513e-07],
          [-1.4433e-11, -7.7396e-08,  5.6584e-08, -2.2352e-10,  3.6305e-13]],

         [[ 6.8111e-15, -1.6810e-15, -4.7757e-10, -3.0970e-12,  8.4251e-15],
          [-7.6259e-12, -1.4842e-13, -1.0564e-21, -7.7779e-14,  9.2952e-12],
          [-1.4739e-05, -3.0778e-17, -2.0887e-18,  5.4466e-06,  1.2780e-14],
          [-9.8902e-21, -6.3705e-20, -5.6917e-07, -6.3375e-16, -1.7395e-09],
          [-2.5167e-11,  2.7885e-04, -3.5013e-10,  4.2658e-09, -5.8464e-15]],

         [[-1.5259e-05,  9.2055e-06,  1.0571e-15,  1.0681e-10,  7.9016e-07],
          [-6.4694e-15,  7.3817e-16, -5.1024e-09, -1.0469e-06, -2.7641e-06],
          [-2.5489e-07, -2.4033e-05, -2.7839e-10, -7.2765e-09,  1.7527e-08],
          [-1.0421e-13,  5.6732e-05, -1.1800e-14,  2.4199e-13, -7.3402e-09],
          [ 4.2125e-18,  6.0619e-09, -1.0445e-13,  9.6681e-22, -4.4947e-06]]],


        [[[ 1.2561e-04,  3.2572e-16, -2.9570e-17, -2.1286e-08, -4.9552e-10],
          [-4.4543e-11,  1.6595e-16, -8.3216e-16,  3.6114e-18, -1.4064e-10],
          [-3.7448e-11,  1.5894e-07,  2.5250e-15,  1.1105e-12, -1.5254e-16],
          [ 2.0393e-08,  4.4937e-05, -2.0310e-09, -5.1051e-15,  2.9887e-17],
          [-4.8385e-12, -1.8251e-05,  3.0538e-19,  1.2208e-14, -6.1778e-09]],

         [[ 1.3109e-15,  1.9613e-05,  4.9988e-08, -5.8450e-05, -6.2665e-07],
          [-1.2676e-22,  4.5812e-17, -1.0314e-10,  7.7314e-16,  9.5302e-06],
          [-2.0779e-07, -2.6905e-10,  3.3861e-07,  2.8163e-08, -6.3613e-06],
          [ 1.0328e-20,  1.9123e-22,  2.0822e-11,  2.2270e-12,  1.6589e-15],
          [-8.5001e-09,  1.7831e-06,  6.1401e-06, -7.1542e-10,  4.0692e-07]],

         [[-4.1414e-06, -4.0873e-08, -4.9697e-08,  1.4738e-08,  8.8158e-10],
          [ 1.0369e-08, -1.4651e-08, -1.2652e-05, -2.1796e-06,  1.1225e-05],
          [-4.6585e-08, -1.9765e-05,  8.3442e-09,  5.8365e-08,  6.8056e-08],
          [-3.0758e-06,  9.3356e-06, -3.9758e-07, -6.2956e-10,  2.9262e-05],
          [ 1.4961e-07,  1.6997e-07,  3.9822e-08, -2.8100e-05,  7.4020e-08]],

         ...,

         [[-5.9484e-08, -1.4263e-07,  9.7667e-14, -2.0833e-05, -9.5047e-11],
          [ 7.1119e-14, -3.3489e-07,  4.8817e-06,  1.0517e-04, -8.8572e-15],
          [ 4.0113e-13, -3.2520e-15,  2.8709e-11, -1.4491e-17, -8.5241e-10],
          [ 1.1668e-05,  5.5543e-07, -4.0734e-09,  2.0301e-08, -7.4208e-14],
          [-2.2688e-14, -8.1064e-05, -1.2085e-07, -2.6835e-06,  2.9363e-13]],

         [[-4.4436e-13,  8.4740e-09, -2.4671e-11,  7.1515e-13, -3.8760e-05],
          [-1.6452e-08, -3.9143e-16,  4.1719e-06,  2.1019e-07, -1.0026e-06],
          [-1.2873e-15,  7.7844e-10, -1.1440e-04, -1.5645e-08,  4.4834e-28],
          [ 2.9027e-16,  1.3316e-11,  2.6599e-09,  4.0766e-10,  2.1464e-15],
          [ 5.7856e-07, -2.5252e-13, -2.6239e-09, -2.4686e-19, -4.7249e-05]],

         [[ 5.7731e-10,  8.5565e-14, -7.4158e-07, -5.5164e-06,  8.3249e-17],
          [ 1.2086e-21,  1.6771e-07,  6.7052e-07,  8.8926e-08,  4.6610e-10],
          [-1.2407e-22, -1.8606e-09, -6.3001e-05,  1.1535e-06,  6.7484e-08],
          [-5.9943e-11, -2.3574e-15, -1.0019e-17, -2.4604e-09,  2.8170e-11],
          [ 6.9108e-15, -1.9200e-05,  1.3949e-15, -1.8738e-05, -2.8005e-11]]],


        [[[ 3.1253e-05,  1.4214e-05,  4.1908e-08,  8.7152e-10,  2.3454e-09],
          [ 3.9412e-17,  1.3010e-06, -2.7937e-07,  5.2585e-17, -1.1722e-08],
          [ 5.4330e-07, -2.2954e-07,  2.5428e-14,  1.9047e-07, -1.5509e-21],
          [ 7.0453e-17,  1.0910e-16,  4.5810e-14,  1.0636e-04, -2.7720e-07],
          [ 1.0312e-05, -5.0893e-07, -2.0338e-05, -4.1065e-14, -8.7027e-17]],

         [[ 2.6596e-13,  5.9617e-17, -1.8062e-10,  2.1774e-05,  1.6788e-09],
          [-1.2557e-37,  2.1400e-08,  1.9666e-14, -3.6537e-07, -2.4492e-09],
          [ 2.5726e-05,  1.0925e-04,  3.1279e-12, -1.6951e-05,  3.3359e-16],
          [-7.2272e-08,  1.7504e-11, -2.8305e-22,  4.2085e-11, -5.1226e-05],
          [ 7.1115e-12, -5.1957e-05,  4.1940e-05,  1.7740e-10, -1.6515e-18]],

         [[-1.7381e-02, -1.5016e-02,  3.5218e-02,  7.0436e-02,  3.8046e-02],
          [-2.0308e-02,  2.9745e-02,  7.2760e-02,  4.8266e-02, -8.9139e-03],
          [ 5.5751e-03,  2.1040e-02,  1.5088e-02, -2.4985e-02, -2.5171e-02],
          [-1.8507e-02, -2.5590e-02, -3.0315e-02, -2.3161e-02, -1.0878e-02],
          [-3.0714e-02, -3.3581e-03, -1.7400e-02, -9.4173e-03,  5.0463e-05]],

         ...,

         [[ 1.9853e-09, -5.6331e-05, -1.0632e-08,  8.5243e-06, -1.0356e-09],
          [-6.1166e-07,  2.6167e-09,  2.4810e-08, -4.0020e-07,  5.1432e-10],
          [-1.2039e-07,  1.0515e-07, -3.5108e-05,  3.6659e-09, -2.1655e-11],
          [-9.4830e-10,  1.2002e-11,  2.3928e-07,  2.6681e-12,  1.9948e-09],
          [ 1.3860e-10,  1.4719e-04,  2.1742e-08, -6.9875e-08, -9.6560e-09]],

         [[ 8.4157e-06, -8.3251e-12,  2.7450e-16,  3.4585e-08,  3.8030e-11],
          [-8.1788e-12, -4.1961e-08,  1.2518e-09,  6.8827e-20, -1.7535e-21],
          [ 1.3119e-12,  1.3353e-07,  3.2506e-05, -5.5510e-06,  1.4980e-05],
          [ 4.7416e-06, -2.2250e-14, -7.9246e-18,  5.3788e-14,  2.7397e-15],
          [-1.0459e-08,  4.0303e-14,  1.3705e-06, -1.7506e-07, -1.0605e-12]],

         [[-1.1742e-13, -9.8840e-11, -2.6285e-11, -1.9483e-11, -9.0050e-16],
          [-6.6519e-17,  7.0744e-09, -8.0654e-12, -5.2778e-18,  1.2077e-10],
          [-1.2862e-07,  1.0776e-10,  1.0894e-15, -9.1102e-13,  3.0896e-10],
          [-8.3532e-08, -1.2848e-05,  6.3140e-11,  8.0561e-07, -3.8073e-19],
          [ 1.9549e-23, -4.8385e-08,  4.7895e-14, -7.2776e-25, -2.9417e-08]]],


        ...,


        [[[-2.9007e-16,  4.4134e-05, -1.5843e-17,  9.3148e-18, -5.4100e-18],
          [-6.5935e-11,  1.2680e-13, -2.5720e-12,  5.4235e-07, -1.2169e-10],
          [ 1.4051e-14, -5.5866e-19, -3.8405e-09, -1.6909e-06,  1.7599e-20],
          [-2.8262e-13,  3.2694e-21,  6.0520e-05,  2.8586e-09,  1.3748e-14],
          [ 5.3400e-05, -1.6866e-12,  5.8772e-05, -1.1862e-05,  1.4819e-09]],

         [[-1.1704e-24,  5.4334e-15,  2.5895e-16, -8.0652e-13, -2.1951e-12],
          [ 9.9541e-24, -3.6963e-17,  1.7436e-10, -5.0773e-09,  1.0707e-15],
          [ 9.6412e-13, -3.3740e-07, -9.7593e-06,  2.1532e-12,  2.3654e-06],
          [-9.0793e-09, -4.2200e-09, -2.5747e-08, -1.4240e-16,  1.5990e-12],
          [ 3.0087e-06,  1.7637e-07,  3.0732e-13,  1.1074e-11, -4.9276e-11]],

         [[-3.1282e-06,  8.7028e-12, -1.2460e-10,  2.0049e-07,  8.4914e-13],
          [-1.0514e-04,  1.5666e-06,  1.1815e-07, -1.7238e-05, -1.3122e-05],
          [-1.7922e-10,  2.9568e-05, -3.9470e-07, -9.9932e-09,  1.7951e-06],
          [ 9.1129e-08,  4.8141e-08,  9.7432e-13,  1.1800e-04,  6.2468e-17],
          [ 1.4823e-13, -1.0057e-05,  1.8337e-08, -3.1451e-11, -1.6330e-09]],

         ...,

         [[ 1.0118e-07,  1.2101e-05,  1.8042e-10,  1.1909e-05, -9.7746e-17],
          [-4.2315e-11,  3.8212e-07,  1.5721e-06,  6.8312e-28,  2.0892e-09],
          [ 1.7617e-11,  7.6229e-13, -2.2633e-11, -8.0782e-12,  1.3883e-06],
          [ 4.9748e-08, -5.7640e-10,  9.5874e-16,  1.0416e-12, -5.8080e-07],
          [ 1.8040e-11,  3.8202e-10, -1.9903e-12, -2.7775e-09,  3.6715e-20]],

         [[ 4.0210e-11,  2.0898e-24, -1.3153e-06,  1.6786e-12, -4.5160e-12],
          [ 1.0566e-05, -1.8023e-12, -1.6624e-28,  1.8009e-24, -7.9514e-11],
          [-5.9573e-06,  8.2195e-08,  8.6632e-14, -1.7900e-11, -5.0253e-08],
          [-3.4026e-17,  4.7857e-15,  2.0231e-11,  1.9537e-09, -1.7241e-24],
          [ 5.3918e-08,  5.5077e-05, -7.8420e-08,  2.5509e-09,  2.6521e-06]],

         [[ 1.7917e-06,  2.2792e-15, -3.7891e-05,  1.7091e-10, -6.5312e-06],
          [ 1.0111e-12, -1.4683e-10, -8.9456e-09,  1.0141e-16, -3.5710e-08],
          [-7.1468e-16, -4.5070e-06, -1.1063e-05, -9.9723e-07,  1.4791e-08],
          [-5.2546e-05,  2.9104e-13, -3.7741e-10, -2.3815e-05,  8.0523e-12],
          [ 1.5565e-09,  3.7566e-05, -5.6460e-07,  2.5448e-15,  7.9993e-08]]],


        [[[ 4.9827e-13,  2.9451e-08,  1.2897e-07, -4.4801e-08, -1.3367e-21],
          [ 2.1594e-10, -2.2606e-21,  3.0645e-14, -7.0257e-08, -1.2213e-18],
          [ 1.0064e-11, -1.7777e-09,  9.3018e-10,  7.2585e-17,  1.4758e-14],
          [ 9.8195e-11, -4.2245e-09, -6.3566e-13, -1.9536e-16, -1.3982e-07],
          [ 9.4903e-08, -1.7655e-05,  2.5917e-12,  6.8739e-05,  1.1127e-10]],

         [[ 1.0145e-08, -6.0717e-12,  1.2893e-04,  2.7041e-17,  2.2699e-11],
          [-5.4375e-11,  1.9542e-23,  5.3196e-16,  1.0944e-08, -1.2353e-04],
          [-1.2649e-19,  4.2626e-07, -1.5335e-08, -1.6915e-05,  1.0104e-09],
          [-1.0586e-04, -1.4041e-19,  1.6767e-12,  1.4283e-10, -5.5761e-05],
          [-1.2895e-10, -5.3553e-10, -1.6484e-19,  1.2053e-15,  1.0391e-09]],

         [[-1.2174e-02,  1.2215e-03,  2.2083e-02, -1.5883e-05, -1.8123e-02],
          [-1.2642e-02, -1.5587e-02, -1.7284e-02, -3.2116e-02, -2.1343e-02],
          [-1.0955e-02, -3.4969e-02, -3.8891e-02, -2.9428e-02, -1.4975e-02],
          [-2.0530e-02, -3.4402e-02, -3.6324e-02, -3.7486e-02, -1.7992e-02],
          [-1.1197e-02, -1.6620e-02, -2.1950e-02, -1.8697e-02,  2.5932e-02]],

         ...,

         [[ 1.7837e-10,  4.3187e-05, -1.0416e-06, -1.9031e-09, -5.8599e-05],
          [ 3.8168e-07, -1.9770e-06,  1.3652e-09, -7.9173e-09, -1.8345e-05],
          [ 2.9450e-11, -1.0088e-07,  6.6251e-06,  2.0692e-07, -7.0324e-05],
          [-4.6903e-05, -1.4251e-09,  4.0092e-08, -6.9341e-11,  1.6995e-07],
          [ 1.2480e-06,  3.6179e-07, -4.6446e-09,  1.5362e-08,  2.4236e-08]],

         [[ 1.2768e-18,  3.4990e-07,  7.9813e-11,  3.0268e-05,  1.2828e-04],
          [ 3.4113e-06,  1.3256e-08, -2.9837e-10,  2.0684e-14,  5.3810e-14],
          [-2.1805e-09, -5.0138e-09, -2.6016e-05, -2.7503e-04, -6.3650e-15],
          [ 2.6329e-09,  1.0699e-07, -1.8877e-05, -3.6506e-16,  1.3524e-06],
          [-2.7746e-06,  6.1692e-17,  9.7984e-06, -2.2815e-15, -1.5212e-09]],

         [[-1.3764e-05,  1.3743e-15, -4.1658e-10,  2.8287e-21,  2.2571e-04],
          [-1.0636e-12,  1.8166e-14, -4.3050e-10, -2.5740e-16,  1.3470e-08],
          [ 2.0796e-11,  1.2224e-14,  3.4996e-09, -1.1869e-11, -1.6623e-12],
          [-8.6922e-05,  9.5324e-21,  2.3496e-06,  5.8665e-07,  4.7882e-10],
          [ 2.4737e-13,  2.0392e-08, -7.8236e-09, -7.6952e-07, -9.2212e-08]]],


        [[[-1.6159e-11,  8.7599e-13, -1.2869e-10,  1.5134e-12,  1.1401e-09],
          [-6.1710e-08, -9.0706e-06, -4.3860e-06,  5.8593e-15,  1.0240e-05],
          [-2.6308e-04,  1.2500e-08,  1.4994e-11, -8.7244e-17, -2.3183e-15],
          [-7.6634e-29, -4.3489e-20, -9.8436e-15,  1.1110e-12, -6.0019e-05],
          [-5.7663e-05, -9.3426e-24, -3.1266e-07,  5.9127e-15, -1.2386e-26]],

         [[ 1.2055e-09, -1.4702e-07, -2.9633e-14, -7.9473e-15,  3.5181e-15],
          [ 8.6873e-09, -1.6386e-05,  1.9312e-08, -1.1568e-15, -4.1768e-15],
          [-4.1437e-10,  5.1708e-08,  3.1620e-07, -3.4315e-11, -4.4598e-09],
          [-3.8381e-10,  6.0057e-08, -5.8440e-09, -1.1221e-17, -2.2212e-19],
          [-1.5104e-23, -2.7668e-08,  5.2859e-21,  2.5606e-05,  5.9644e-06]],

         [[-4.7396e-14, -4.2672e-18,  1.5463e-13, -6.1315e-09,  6.6735e-08],
          [ 5.9418e-10, -2.5216e-20, -1.5904e-12, -4.5768e-07, -1.7778e-09],
          [ 3.3842e-05,  1.5217e-10,  1.8029e-07, -3.5987e-09, -5.3143e-05],
          [-5.1474e-05, -3.8111e-06, -1.9827e-07, -4.2551e-07, -8.9985e-08],
          [ 7.6548e-09, -6.1999e-09, -9.5467e-06, -4.1263e-08, -1.6832e-16]],

         ...,

         [[ 1.5556e-07, -1.2133e-06,  3.5834e-08, -3.1967e-05, -1.7168e-08],
          [-8.9857e-08,  1.1668e-20, -7.3443e-15, -6.6499e-24, -2.5330e-11],
          [-5.6354e-07, -4.2092e-08,  5.2239e-28,  6.5438e-14,  2.1898e-23],
          [ 4.1730e-07, -3.6523e-11, -4.5083e-05, -9.8509e-15,  7.6524e-15],
          [-2.5267e-06,  9.0299e-19,  4.4330e-12, -3.0773e-08, -2.4548e-13]],

         [[-3.6291e-17,  5.0482e-16, -3.8359e-05, -7.5759e-07,  2.5246e-16],
          [ 5.8283e-11,  6.4550e-11,  2.8775e-12,  2.2033e-26, -3.8917e-10],
          [ 1.0986e-16,  3.0473e-13, -3.0072e-05,  8.7589e-11, -8.6250e-19],
          [ 1.0006e-06,  2.2595e-06, -2.9861e-07,  5.4063e-15, -5.1269e-12],
          [ 1.1811e-12,  3.9750e-06, -1.0713e-08,  1.7432e-11,  7.7712e-09]],

         [[ 8.5878e-08,  5.9365e-12,  6.1124e-07, -3.2924e-11,  1.2737e-08],
          [-7.7198e-10,  2.3460e-06,  3.8016e-07, -6.8341e-05, -7.5028e-13],
          [-9.3837e-17,  8.4598e-09,  1.6996e-10,  3.1008e-15, -1.4834e-11],
          [ 3.7332e-14, -1.9832e-05,  4.7029e-15,  6.4089e-18, -5.7353e-17],
          [ 6.6335e-12, -4.2781e-13,  5.5017e-10,  1.5762e-15, -2.8228e-13]]]],
       device='cuda:0', requires_grad=True)conv2.biasParameter containing:
tensor([-0.0010, -0.0013, -0.0011, -0.0008, -0.0009, -0.0018, -0.0009, -0.0014,
        -0.0062, -0.0164, -0.0019, -0.0013, -0.0009, -0.0009, -0.0035, -0.0569,
        -0.0127, -0.0490, -0.0075, -0.0014, -0.0011, -0.0717, -0.0024, -0.0009,
        -0.1108, -0.0183, -0.0051, -0.0018, -0.2075,  0.0034, -0.0042, -0.0172,
        -0.0137, -0.0011, -0.0010, -0.0018, -0.0047, -0.0378, -0.0031, -0.0015,
        -0.0029, -0.0228, -0.0015, -0.0015, -0.0008, -0.0024, -0.0010, -0.0206,
        -0.0226, -0.0084], device='cuda:0', requires_grad=True)fc1.weightParameter containing:
tensor([[ 1.8667e-05, -1.0059e-05,  1.7423e-05,  ...,  4.5403e-36,
          1.1723e-18, -4.1265e-24],
        [ 6.8384e-06, -7.5322e-06,  8.0016e-06,  ...,  8.8500e-14,
          6.3570e-15, -4.3746e-28],
        [ 5.3591e-41,  9.7736e-41, -5.6640e-41,  ...,  1.0698e-41,
          5.8189e-41, -7.5866e-42],
        ...,
        [ 3.6202e-08, -4.7117e-08,  1.5122e-05,  ...,  1.6007e-19,
         -1.2198e-16,  9.6129e-43],
        [-2.8083e-41, -1.4271e-30, -1.4543e-28,  ..., -3.7546e-41,
         -4.1804e-41, -3.0743e-41],
        [-5.0356e-09,  1.4543e-08, -3.9788e-07,  ...,  5.9706e-26,
          4.4398e-20, -3.0969e-43]], device='cuda:0', requires_grad=True)fc1.biasParameter containing:
tensor([-3.3822e-02,  1.8975e-02, -1.1849e-12,  1.1910e-02,  4.7470e-02,
        -1.6642e-03,  8.4992e-05,  1.1660e-02, -1.0867e-02, -7.5275e-07,
         1.0074e-02, -2.1004e-11, -1.4510e-13, -2.2821e-22,  5.7274e-02,
         3.8182e-03,  9.8944e-03, -6.7015e-20,  1.5876e-02,  1.7831e-02,
        -1.4939e-03, -7.0848e-18,  5.3842e-03, -1.4994e-02,  1.3089e-02,
         4.0166e-02,  9.8965e-04,  2.8099e-02, -5.7929e-04, -8.8923e-03,
        -2.5782e-02, -1.6543e-24,  2.0921e-02,  1.3347e-02,  3.2342e-02,
        -2.8505e-06, -3.9333e-18,  3.0212e-02,  4.5707e-02,  2.2225e-02,
         2.8918e-02, -1.6221e-08,  6.2845e-03, -2.9681e-15,  3.9040e-02,
        -2.5897e-05,  3.8262e-03, -1.0108e-02, -1.1417e-02, -1.4867e-13,
        -7.8784e-03,  1.2852e-02, -1.9173e-14, -4.5107e-03, -7.0394e-03,
         5.5709e-02, -9.3121e-26,  5.0470e-02, -8.2350e-12,  1.0341e-02,
        -1.9659e-05, -2.5245e-03, -2.3591e-03,  1.8448e-02, -7.4534e-11,
        -1.2815e-02, -2.6595e-27,  6.1132e-03,  3.3203e-02,  1.7538e-02,
        -8.9984e-04,  1.1070e-02, -7.3609e-03, -2.2034e-02,  1.5539e-02,
        -6.2110e-12,  1.4446e-02,  7.6313e-03,  9.4834e-03,  1.2867e-16,
         1.0619e-02, -8.0345e-08,  2.6558e-02,  3.7589e-03, -8.5192e-03,
        -8.9825e-22,  1.2863e-02,  2.7838e-03,  6.8533e-03, -7.6177e-03,
         4.7650e-02,  3.7921e-02,  2.5616e-02, -3.0362e-06, -4.4235e-03,
        -1.0131e-02, -3.6556e-24, -2.7371e-03, -2.8090e-15,  3.2669e-02,
         6.6520e-42, -6.8097e-14,  2.4490e-03, -4.9151e-04,  4.8806e-03,
        -1.8488e-08, -7.6626e-15, -2.7574e-04, -1.8208e-02,  3.4242e-02,
        -2.7227e-03, -8.0927e-03,  2.4789e-02, -1.3039e-28, -3.4268e-11,
        -1.9263e-39,  4.5868e-02, -8.7011e-03, -3.9672e-03, -1.6642e-02,
         1.1860e-02,  2.0140e-02, -7.3409e-11, -2.7672e-03,  3.4770e-04,
        -2.3751e-16, -6.8323e-03, -8.5869e-03,  1.5308e-02, -1.6826e-03,
         6.0259e-03, -1.4377e-02, -3.6224e-42,  6.9485e-03,  2.1704e-02,
        -6.9208e-08,  3.1178e-02, -4.0002e-19, -2.0153e-29,  2.6347e-02,
         4.4401e-02,  5.5113e-42, -7.4491e-28, -3.3560e-27,  3.9266e-02,
         5.1449e-02, -2.3616e-20, -7.1822e-03,  4.7756e-03,  2.1954e-02,
         1.0326e-02,  2.1721e-02,  7.3207e-03, -1.0162e-02, -9.1324e-03,
         2.8208e-02, -3.1660e-03, -2.0127e-02, -2.1436e-18,  1.0313e-29,
         4.2348e-02,  2.0023e-02, -6.5074e-34,  4.4074e-02,  3.6731e-02,
        -1.6597e-03, -2.7628e-03,  4.1206e-02, -2.1258e-03, -1.6472e-03,
         4.8462e-03, -9.3705e-03, -8.2855e-04,  3.7285e-02,  3.9414e-02,
        -4.8781e-03, -1.4839e-03, -1.3194e-08,  2.9004e-02,  8.7804e-04,
        -3.9722e-03,  6.5187e-33, -4.8155e-03,  1.3442e-02,  3.5726e-03,
        -3.7374e-04,  2.5648e-03,  1.0679e-02,  1.2897e-02,  2.8161e-02,
        -5.7108e-03, -1.1389e-02,  3.4426e-02,  2.5645e-02, -6.1184e-03,
         3.5306e-02, -3.5294e-09, -4.7386e-21,  4.7943e-02,  2.2317e-02,
        -8.5276e-27,  1.4707e-02,  8.4529e-03,  2.4475e-02,  7.9352e-03,
        -1.0560e-02,  4.1367e-02, -8.8701e-03,  1.4653e-02, -1.2013e-11,
        -7.0748e-03, -4.8093e-04, -3.2853e-23, -1.0473e-02,  2.1222e-03,
         3.5515e-02,  2.5042e-02,  1.1976e-03, -1.5911e-02,  2.2774e-02,
        -2.5132e-02, -2.7809e-08, -5.2720e-04, -7.1135e-03, -6.5308e-05,
        -2.0330e-04, -1.9282e-30,  1.9170e-03, -9.7755e-03, -6.9561e-13,
         3.0040e-02, -2.1076e-05, -1.6255e-03, -4.3498e-24, -7.6410e-07,
        -1.2559e-22,  2.5163e-02,  4.8706e-02,  3.7716e-03, -1.9008e-03,
        -1.6343e-03, -1.2500e-02, -9.8746e-03,  1.9769e-02,  1.0343e-02,
         5.9092e-03, -3.5287e-03, -2.2323e-02, -2.0347e-02, -8.0851e-21,
        -4.4598e-09, -7.8611e-04,  3.6736e-03, -1.5549e-02,  3.1231e-02,
        -2.0878e-02, -8.3721e-06,  5.2176e-03,  2.4509e-02,  3.6076e-02,
         2.1529e-03, -2.9031e-06,  2.2663e-02,  9.0660e-03, -2.5576e-04,
        -3.7778e-03,  1.2978e-02, -8.6584e-14, -5.4367e-03, -1.5180e-03,
        -1.1058e-02, -1.2371e-38, -7.2916e-03, -4.8884e-04, -4.5462e-21,
        -2.8497e-02, -4.4368e-03, -3.5313e-10,  9.4334e-04, -1.3589e-02,
        -9.1589e-42, -3.6929e-05,  5.5718e-03, -1.2375e-02, -3.4160e-13,
        -6.0668e-05, -2.0948e-23,  1.8242e-02,  2.2990e-02,  3.2171e-02,
        -2.3504e-02, -8.5710e-05, -4.2484e-19,  5.6072e-03, -1.3440e-03,
         2.1601e-02, -5.8762e-03,  1.0669e-03,  4.4384e-30, -1.6119e-08,
        -7.6344e-03,  1.0000e-02,  1.0626e-02, -2.5137e-04, -3.5548e-08,
        -5.1442e-08,  1.5070e-02,  8.3508e-20,  1.4397e-02, -3.7519e-13,
        -8.1385e-03,  6.2739e-03,  2.7342e-02, -5.0584e-07, -7.0583e-03,
         9.8487e-03,  5.6218e-40,  2.4139e-02, -4.4315e-03,  1.3036e-02,
         6.1032e-02, -4.9256e-10, -4.1300e-18, -2.2218e-05,  3.2702e-02,
        -1.7085e-02,  3.2966e-02,  1.4952e-02, -3.6507e-03,  1.3685e-36,
        -3.5134e-13,  8.8996e-03,  2.9022e-02,  6.4090e-03,  6.5315e-02,
        -3.3091e-05,  2.3039e-02, -7.2815e-03,  1.1571e-02,  3.1576e-02,
         4.7417e-02, -9.0397e-13,  2.6497e-02,  2.7837e-02, -6.1860e-05,
         2.5993e-02, -2.3424e-18, -7.8746e-06, -1.5270e-02,  2.3272e-02,
        -1.3231e-02, -2.5632e-08, -5.5508e-24,  2.4004e-03,  1.7073e-41,
        -1.4811e-02,  4.8358e-02,  8.9049e-04,  1.5320e-02,  8.5949e-03,
        -1.9308e-03, -4.0863e-10,  2.7197e-02, -2.7405e-04, -2.8557e-03,
        -1.9840e-04, -4.4748e-04,  1.5568e-02,  3.2625e-02, -3.5362e-09,
         6.5420e-02,  6.7041e-02, -1.8330e-02,  2.1509e-18, -1.0967e-02,
        -2.3790e-02,  4.3463e-02, -4.5664e-02, -9.0394e-04, -7.1988e-03,
        -2.5088e-14, -7.0046e-28, -9.5362e-18,  6.7205e-03, -4.6228e-03,
        -4.2426e-13, -2.9937e-11,  3.8523e-02, -8.1462e-04,  3.5132e-02,
         2.7753e-02,  7.4505e-05,  2.3457e-02,  1.2422e-21, -7.2559e-15,
         5.8822e-03,  5.1549e-02, -4.7729e-03, -7.4849e-03,  5.7595e-02,
        -5.6283e-09,  1.3066e-02,  5.2132e-02,  4.9790e-02, -1.2925e-04,
         1.3567e-02, -5.0239e-03,  9.3648e-03,  1.3577e-02, -1.0029e-16,
         4.6617e-34, -1.4132e-03,  1.0891e-03,  1.0015e-02,  2.2377e-02,
         4.1791e-02,  2.8171e-03,  6.5613e-03,  3.3238e-03,  1.1013e-02,
         3.1836e-02,  1.5363e-02, -8.0335e-03,  3.2418e-02, -1.8460e-03,
         2.5089e-02, -6.1014e-08,  2.8856e-03, -1.4862e-02, -5.2105e-03,
        -1.2959e-09, -4.2087e-04,  1.6337e-02, -1.8497e-23,  8.7052e-03,
         2.9513e-02, -1.5241e-17, -9.9500e-08,  1.4484e-03,  4.6641e-03,
         3.0447e-02,  2.1937e-02,  7.6315e-02, -9.9850e-07,  3.0859e-03,
        -2.7257e-39, -1.7415e-12, -2.1153e-05,  9.7711e-03,  3.0829e-03,
        -1.4528e-02,  2.1030e-02, -4.6639e-07, -3.5975e-02, -4.2468e-03,
         5.3484e-03,  5.0283e-02, -2.0855e-02, -6.4612e-23,  2.8635e-02,
        -3.0021e-03, -9.9175e-03,  5.9192e-03, -1.2917e-02, -1.1416e-04,
        -8.0070e-22,  1.3709e-02, -5.0500e-20,  2.0894e-02, -4.2698e-42,
        -1.4998e-02, -1.3727e-02,  2.6823e-02, -1.3964e-02,  3.8122e-02,
         1.7963e-02,  2.9987e-02,  5.4181e-02,  4.6062e-03,  3.1765e-02,
         2.8353e-02, -1.5179e-15,  6.1171e-03, -5.7163e-05,  2.3703e-02,
         1.5650e-02, -1.5188e-02, -2.7872e-04,  3.3268e-03, -7.5448e-04,
        -3.1366e-03, -1.0682e-04, -1.7113e-03,  2.4160e-15, -8.1053e-04,
        -1.2485e-18, -3.8942e-13, -1.9200e-03, -7.4193e-05, -1.0960e-02],
       device='cuda:0', requires_grad=True)fc2.weightParameter containing:
tensor([[-2.5647e-02,  1.0123e-01, -2.9403e-07,  ...,  7.6123e-02,
         -1.9856e-03, -2.6290e-02],
        [ 1.7781e-01, -1.4899e-01, -2.2461e-04,  ..., -1.4361e-01,
         -8.9979e-03, -2.4405e-02],
        [-2.9423e-02, -7.3029e-02, -4.6219e-06,  ..., -3.0242e-02,
         -6.1674e-04,  6.2441e-03],
        ...,
        [ 1.0037e-02, -9.7015e-02,  6.1695e-04,  ..., -4.4828e-02,
          1.3418e-02,  6.3769e-02],
        [-4.1689e-01, -3.2667e-02, -7.0654e-05,  ..., -1.1894e-01,
         -3.7781e-03,  3.4099e-02],
        [ 1.2573e-01,  1.7525e-01, -9.1535e-05,  ..., -1.9981e-01,
          1.7946e-03,  5.4227e-02]], device='cuda:0', requires_grad=True)fc2.biasParameter containing:
tensor([-0.0073, -0.0620, -0.0120, -0.0416, -0.0259,  0.0179, -0.0169, -0.0577,
         0.1471, -0.0127], device='cuda:0', requires_grad=True)