conv1.weightParameter containing:
tensor([[[[ 2.9328e-05,  1.2039e-05, -1.5853e-05,  1.5648e-04,  1.8182e-04],
          [-1.0037e-04,  1.0839e-04,  9.8781e-05, -4.6043e-05, -1.1672e-04],
          [ 1.1584e-05, -1.6917e-06,  1.4338e-04,  2.7582e-04, -5.1045e-07],
          [ 2.6920e-04,  2.7353e-05, -1.0568e-04, -1.7937e-05,  1.0881e-05],
          [ 1.8301e-05,  1.1918e-04, -9.0282e-05,  1.8753e-05,  1.0045e-05]]],


        [[[-4.6359e-05,  1.0031e-04, -7.9530e-05,  2.6097e-05,  5.8702e-05],
          [ 1.1782e-04,  3.9161e-05, -1.6288e-04,  4.2872e-05, -3.7923e-05],
          [ 2.8193e-05,  1.8051e-05,  2.3245e-05, -1.4325e-04, -5.3386e-05],
          [ 9.3410e-05, -3.9105e-05, -3.0035e-05,  1.1418e-06,  1.2305e-05],
          [-4.3450e-05, -1.4432e-04,  2.7281e-05, -1.0056e-04,  5.1752e-05]]],


        [[[-4.4432e-05,  2.9952e-05, -1.6154e-04,  1.1794e-04,  1.3022e-04],
          [ 1.0132e-04, -2.1382e-05,  2.9522e-06, -1.8142e-04,  6.6006e-05],
          [-5.2431e-05,  5.7551e-05,  5.2472e-05,  5.1137e-05,  1.3055e-04],
          [ 2.2123e-04,  1.1026e-04,  2.4395e-04, -8.6989e-05,  1.0634e-04],
          [-1.2975e-04, -1.6602e-04,  4.8951e-05, -1.3974e-04,  2.0826e-05]]],


        [[[-4.9602e-04,  9.3996e-04,  5.3389e-04,  1.7766e-04, -7.8108e-04],
          [ 9.4457e-05,  1.0414e-03,  9.4816e-04,  3.2150e-04,  4.0231e-04],
          [ 3.2759e-04,  8.1266e-03,  7.4417e-01,  1.4716e-01, -2.0843e-04],
          [ 1.3470e-03,  1.3350e+00,  2.0980e+00,  4.5173e-01, -5.8506e-05],
          [ 2.3878e-03,  5.0918e-03,  2.7647e-01,  5.1954e-03, -1.4624e-04]]],


        [[[ 1.4565e-05,  6.8941e-05,  1.8224e-04,  3.4295e-05, -9.5651e-05],
          [-6.4831e-05, -1.7129e-05,  4.2573e-05,  5.4667e-05,  1.9237e-05],
          [-2.7872e-04, -1.5983e-04, -1.5850e-04,  2.2014e-05,  3.4969e-05],
          [ 1.4342e-05,  1.4388e-05,  3.0894e-05,  8.9890e-05,  1.8795e-04],
          [ 8.3819e-05,  3.1300e-05,  1.1439e-04, -4.0180e-05,  4.9708e-05]]],


        [[[ 2.0827e-04,  1.3816e-04,  9.4698e-05,  3.5874e-05, -1.4294e-04],
          [-1.1923e-04,  1.5297e-04, -5.8144e-05, -5.2984e-05,  2.3103e-05],
          [-1.3834e-04,  2.0816e-04,  4.1383e-05,  4.2678e-05, -6.4261e-06],
          [-3.3969e-04,  7.8231e-05, -5.2692e-05,  5.9354e-05,  3.9182e-05],
          [ 7.2038e-05, -2.5009e-05, -2.1771e-05,  1.0117e-04, -7.7274e-05]]],


        [[[ 5.7262e-05,  2.0417e-04, -2.6457e-04, -4.9886e-05,  5.1201e-05],
          [-5.5801e-05,  4.7535e-05, -7.6294e-05, -1.3480e-04, -2.3105e-04],
          [ 5.6776e-05, -7.8572e-05, -2.1130e-04, -1.1737e-04,  4.0211e-05],
          [-6.2711e-05, -2.1610e-04, -3.6568e-06, -8.4232e-05,  2.4584e-04],
          [-8.0451e-05, -4.8145e-05,  7.3680e-05,  7.2883e-05, -1.7291e-04]]],


        [[[-1.3459e-04,  1.4169e-04, -5.4561e-05, -3.3934e-06,  1.3747e-05],
          [ 5.7780e-05,  2.2414e-04,  2.1052e-05,  1.8937e-05, -2.4426e-06],
          [-8.7530e-05,  8.9360e-05,  5.5778e-05,  1.1978e-04,  1.9214e-04],
          [ 1.3427e-04,  1.3602e-04,  8.4854e-06,  9.1394e-05, -8.5061e-05],
          [-2.1255e-04, -6.1577e-05,  1.7263e-04, -2.2554e-04, -1.4092e-04]]],


        [[[-1.3897e-04,  8.1157e-05, -1.4411e-04,  1.3415e-05, -7.5037e-05],
          [-3.5881e-05,  4.3060e-05,  6.7086e-05,  1.0880e-04, -8.7897e-06],
          [-1.2891e-05,  6.4414e-05, -2.6451e-04,  1.2971e-04,  8.4050e-05],
          [ 9.3573e-05,  3.4016e-05, -2.6362e-05, -1.7427e-04,  4.5817e-05],
          [-7.4180e-05,  1.6301e-04, -4.5624e-05,  8.4066e-05, -1.1983e-04]]],


        [[[ 1.2805e-04,  5.7614e-05,  7.3911e-05,  1.5063e-04, -3.2805e-04],
          [-1.6778e-04, -4.1858e-06, -1.8900e-04,  5.6959e-06,  4.5494e-05],
          [ 5.0016e-05,  7.1183e-05, -6.2441e-05,  9.2081e-05, -5.8375e-05],
          [-6.9578e-05, -2.4750e-04,  1.1686e-04,  2.8571e-05, -1.2889e-05],
          [ 8.9324e-05,  1.8145e-04,  7.6009e-06, -2.6849e-04, -6.1721e-05]]],


        [[[ 1.6541e-05, -5.2242e-05, -2.2778e-04, -1.0780e-04,  2.2348e-04],
          [-8.6207e-07, -1.2972e-04, -2.1525e-05,  2.5179e-05,  8.1907e-05],
          [ 3.1476e-05,  2.2482e-04,  1.9570e-04, -1.5695e-05, -1.2836e-04],
          [-1.1877e-04, -7.3176e-05, -6.1547e-05,  1.9681e-04, -8.6661e-05],
          [-2.1621e-05, -7.8820e-05, -2.6381e-05, -1.2007e-04,  1.5447e-06]]],


        [[[ 5.6344e-05,  1.1918e-06, -1.2595e-04, -9.0815e-05,  1.9587e-06],
          [ 7.5772e-05, -6.6997e-06,  1.3286e-04, -8.0769e-06,  8.7513e-05],
          [ 1.6257e-04, -1.9926e-05,  8.8088e-05, -7.6708e-05,  2.1113e-06],
          [ 1.5219e-05,  6.1560e-05, -1.0589e-04,  1.5709e-04,  4.6785e-05],
          [ 6.0124e-05, -7.0495e-06, -1.6026e-04, -8.3180e-05,  3.2905e-05]]],


        [[[-1.9879e-04,  5.1833e-05, -6.5197e-06,  7.8304e-06, -1.6313e-04],
          [ 4.7909e-05, -4.3932e-05, -1.0627e-05, -6.1105e-05, -1.2860e-06],
          [ 2.0888e-06,  7.1015e-05, -2.6577e-04, -8.3949e-07,  5.2403e-05],
          [ 6.5067e-05, -2.3138e-05, -2.4535e-04,  2.3351e-04, -5.0876e-05],
          [-6.7957e-05, -1.7977e-04, -7.7355e-06,  1.1924e-04, -6.7672e-05]]],


        [[[ 1.3588e-06, -1.0585e-04,  1.2676e-04,  4.1639e-05,  3.0541e-05],
          [-1.2009e-05, -4.1319e-05, -6.4989e-05,  3.8964e-05, -1.1358e-04],
          [-6.6170e-05, -1.3964e-04,  2.5702e-04,  8.7965e-05, -6.3461e-05],
          [-1.7036e-05,  3.8719e-05,  7.7098e-05,  8.2229e-05, -7.6971e-05],
          [-5.7981e-05,  1.8723e-04, -1.1609e-04, -5.5168e-05,  6.4167e-05]]],


        [[[ 6.2115e-05, -1.0998e-05, -1.4440e-04, -6.2559e-05,  4.5803e-05],
          [-4.2258e-05, -2.4283e-05,  9.0863e-05,  1.6867e-04, -9.9499e-05],
          [ 8.8002e-05, -7.4977e-05, -2.9280e-05,  9.7630e-05, -1.1296e-04],
          [-2.7136e-04, -4.1555e-06,  3.4880e-05, -4.8665e-05, -4.6898e-05],
          [-7.4672e-05,  2.5834e-05, -8.2446e-05,  5.0862e-05,  4.9207e-05]]],


        [[[-9.3622e-05,  6.6733e-05,  1.5658e-05,  8.8671e-05,  1.2713e-04],
          [ 1.6826e-04, -7.8906e-05,  4.5432e-05, -6.5489e-05,  2.0384e-05],
          [-7.7802e-05, -9.7560e-05,  1.1854e-04,  1.1831e-04, -1.0320e-04],
          [ 2.5372e-05, -4.1131e-05,  9.0432e-05,  2.6054e-05, -4.9025e-05],
          [ 4.1629e-05, -3.0253e-05, -4.4876e-05,  1.5658e-04, -9.0274e-05]]],


        [[[-9.1259e-05, -5.2488e-06,  1.1033e-04,  2.2793e-04, -7.6344e-05],
          [ 7.8065e-05, -7.2254e-05,  1.3625e-04,  8.4471e-05, -1.3317e-04],
          [-1.2336e-04, -2.9051e-05,  6.3340e-05, -3.8470e-05,  3.7116e-05],
          [-1.0476e-04, -1.9315e-04, -7.2949e-05, -1.2866e-04, -1.5453e-04],
          [ 6.4633e-05, -1.3460e-04,  2.1223e-04,  3.8485e-05, -1.4484e-04]]],


        [[[ 1.2100e-04,  4.1015e-05,  9.6700e-05,  7.6359e-05, -7.0170e-05],
          [ 1.0148e-04,  7.7678e-05, -5.9786e-05,  2.2833e-05,  8.7845e-05],
          [ 3.4821e-05, -3.4408e-05, -6.8512e-05, -9.4609e-05, -4.4006e-05],
          [-2.0350e-04,  1.1410e-04,  1.4266e-04, -1.4626e-04,  2.0524e-04],
          [-7.4264e-05, -5.0166e-05, -2.4292e-05,  4.1388e-05,  4.7992e-05]]],


        [[[-8.2901e-05, -8.9016e-05,  2.0141e-04, -2.2114e-04,  1.9735e-05],
          [-2.0206e-04,  5.3917e-05,  5.5351e-05, -1.2217e-05,  5.8015e-05],
          [ 4.1027e-05,  1.8020e-04,  1.1970e-04,  9.3291e-05, -5.2247e-05],
          [ 1.3330e-04,  7.8421e-05, -6.2643e-05,  1.9527e-05,  1.1526e-04],
          [ 1.0488e-04, -1.1134e-04, -7.1525e-05,  1.3170e-05, -3.2672e-05]]],


        [[[ 5.4441e-05,  9.5361e-06,  1.2633e-05, -2.1510e-04, -1.0934e-05],
          [-6.5393e-06, -1.2108e-05, -2.3260e-04,  4.0586e-05,  2.1281e-04],
          [-7.6952e-05, -2.1546e-04, -3.2500e-05,  4.7176e-05,  8.9850e-05],
          [ 2.7255e-05,  2.3215e-05,  2.0911e-04, -2.7888e-06,  1.4309e-04],
          [ 2.3444e-05, -1.6157e-05,  5.8871e-05, -1.1925e-04, -1.0220e-04]]]],
       device='cuda:0', requires_grad=True)conv1.biasParameter containing:
tensor([-0.0017, -0.0012,  0.0134,  0.0012,  0.0334, -0.0008,  0.0151, -0.0018,
         0.0028,  0.0027,  0.0052, -0.0017,  0.0006,  0.0014,  0.0022, -0.0011,
         0.0179,  0.0149, -0.0006, -0.0007], device='cuda:0',
       requires_grad=True)conv2.weightParameter containing:
tensor([[[[ 9.6023e-05,  7.1355e-05,  2.4419e-04, -1.0755e-04,  8.4479e-05],
          [-5.7249e-05, -9.1938e-05,  7.6093e-05, -1.2477e-04,  1.1151e-05],
          [-5.8943e-05, -2.9642e-05, -1.8363e-04, -1.1285e-04, -1.1022e-05],
          [-3.5033e-05, -8.1844e-05, -3.7166e-06,  5.9733e-05,  4.4847e-05],
          [-7.1854e-05, -6.7346e-05, -1.8242e-04,  1.8301e-04,  6.2812e-05]],

         [[-8.7833e-05, -1.6871e-04,  6.7326e-05, -8.2763e-05,  4.9496e-05],
          [ 5.7456e-05,  5.4129e-05, -1.3145e-04, -2.5677e-05,  1.1426e-04],
          [ 2.0098e-04, -1.0981e-04,  4.5383e-06, -1.9922e-04,  3.7946e-05],
          [-8.4589e-05,  5.7469e-05,  6.6672e-05,  1.9743e-04, -2.0851e-04],
          [ 6.7180e-06, -5.4622e-05, -1.1633e-04,  2.2162e-05, -1.2660e-04]],

         [[-9.2195e-05,  4.9201e-05,  8.3846e-05, -1.2435e-04,  2.4144e-07],
          [-8.0183e-05,  1.2607e-04,  4.2311e-05, -1.2014e-04,  2.1702e-05],
          [-2.9260e-05,  4.9071e-05,  1.4390e-04,  2.9930e-05, -1.6772e-05],
          [-7.2665e-05, -2.2067e-05,  1.9167e-06,  1.3371e-04, -1.3151e-04],
          [-2.1549e-04, -1.3988e-04, -3.9080e-05,  2.1778e-05,  4.6417e-05]],

         ...,

         [[ 5.3846e-05, -1.4502e-04,  4.4096e-05, -9.6171e-05,  3.7506e-05],
          [ 2.5389e-05, -1.2361e-04,  7.5901e-05, -7.9455e-05,  2.5754e-05],
          [-2.2649e-05,  7.3994e-06, -4.4548e-07, -1.1463e-04, -2.6662e-05],
          [-9.3542e-05, -1.1775e-05, -7.0910e-05,  1.0086e-04, -2.5079e-05],
          [ 9.2128e-05,  4.9317e-05,  9.8084e-05, -2.2364e-05, -6.4783e-05]],

         [[-5.0976e-05,  2.0794e-04,  2.8987e-05,  4.6614e-05, -9.5306e-05],
          [ 4.7730e-05, -1.0528e-04, -1.1297e-04, -2.7010e-05,  2.5664e-05],
          [-3.4551e-05,  2.7580e-05,  3.2754e-05, -1.1838e-04,  1.0763e-04],
          [ 1.4143e-04,  5.3710e-05, -8.9673e-05,  2.0770e-04,  1.4397e-04],
          [-7.4553e-05, -1.0613e-05, -1.0530e-04,  5.0395e-05, -9.3172e-05]],

         [[ 4.1212e-05,  1.2405e-04,  8.1140e-06,  1.6764e-04, -1.1086e-05],
          [-7.9633e-05, -1.3944e-04,  1.6572e-04,  9.1869e-06, -3.9172e-05],
          [ 6.8770e-06,  2.0284e-05, -9.2240e-05, -9.1701e-06,  9.3896e-05],
          [-6.4976e-05, -6.9389e-05, -5.0745e-05, -7.4255e-05,  2.4703e-05],
          [-8.1870e-05,  7.5337e-06, -2.0243e-05, -7.6631e-05,  6.4968e-05]]],


        [[[-1.7177e-05,  1.4596e-05, -1.5494e-06,  1.3763e-04, -1.3107e-04],
          [ 1.4469e-04, -1.6974e-05, -7.4720e-05,  2.2737e-05,  6.9937e-05],
          [ 8.8678e-05, -7.5654e-05,  3.0231e-05, -1.1608e-04, -3.6249e-05],
          [-3.5365e-05,  1.3147e-05,  1.3898e-05,  5.7533e-05, -4.3301e-05],
          [ 5.0540e-05,  1.0170e-04, -1.0876e-04, -9.7661e-06, -1.5314e-04]],

         [[ 4.5644e-05, -1.5042e-05,  4.1832e-05,  7.1094e-05,  2.3931e-04],
          [-1.0694e-04, -2.2366e-04,  1.0687e-04, -1.1533e-04,  3.7401e-05],
          [-3.1565e-05,  2.3524e-05, -3.8105e-05,  1.8862e-05, -1.0078e-05],
          [-5.5395e-05, -5.1810e-06,  1.7392e-05,  1.3018e-04, -7.9766e-05],
          [ 1.7418e-04, -8.9866e-05,  3.0950e-05,  8.3178e-05,  1.8866e-05]],

         [[-5.1782e-05,  6.9066e-05,  4.2376e-05, -3.0998e-05,  9.3271e-05],
          [ 3.4124e-05, -1.2047e-04,  1.5547e-04,  1.4336e-04,  2.8012e-04],
          [ 4.5650e-05, -1.3444e-04, -5.2150e-05,  2.5390e-05,  3.6985e-05],
          [-4.3278e-05, -3.0076e-05, -2.4968e-05, -8.2212e-05, -1.2054e-04],
          [ 1.4321e-04,  1.3999e-04,  9.0568e-05,  1.5844e-05,  7.6494e-05]],

         ...,

         [[ 4.9035e-05,  1.0978e-05,  3.8952e-05,  1.3159e-04, -8.5580e-05],
          [-1.0753e-04, -9.4616e-05, -3.0308e-05, -3.5905e-05, -7.7879e-05],
          [ 4.8926e-05, -1.9462e-05,  1.6810e-05,  9.7441e-05, -9.3432e-05],
          [ 3.3315e-05, -1.4508e-04,  3.5135e-05,  4.3160e-05, -3.0691e-05],
          [-3.8771e-05,  2.0155e-05,  4.2690e-06,  1.4778e-04, -5.0180e-05]],

         [[-8.2559e-05, -1.7173e-05,  2.5211e-05,  3.4457e-05,  4.1782e-06],
          [ 6.9264e-05, -1.1647e-04,  1.1465e-04,  1.8905e-04,  1.6748e-04],
          [-3.5090e-05,  9.6383e-05,  6.0209e-05, -2.9193e-05,  1.1599e-04],
          [ 4.4988e-06, -1.3548e-04, -1.4001e-04,  2.7264e-05, -9.3998e-05],
          [ 8.3187e-05, -9.6169e-06, -3.3583e-05,  4.9378e-05,  3.5976e-05]],

         [[ 2.2263e-05, -1.8372e-05, -1.2222e-06,  7.8956e-05, -9.1497e-05],
          [ 3.4796e-05,  7.0430e-05,  1.5268e-04, -1.0179e-05,  6.3353e-05],
          [-7.3707e-05,  1.5270e-04, -8.6940e-05,  4.4614e-05,  1.2536e-04],
          [ 2.9636e-05, -3.8799e-05,  1.5168e-04,  8.3370e-05, -6.8989e-05],
          [ 3.2758e-04,  4.9167e-05, -5.6565e-05,  3.0966e-05,  5.6151e-05]]],


        [[[ 1.8591e-04,  5.8565e-05, -7.6653e-05, -5.9187e-05,  5.4497e-05],
          [ 1.9173e-05, -6.4487e-05, -7.2541e-05, -1.3022e-05,  2.6891e-04],
          [-6.5971e-05, -1.1768e-05,  1.9460e-04, -7.2545e-05,  2.5655e-05],
          [ 1.1077e-05,  1.8109e-04,  1.8709e-04, -5.5584e-05,  3.6307e-05],
          [-1.3139e-04,  7.4859e-05, -1.3448e-04,  2.2522e-05, -5.8447e-05]],

         [[-3.1120e-05,  3.8441e-05,  2.5664e-05,  4.7715e-05,  4.3220e-05],
          [-8.1150e-05, -8.0116e-06,  6.2491e-05,  1.4186e-04, -1.1384e-05],
          [-3.8446e-06,  1.0994e-04,  7.6376e-05, -1.0227e-04, -1.9970e-05],
          [-2.1834e-05,  4.5217e-05,  4.4702e-05,  8.1330e-05, -1.3484e-06],
          [ 3.7510e-05,  3.9052e-05, -1.9068e-04, -1.1693e-04, -2.6278e-05]],

         [[-8.6055e-05, -3.7884e-05,  2.3344e-04,  1.0481e-04,  7.3205e-05],
          [-3.1411e-05, -6.4747e-05,  2.7910e-04,  2.9122e-05, -2.9861e-05],
          [ 1.2112e-04, -6.3520e-06,  1.3373e-04,  4.1464e-05,  9.1623e-05],
          [ 1.6704e-05, -9.5864e-06, -2.4329e-05,  3.9011e-05, -1.1288e-04],
          [-1.0892e-05, -1.2273e-04,  1.2417e-04,  6.4166e-05,  1.0027e-04]],

         ...,

         [[ 1.8405e-05,  7.9239e-05, -1.0490e-04, -2.2086e-05,  2.9197e-07],
          [ 5.4225e-05, -1.6323e-04,  1.9502e-05,  2.5871e-05, -3.9000e-05],
          [-1.3120e-04, -1.0937e-04, -2.2025e-05,  4.5998e-05, -4.8193e-05],
          [-4.0414e-05, -4.4101e-05,  2.6442e-04,  1.0284e-04,  4.0331e-05],
          [ 1.0227e-04, -2.5899e-05,  2.5397e-05,  8.3599e-06,  8.8809e-05]],

         [[-1.1064e-04,  1.0447e-04,  1.1796e-04, -1.5579e-05,  1.1988e-04],
          [ 1.6956e-04,  8.9517e-05,  9.7082e-05,  7.6661e-05, -7.7716e-05],
          [-6.4745e-05,  1.0719e-05,  6.6569e-05, -2.2092e-04, -1.6174e-04],
          [ 5.6124e-07,  1.4488e-05,  1.8641e-04,  1.2237e-04, -1.4354e-04],
          [-1.0776e-05, -1.1744e-04, -2.8125e-05, -8.3832e-05, -2.0653e-04]],

         [[ 1.2594e-04,  1.7955e-05, -3.2952e-05, -1.1793e-04, -1.2102e-05],
          [-6.0979e-05,  4.4271e-05,  7.2973e-05, -1.2931e-04,  1.7014e-04],
          [-1.5878e-04, -8.8246e-06,  1.2593e-04,  5.7252e-06, -8.6848e-06],
          [ 5.2444e-05, -4.6062e-05,  7.5251e-06,  1.1361e-04,  1.5864e-04],
          [ 3.3933e-07, -5.6738e-05,  1.8240e-04,  3.6181e-05,  5.1561e-05]]],


        ...,


        [[[-4.0903e-05,  3.4827e-06,  3.4690e-05,  1.3505e-04,  6.3213e-07],
          [-7.6900e-05,  3.5923e-05,  1.2153e-05, -1.2143e-04,  1.4578e-04],
          [ 3.3195e-05,  7.1299e-05, -1.1737e-04,  5.2233e-05, -9.9161e-05],
          [-1.9589e-04, -4.6005e-05, -3.5955e-06,  1.7071e-05, -1.8316e-04],
          [-1.1102e-05, -5.2248e-05,  7.8982e-05,  3.9545e-05, -8.8408e-05]],

         [[ 5.1535e-05, -7.6130e-06,  6.0651e-05,  9.1411e-05,  1.1402e-04],
          [ 8.8337e-05, -8.7539e-05,  1.9655e-04,  3.5850e-05, -3.4203e-05],
          [-1.1721e-04,  1.5457e-05,  6.4241e-05, -4.0288e-06, -4.4327e-05],
          [-3.0115e-05, -4.8113e-05, -7.4973e-05, -1.6025e-05,  8.0068e-06],
          [-7.9763e-05, -5.2699e-05, -9.8352e-05,  9.8450e-05,  1.0690e-04]],

         [[ 1.4367e-04, -3.4202e-05,  7.5696e-05,  4.9060e-05, -1.9629e-05],
          [-1.6283e-04, -5.1121e-05,  4.9832e-05, -5.4199e-05,  4.1060e-05],
          [-4.9739e-05,  4.8837e-05,  3.6429e-05,  1.7449e-04, -5.5346e-05],
          [ 3.9421e-05,  7.5409e-05, -7.1778e-05,  1.0756e-04, -7.3976e-06],
          [-2.8378e-05,  7.5350e-05,  8.3759e-05,  1.0269e-04, -1.8445e-04]],

         ...,

         [[ 7.2356e-05, -3.1948e-05,  6.6813e-06,  3.3641e-05, -9.7377e-05],
          [-1.1306e-04,  6.5981e-05, -1.4548e-04, -1.3816e-04, -1.0585e-04],
          [ 3.8996e-05,  9.0623e-06, -4.1851e-05,  8.9610e-05,  4.4756e-05],
          [-5.3976e-05,  4.4594e-05,  2.4690e-05, -1.2590e-04, -1.9579e-05],
          [ 5.3907e-06,  2.7875e-05,  2.6554e-04,  1.8616e-04, -2.3926e-05]],

         [[ 3.3035e-07,  1.5772e-05, -2.6087e-05, -7.4764e-05, -1.4057e-04],
          [-6.0061e-05, -4.7911e-05,  1.0195e-04, -2.1186e-07,  9.9212e-05],
          [-4.6773e-05,  2.2143e-05,  7.4541e-05,  9.9061e-05,  7.4901e-05],
          [ 1.4931e-04, -3.6130e-05, -6.2570e-06,  5.1162e-05, -9.2839e-05],
          [ 5.6822e-05,  5.7535e-06,  7.1228e-05,  1.2858e-04,  1.0020e-04]],

         [[-3.9232e-05, -1.1585e-04, -3.0187e-05,  3.1209e-05,  2.3619e-05],
          [ 9.3298e-05,  2.3959e-05,  2.5349e-04,  6.8651e-05,  7.5716e-05],
          [-1.5460e-04,  2.4728e-06,  1.1943e-04,  2.2589e-05,  8.9212e-06],
          [ 1.5769e-04, -1.1074e-05, -2.3099e-05, -7.8512e-05, -4.8606e-05],
          [ 5.9480e-05,  4.7951e-05,  1.1835e-04, -2.3505e-05,  6.9589e-06]]],


        [[[-6.5693e-05, -8.9968e-05, -1.2852e-06,  9.3657e-05, -1.5411e-04],
          [ 8.3604e-06, -2.1297e-06, -8.7128e-05, -4.3132e-05, -1.6016e-05],
          [ 1.9178e-05,  1.2284e-04,  7.9353e-05,  8.0179e-05,  7.0278e-06],
          [ 3.2881e-05, -6.9787e-05,  6.0274e-05,  7.3456e-05, -2.0803e-04],
          [ 6.0632e-05,  2.7260e-04,  7.3104e-05, -6.2635e-05, -6.4016e-05]],

         [[-5.9737e-07, -6.4250e-06, -1.0534e-04,  5.8356e-05,  1.5849e-05],
          [ 9.4383e-05,  1.1413e-05, -5.5375e-05, -3.2130e-07, -2.0433e-05],
          [-1.2038e-04, -6.0383e-05, -1.6675e-04,  1.4936e-04, -1.7026e-05],
          [-1.4257e-04,  1.2219e-04, -1.3009e-04,  9.0423e-05, -1.3894e-04],
          [ 1.5191e-04, -3.2569e-06,  8.1668e-05, -1.0954e-05,  3.2997e-05]],

         [[ 2.5045e-05, -5.1343e-05,  1.5911e-04, -3.2053e-06,  4.8048e-05],
          [-6.2984e-05, -6.5713e-05,  3.1696e-05, -2.8843e-05,  1.5922e-04],
          [-1.0264e-04,  3.0165e-05, -1.5375e-04,  6.8203e-05, -1.7411e-04],
          [ 3.5827e-05, -1.9189e-04, -3.9368e-05, -9.7581e-06, -1.4606e-04],
          [ 3.2831e-05, -3.7206e-05, -1.3513e-04, -1.9771e-06,  8.9550e-05]],

         ...,

         [[-7.7508e-05,  4.7630e-05, -4.9981e-05,  2.3583e-04,  1.7975e-04],
          [-4.4857e-05, -7.5486e-06, -3.9718e-05, -3.6255e-06,  1.3774e-04],
          [ 6.2523e-05,  7.7554e-05, -2.4842e-04,  4.8598e-05, -9.6050e-05],
          [-1.8658e-04,  3.6846e-05, -1.4087e-04, -2.5390e-05, -6.7652e-05],
          [ 8.0220e-06, -1.4875e-04, -7.9827e-05, -5.1150e-05, -1.1814e-04]],

         [[ 1.1852e-05, -4.8574e-05, -1.2579e-04,  3.6585e-05,  2.3527e-05],
          [ 9.4677e-06,  4.6958e-06,  1.2542e-04, -9.6230e-05, -6.8039e-06],
          [ 1.4256e-04, -3.9577e-05, -3.9081e-05, -1.6274e-04,  7.0995e-05],
          [-1.4486e-05,  6.7420e-05,  5.1670e-05, -1.7616e-07, -6.6865e-05],
          [-2.9309e-05,  8.8292e-05, -8.5053e-05, -9.7838e-05, -4.3228e-05]],

         [[ 5.2436e-05,  2.6555e-06,  1.2675e-05, -1.2104e-05, -1.2916e-04],
          [ 1.0115e-04, -1.1088e-04,  1.1940e-04,  2.5921e-05, -8.9670e-05],
          [-6.5324e-05, -6.1940e-05, -1.7208e-05, -3.4674e-06,  5.9314e-05],
          [ 4.2529e-05,  7.7358e-05,  9.4454e-05, -1.1381e-04,  3.8760e-05],
          [-1.6503e-04, -5.6819e-05, -5.4770e-05,  7.6614e-05,  8.2908e-05]]],


        [[[-2.0541e-05, -6.1195e-05,  4.2972e-05, -5.8902e-06,  8.5452e-05],
          [ 1.5246e-05, -4.5506e-05, -5.3441e-05, -8.8316e-05, -2.7564e-05],
          [-4.7935e-05, -3.1747e-05,  1.5119e-05,  5.5039e-05, -3.8710e-05],
          [ 3.2202e-05, -1.8389e-04,  1.5302e-05, -4.8165e-05, -8.5642e-05],
          [-3.2873e-05, -2.9001e-05,  3.0046e-05,  4.2974e-05, -7.0229e-05]],

         [[-2.2031e-05, -2.5665e-05,  7.7748e-05,  8.6552e-05, -2.8659e-05],
          [-5.5298e-05,  7.8722e-05, -1.6516e-05, -1.7212e-04,  3.7975e-05],
          [-2.3469e-06,  3.2735e-05,  4.1808e-05, -7.7398e-05, -2.3225e-05],
          [ 1.3651e-04, -9.5598e-05,  9.1806e-05,  2.7539e-05, -1.5889e-05],
          [-9.3155e-05,  8.9654e-05,  1.3031e-04, -3.8617e-05, -7.7722e-05]],

         [[ 8.3175e-05, -1.2584e-04,  1.8180e-05, -6.0590e-05, -9.7616e-05],
          [-5.1356e-05,  5.2419e-05,  1.8141e-05,  3.8499e-05,  4.6046e-05],
          [ 1.0942e-04, -1.1195e-04,  7.7011e-05,  6.0583e-05, -1.8977e-04],
          [ 1.4227e-04,  2.5067e-05,  3.8949e-05, -6.3908e-05, -3.6085e-05],
          [ 1.6759e-05,  3.8488e-05,  1.4559e-04,  8.6371e-05, -7.3724e-05]],

         ...,

         [[ 7.4317e-05,  9.6240e-05,  1.0749e-05,  3.1567e-05, -2.0963e-05],
          [ 1.0975e-04,  7.2716e-05, -9.9517e-05,  9.6433e-05, -2.7590e-05],
          [ 7.6640e-05,  1.0533e-04, -1.3533e-04, -6.5618e-06, -3.6073e-05],
          [-1.0725e-04,  6.4094e-05, -1.6164e-05, -2.8123e-05,  6.4250e-06],
          [ 8.5113e-05, -2.4471e-05,  3.2682e-05, -1.0179e-04,  7.0647e-05]],

         [[ 9.9723e-05, -1.7386e-04,  9.0043e-06,  3.0986e-05, -9.2430e-05],
          [ 3.5898e-05,  2.6197e-05,  2.1126e-05,  1.0512e-05, -6.6787e-05],
          [-1.2645e-04, -2.9300e-05, -8.1044e-05,  5.3905e-06,  1.3240e-04],
          [ 8.6927e-06,  1.9343e-04, -1.4729e-04,  2.9116e-05,  2.3295e-05],
          [ 3.3274e-05, -1.0981e-04,  1.1162e-05,  7.4206e-05,  3.1929e-05]],

         [[-2.5437e-05,  3.8173e-05, -1.3538e-04, -3.6969e-06,  5.9839e-05],
          [-1.5236e-04, -3.5804e-06, -2.4859e-05,  4.6628e-05,  1.3462e-04],
          [ 9.4077e-05,  1.4113e-04, -1.4050e-05, -5.1614e-05,  3.1772e-06],
          [-9.9428e-05, -8.1718e-05,  2.7732e-05, -8.6108e-05,  1.2617e-04],
          [-6.3624e-05, -1.3802e-04,  3.0647e-05, -1.0743e-04, -2.0736e-05]]]],
       device='cuda:0', requires_grad=True)conv2.biasParameter containing:
tensor([-0.0049, -0.0151, -0.0028, -0.0066, -0.0094, -0.0098, -0.0191, -0.0035,
        -0.0097, -0.0038, -0.0084, -0.0052, -0.0092, -0.0054, -0.4452, -0.0142,
        -0.0157, -0.0042, -0.0213, -0.0033, -0.0161, -0.1104, -0.0181, -0.0030,
        -0.0115, -0.0037, -0.3712, -0.0048, -0.0110, -0.0034, -0.0217, -0.0191,
        -0.0152, -0.0328, -0.0091, -0.0093, -0.0063, -0.0036, -0.0054, -0.0209,
        -0.0033, -0.0156, -0.0071, -0.0091, -0.0083, -0.0046, -0.0036, -0.0046,
         0.0108, -0.0145], device='cuda:0', requires_grad=True)fc1.weightParameter containing:
tensor([[ 1.4427e-08, -2.3111e-07, -6.6282e-05,  ...,  7.6651e-43,
         -9.2149e-42,  1.0363e-41],
        [-3.3302e-41,  3.0645e-41,  8.9862e-41,  ..., -1.1889e-41,
         -1.5027e-40, -1.7253e-40],
        [-1.9964e-40,  4.8657e-25,  7.8166e-25,  ..., -2.5300e-41,
         -7.3022e-42, -4.7954e-41],
        ...,
        [-1.2006e-08, -4.3691e-07, -9.1736e-06,  ..., -5.0811e-42,
          1.3764e-41,  1.5252e-41],
        [-6.6264e-34,  7.1315e-34,  1.3492e-33,  ..., -1.9762e-40,
         -1.9628e-40,  6.8743e-41],
        [-7.6833e-08,  2.0391e-06, -2.3201e-04,  ...,  5.6290e-42,
          7.6973e-42, -1.5793e-42]], device='cuda:0', requires_grad=True)fc1.biasParameter containing:
tensor([-1.0456e-01, -2.2706e-22,  2.0977e-11,  1.5047e-02,  3.9828e-02,
         1.6633e-02,  2.1458e-02,  3.4665e-02, -3.4783e-18,  7.0037e-02,
        -2.4204e-26,  7.9958e-42, -1.8000e-07, -3.2713e-12, -8.9312e-15,
         9.2879e-02,  8.2682e-03,  1.2945e-33,  5.7925e-02,  7.0198e-02,
        -1.0578e-04, -2.7598e-02, -1.6897e-09, -1.5960e-02,  1.3153e-03,
        -7.7768e-09, -9.8521e-05, -8.9361e-42, -6.8673e-09, -4.2154e-06,
        -7.9684e-35, -5.9792e-02,  3.1502e-02, -3.2100e-19, -1.0428e-15,
        -1.0503e-19, -5.5585e-04,  8.9599e-42, -1.9641e-08,  6.1674e-02,
        -1.6295e-13, -7.4826e-04,  2.0197e-02, -1.9436e-27,  1.1638e-01,
        -3.4342e-25,  4.1996e-02, -5.1822e-38, -5.7915e-12, -1.2821e-26,
        -9.6002e-07,  1.5730e-03, -9.6548e-31,  1.9406e-02, -3.9502e-10,
        -9.0702e-05, -5.9513e-42, -1.3159e-17, -3.1439e-03,  2.9673e-02,
         8.2762e-22, -5.5279e-08, -6.7068e-13,  1.5970e-02,  6.8905e-04,
         1.0304e-02, -6.2921e-07, -6.5405e-09,  5.2591e-02, -1.2535e-06,
        -1.2469e-05, -1.2942e-02,  2.7842e-02, -8.9354e-02, -3.5487e-05,
        -1.6636e-05,  4.3629e-03, -2.0933e-29,  1.2458e-01, -6.7000e-15,
        -3.6165e-04,  3.4053e-02,  1.7191e-41, -1.9865e-03,  1.3290e-39,
        -5.3488e-15, -2.1941e-02, -1.8154e-02,  8.4291e-03, -2.3951e-10,
         1.3777e-01, -1.6148e-02, -3.6866e-10, -2.5813e-07,  1.7653e-25,
        -2.1827e-08, -1.4032e-09, -1.3898e-38, -1.4538e-02, -1.7637e-14,
        -8.9408e-14, -3.8120e-19, -8.3968e-05, -5.5362e-17, -1.1697e-18,
        -2.9091e-42,  6.4123e-42, -2.4458e-12, -6.3048e-02,  2.2259e-40,
        -3.0917e-03, -1.7603e-03,  4.2328e-02,  6.7323e-02, -6.3859e-02,
         3.9532e-04, -9.9464e-25, -2.0243e-07, -5.4663e-02, -7.5718e-03,
         6.7323e-03,  3.2061e-03, -4.3261e-08, -1.2684e-17, -5.8176e-03,
         1.5727e-02,  2.1353e-02,  1.5967e-02,  5.3658e-02,  6.6409e-02,
         2.1345e-02,  5.2128e-02, -5.1857e-18, -1.3705e-05, -1.7724e-10,
         3.4730e-02, -1.5440e-04, -1.6828e-02,  5.0716e-19, -7.8984e-10,
         7.1583e-02,  4.7916e-28, -3.8456e-02,  2.2811e-03,  4.4078e-02,
         7.7307e-02, -1.2282e-05, -7.2061e-04,  1.1340e-01, -1.3871e-16,
        -8.1563e-09, -3.9976e-31, -3.3565e-03,  6.2246e-42,  9.5212e-03,
        -8.7433e-03, -5.3706e-09, -1.4699e-10,  1.9759e-02,  7.8849e-02,
         1.2082e-01, -3.4819e-03, -3.4715e-12, -4.7294e-03,  6.6749e-02,
        -3.3194e-03,  9.4908e-36,  7.4268e-02, -8.4644e-04, -2.8648e-06,
         7.4526e-02, -4.3877e-36, -1.7859e-03,  2.6596e-03, -3.5187e-17,
        -7.7378e-21, -2.4136e-10, -1.7829e-03, -1.7558e-12, -8.6929e-22,
         1.3562e-02, -8.5409e-07,  5.7826e-03,  5.7466e-02, -4.2136e-33,
         5.5467e-03, -1.5272e-32,  1.4524e-03,  2.2881e-07,  4.6458e-03,
         1.9554e-02, -1.7976e-18, -2.2312e-15,  4.1763e-02, -2.9178e-17,
         6.8261e-02, -8.1168e-04, -2.9443e-05, -9.1340e-04,  2.7044e-02,
        -1.5046e-06, -2.7239e-24, -1.6518e-05,  1.4085e-02,  6.5494e-23,
         1.5316e-02,  3.9813e-02, -5.4094e-08, -3.0347e-07, -7.0976e-05,
        -2.2948e-41, -8.6522e-07, -1.0799e-21,  7.4643e-02, -3.6832e-15,
         1.5445e-01, -4.6566e-08, -9.7320e-42, -1.7993e-02,  6.4237e-02,
        -1.9078e-20,  2.8335e-02, -2.4730e-11, -2.7374e-06, -2.2053e-14,
         5.0452e-03, -5.2584e-10,  2.9790e-39, -5.0709e-12, -6.1769e-42,
         2.9500e-07, -2.4116e-09, -4.1503e-24,  3.7441e-28, -1.6867e-06,
         4.4785e-03,  3.0355e-02,  1.9605e-02, -2.8305e-03, -5.1768e-04,
        -2.0350e-17, -1.0169e-02,  2.5351e-35, -7.5152e-42, -1.1486e-08,
        -1.1244e-02,  8.9669e-42,  5.9562e-02,  6.4702e-02, -1.8708e-08,
        -2.2308e-09, -7.2309e-04, -2.1165e-02, -1.3607e-42,  4.1413e-02,
        -2.6341e-02, -2.4199e-02, -9.8849e-20, -8.8250e-04, -1.7564e-18,
        -3.0187e-25, -2.2662e-04,  6.0786e-03, -6.4680e-15, -9.4212e-14,
        -6.4570e-09,  5.8342e-02, -3.4430e-42,  6.1027e-42, -5.3106e-13,
         7.2391e-42, -1.9116e-08, -3.9280e-02, -6.7465e-02,  4.1068e-02,
         2.4085e-05, -7.5900e-02,  1.2023e-41,  1.0839e-02, -4.9351e-04,
        -6.2354e-11,  4.2315e-02, -7.2063e-09, -6.0556e-02, -4.2315e-02,
        -7.8379e-04, -2.8589e-22,  3.4999e-02,  1.6228e-03, -7.9846e-03,
         1.8768e-04, -1.5096e-33, -1.3216e-19, -2.8018e-03,  8.9167e-02,
        -1.6225e-11,  6.6561e-02, -7.1031e-16, -4.7961e-04, -3.3463e-42,
        -7.4117e-02, -1.2315e-34,  6.2059e-08,  1.0417e-41, -1.8442e-19,
        -1.4709e-05,  2.2428e-03, -1.1549e-05,  2.4004e-02, -3.4666e-02,
         2.3281e-02,  1.1286e-41,  9.6094e-34, -2.4407e-09, -3.6243e-02,
        -1.1073e-03, -1.3187e-19,  3.4425e-02, -9.8612e-07, -2.2462e-11,
        -9.8556e-09, -1.8929e-39, -7.6520e-06, -6.9269e-15, -7.7448e-09,
        -1.5173e-09, -2.9779e-05, -1.3852e-10, -6.7006e-09,  5.7547e-02,
        -5.7033e-43, -6.2350e-13,  6.7424e-02,  6.0974e-03,  1.3645e-01,
        -1.2323e-39, -9.0719e-08,  1.6112e-02, -2.0330e-04,  1.3336e-02,
         6.4340e-02, -1.4417e-02,  3.0535e-03,  1.8102e-01, -3.0950e-04,
        -4.5603e-16, -1.1960e-11, -4.9554e-26, -2.5167e-42, -4.3530e-23,
        -6.1042e-02, -4.6216e-03,  3.6134e-02, -7.4592e-03, -3.3747e-13,
        -7.8753e-19,  1.0129e-03,  1.7337e-06, -2.9419e-03,  4.5751e-02,
        -5.7292e-06, -2.9361e-11, -4.4788e-03, -1.9041e-02, -9.6536e-04,
        -1.5611e-03,  9.4882e-05, -2.1618e-08, -5.0098e-10, -6.3967e-10,
         1.2417e-01, -1.8035e-03, -8.9776e-02, -6.1794e-04, -6.9169e-03,
        -3.1459e-02, -5.5298e-10, -2.0860e-01, -9.8710e-04, -1.6808e-08,
        -2.7495e-20, -1.0947e-06,  2.7974e-04, -3.2304e-23,  4.4640e-02,
         1.0256e-24, -4.2066e-21,  6.4722e-03, -3.0713e-03, -1.1986e-05,
        -1.7443e-14,  3.1845e-02, -1.0689e-16, -2.7636e-25, -3.7677e-23,
         5.2615e-04, -1.3252e-41, -1.1175e-05, -9.0300e-06, -8.5228e-03,
        -4.8860e-11, -5.9191e-42,  2.4845e-02, -6.8425e-42, -7.1237e-24,
        -2.6616e-29,  3.0816e-37,  2.6478e-02, -1.0690e-03, -3.5985e-42,
        -2.5720e-07, -2.5494e-08,  6.4936e-02,  3.2212e-03,  4.6094e-02,
         6.8517e-02, -3.0543e-09, -3.5130e-03, -1.5767e-08,  5.1937e-03,
        -1.3056e-41, -2.0965e-02, -1.6371e-35, -1.5405e-22, -2.0884e-05,
         2.2988e-02, -7.2080e-12,  7.3268e-19,  8.4006e-03, -1.2165e-01,
        -3.7393e-08, -2.9516e-02, -1.2391e-27, -3.0401e-22,  4.4954e-02,
         1.7455e-23, -2.6654e-31,  2.2756e-14,  7.3082e-04, -6.0161e-03,
        -4.2380e-13, -2.6536e-24,  1.5154e-01, -1.3255e-41, -7.8467e-07,
         7.9038e-03, -1.0510e-09, -1.8921e-04, -8.1980e-15, -2.3942e-21,
         3.8162e-03,  2.3218e-02, -9.0560e-07, -8.3423e-05, -2.7451e-42,
         8.9081e-02,  2.1318e-02, -2.3333e-18, -1.0253e-02, -1.8085e-02,
        -1.4849e-10,  2.3855e-02,  1.4036e-33, -1.0578e-01, -1.6031e-06,
         2.3555e-33, -2.6771e-09, -2.3829e-06, -3.8617e-07, -3.5435e-37,
        -6.7902e-40, -8.9494e-03,  1.2480e-02, -1.1607e-06, -7.0391e-15,
        -7.4660e-22, -6.7346e-03,  4.8534e-02,  2.9837e-07, -1.7084e-06,
        -5.7116e-06, -2.7177e-04, -2.8121e-02, -4.1347e-25, -1.2220e-04,
        -8.5122e-14,  3.2695e-02, -1.0316e-02, -1.1053e-05, -2.0750e-20,
         2.8825e-03, -2.2951e-05, -8.4140e-06, -1.0250e-07, -1.0736e-02,
        -9.3617e-09, -4.9668e-10,  8.7334e-03, -9.2325e-05,  2.2429e-03],
       device='cuda:0', requires_grad=True)fc2.weightParameter containing:
tensor([[-3.4659e-01,  9.1206e-25,  3.7829e-05,  ...,  2.1856e-01,
          1.9166e-02,  3.8983e-02],
        [ 1.1179e-01,  1.1569e-25, -1.8332e-09,  ..., -4.3329e-02,
          3.8268e-05, -1.1726e-01],
        [-1.4474e-02, -2.4030e-25, -3.6416e-05,  ..., -1.1098e-01,
         -8.5189e-03, -4.2706e-02],
        ...,
        [-4.8243e-02, -3.1417e-24,  9.1109e-05,  ..., -1.0627e-01,
         -2.0310e-03,  1.2655e-01],
        [-6.2173e-01,  1.0859e-23,  1.0974e-05,  ..., -2.7779e-01,
          7.6625e-03,  1.2565e-01],
        [ 3.1403e-01, -5.1725e-23, -2.7942e-05,  ..., -1.8672e-02,
         -1.3801e-02,  1.5215e-01]], device='cuda:0', requires_grad=True)fc2.biasParameter containing:
tensor([-0.0091, -0.0563, -0.0454, -0.1118, -0.0170, -0.0098,  0.0193, -0.0979,
         0.3177, -0.0062], device='cuda:0', requires_grad=True)