fc1.weightParameter containing:
tensor([[0., 0., 0.,  ..., 0., 0., 0.],
        [0., 0., 0.,  ..., 0., 0., 0.],
        [0., 0., 0.,  ..., 0., 0., 0.],
        ...,
        [0., 0., 0.,  ..., 0., 0., 0.],
        [0., 0., 0.,  ..., 0., 0., 0.],
        [0., 0., 0.,  ..., 0., 0., 0.]], requires_grad=True)fc1.biasParameter containing:
tensor([-1.4697e-27, -1.2838e-04, -3.9341e-11, -3.2660e-26, -3.7408e-14,
        -7.7544e-12, -1.1303e-23, -8.1501e-25, -9.7033e-11, -3.5332e-29,
        -4.6215e-30, -6.3709e-15, -4.1481e-09, -2.1725e-21, -9.7394e-12,
        -1.2816e-06, -2.9846e-14, -3.1206e-12, -5.5496e-09, -2.3259e-16,
        -1.0713e-03,  7.4075e-02, -1.1777e-11, -6.9247e-13, -2.4637e-13,
        -5.7874e-04, -3.2046e-18, -1.6829e-10, -1.1146e-14, -3.6544e-10,
        -5.8508e-27, -5.0051e-03, -3.0607e-20, -2.7833e-19, -6.8701e-33,
        -2.2741e-24, -8.9550e-04,  3.8250e-02, -2.0754e-02, -1.3326e-21,
        -2.7363e-15,  1.2675e-01,  7.7464e-02, -5.8456e-03, -1.7556e-05,
        -3.3708e-13, -6.3450e-05, -1.3026e-02, -1.1699e-31, -1.0164e-07,
        -1.8393e-03, -1.9132e-14, -1.9340e-15,  5.3011e-03, -5.1587e-16,
        -4.0358e-07, -4.0670e-32, -7.3243e-08, -1.0173e-19, -8.5631e-21,
        -2.2004e-06, -3.8008e-29, -3.0781e-06, -1.0958e-17,  6.5459e-02,
        -1.1849e-02, -1.6662e-15, -6.2758e-06, -4.8811e-24, -5.2001e-05,
        -8.7695e-17, -1.3056e-02, -1.5126e-02,  2.6448e-02, -1.1861e-06,
        -2.6133e-06, -5.2747e-13,  2.0369e-02, -2.1806e-26, -1.0104e-03,
        -1.0376e-29,  6.4732e-03, -3.2623e-02,  9.3311e-02, -9.3881e-25,
        -1.7418e-08, -3.4744e-36, -1.0383e-20, -2.2990e-08, -1.5908e-19,
         5.8265e-02, -8.3919e-05,  7.4273e-02, -2.2210e-31, -2.4084e-16,
        -2.9864e-05, -8.5530e-10, -3.7796e-08, -8.5480e-12, -3.0618e-02,
        -1.1641e-22, -1.7762e-28,  4.8957e-03, -2.5895e-15,  1.0691e-01,
        -5.0250e-18, -3.3491e-03,  6.3095e-02, -3.1991e-23,  4.2147e-03,
        -8.0502e-16, -2.3039e-11, -8.4466e-19, -1.7253e-10, -1.2470e-20,
        -3.7644e-18, -2.4445e-30, -2.3103e-05, -3.7236e-04, -6.0677e-06,
        -1.4019e-15, -4.0583e-02, -1.6118e-14, -2.9003e-17, -7.2698e-07,
        -2.7291e-07, -7.8585e-11, -3.1223e-25, -7.3200e-09, -3.8183e-08,
        -2.9418e-07, -1.6572e-08, -1.2117e-03,  1.7299e-03, -5.7660e-05,
        -1.4557e-17, -2.3754e-18, -1.1949e-05, -3.6806e-03,  4.5551e-02,
        -2.4503e-03, -1.2043e-14, -6.0037e-16, -1.1532e-08, -1.4571e-06,
        -6.5330e-03, -5.1230e-07, -6.3065e-08, -5.3943e-11, -2.6723e-23,
        -3.0605e-07,  2.9879e-02, -1.5033e-06, -1.4730e-03, -4.8209e-11,
        -9.8057e-03, -6.5405e-10, -9.4465e-05, -3.7639e-06, -1.2217e-13,
        -8.9192e-04, -9.1013e-06, -6.1675e-20, -2.0300e-05,  1.8089e-13,
        -2.0436e-22, -3.1294e-05, -7.2654e-07, -1.3363e-05, -1.8411e-03,
        -1.3622e-06, -3.8971e-27, -1.1653e-28, -1.4434e-02, -2.6769e-09,
        -2.1206e-08,  2.8270e-04, -3.0007e-12, -1.7738e-23, -4.2597e-10,
        -1.1111e-26, -2.4807e-05, -1.5024e-27, -1.7942e-07, -1.5535e-10,
        -2.8616e-03, -2.4917e-07, -3.1050e-26, -1.1090e-02, -1.0448e-06,
        -1.7316e-03, -1.2016e-12, -2.7502e-03, -3.5719e-15, -2.6079e-16,
        -5.2836e-11, -6.3578e-11, -2.0332e-16, -8.5442e-16, -2.7960e-14,
        -6.7603e-17, -2.1562e-25,  2.0996e-23, -1.9781e-09, -7.6081e-17,
        -1.4183e-12, -3.8336e-06, -1.3299e-08, -1.1221e-02, -9.8148e-30,
        -1.4962e-07, -3.0374e-08,  1.3985e-01, -2.0857e-15,  4.2646e-02,
         3.4692e-02,  6.7495e-03, -1.2066e-21, -6.6407e-06, -5.5828e-04,
         3.7998e-02, -2.8292e-07, -3.3684e-14, -8.3294e-04, -2.4556e-02,
        -2.8621e-05, -3.7193e-15, -1.9759e-13, -3.8023e-03, -8.5948e-09,
        -2.4236e-17, -4.0835e-10, -6.5404e-23, -2.7118e-10, -2.5175e-03,
        -4.4787e-14, -1.0466e-02, -6.7062e-08, -1.4131e-11, -2.9835e-02,
        -3.5354e-08, -2.9033e-23, -2.8281e-24, -9.1726e-27, -4.8574e-10,
        -1.1493e-10, -2.4902e-05, -6.5209e-03, -2.1894e-21, -2.9897e-04,
        -4.2346e-10, -6.9962e-08, -1.2770e-02, -4.0321e-08, -3.5634e-16,
        -1.0757e-01, -8.1459e-16, -4.8724e-05,  4.2093e-02, -5.8552e-21,
        -1.1154e-03,  1.5747e-02, -2.1015e-17, -4.1325e-04, -1.1315e-18,
         5.6803e-02, -5.6085e-10, -1.7420e-07, -5.3647e-02, -4.3842e-05,
        -1.1128e-13, -2.0831e-09, -1.0648e-28, -8.2900e-13, -2.1998e-02,
        -1.4469e-18, -3.4316e-10, -1.4460e-22, -8.4224e-06, -4.6221e-13,
        -8.3112e-03, -6.7965e-19, -2.6996e-02, -6.6022e-06, -5.5113e-08,
         5.2743e-02, -1.2083e-17, -2.8255e-08, -2.4940e-14, -1.7886e-13,
        -1.7810e-24, -1.0635e-06, -4.5257e-03, -1.0789e-03,  8.4191e-02,
        -1.7969e-07, -1.9283e-07, -4.3391e-05, -2.7242e-12, -7.2763e-14,
        -6.8577e-03, -2.6735e-13, -5.5486e-15, -9.5255e-04, -1.2489e-23,
        -1.3667e-11, -5.9109e-18, -3.3054e-19, -1.1146e-01, -2.2185e-02,
        -5.0992e-19,  2.7912e-02, -1.0464e-12, -4.5499e-04, -4.3923e-04,
         8.4701e-02, -4.7918e-04, -2.6775e-05, -1.8876e-12, -8.0802e-04,
        -7.1661e-09, -5.1141e-26, -1.5683e-03, -2.9213e-15, -1.1300e-07,
        -5.8816e-10, -1.4002e-21, -1.1931e-14,  1.4464e-02,  1.7859e-02,
        -1.0817e-05, -3.9406e-10, -2.2571e-04, -6.3451e-17, -6.8606e-09,
        -1.1457e-02, -6.6010e-03,  1.0358e-02, -1.0920e-14,  9.7708e-02,
        -4.7547e-12, -9.3483e-03, -3.4033e-20, -1.2170e-05, -9.8618e-18,
        -3.4655e-22, -7.5056e-06,  1.2164e-02, -2.2843e-02,  3.6562e-02,
        -9.7238e-03, -1.2710e-14, -3.9845e-15, -2.8245e-20, -1.1885e-02,
        -4.1832e-20,  4.0219e-02, -3.1678e-12, -6.2714e-09,  1.0185e-01,
        -1.3942e-02, -1.8553e-24, -1.2880e-11, -2.7231e-06, -2.6866e-04,
        -1.2093e-12, -3.4654e-12, -6.2849e-05, -6.6962e-04, -5.2295e-03,
        -2.7827e-03, -8.7781e-07, -4.1975e-04, -4.0659e-32, -4.4637e-19,
        -3.0152e-07,  1.6960e-02, -1.5662e-02, -3.0992e-22, -3.8284e-15,
         5.5963e-02, -5.1937e-22, -3.3853e-17, -1.9780e-20,  2.0481e-03,
        -4.1632e-05, -4.0242e-32,  4.7596e-04, -3.6586e-17, -2.2571e-12,
        -1.9246e-02,  4.9069e-02, -3.4992e-14,  1.1861e-02, -3.9306e-27,
        -2.2400e-02, -4.8064e-15, -2.7742e-09, -2.5302e-10, -1.2074e-12,
        -6.8195e-05, -1.5096e-01, -6.5312e-15, -1.4222e-03, -1.2000e-04,
        -5.2016e-08, -4.3446e-31, -5.8509e-12, -4.1906e-24, -4.4917e-14,
        -6.6079e-04, -7.7565e-10,  6.4479e-30, -1.8558e-05, -7.1304e-04,
        -3.1943e-08, -1.1789e-07, -1.2665e-03, -6.4393e-13, -4.4906e-19,
         3.6012e-02, -2.5258e-02, -7.3729e-02, -2.2243e-02, -4.0828e-02,
        -9.6505e-26, -3.7111e-19, -4.9853e-28, -2.5232e-03, -1.3680e-12,
        -8.2546e-08,  3.3522e-02, -6.4521e-06, -1.5746e-03, -5.3614e-11,
        -1.8178e-08, -2.3472e-04, -5.4116e-02,  9.3434e-03, -7.6287e-03,
        -4.4863e-22,  6.9539e-03, -1.9586e-02, -3.0112e-06, -1.3424e-01,
        -7.2073e-03, -2.9724e-04, -2.6765e-20, -6.0856e-07, -4.4529e-02,
         1.7382e-01, -6.9895e-13, -2.7280e-23, -2.1660e-13, -1.4767e-14,
        -2.2102e-03, -2.1193e-09, -2.1299e-04, -2.8852e-11, -4.5998e-19,
         1.3913e-02, -3.4812e-13, -3.2640e-07, -6.1183e-26, -4.2213e-03,
        -3.7500e-04, -1.4190e-30, -3.4400e-13, -3.2505e-13, -3.3751e-12,
        -2.8574e-05, -9.4293e-13, -9.7085e-04, -4.5408e-11, -2.5728e-05,
        -6.3909e-12, -5.6350e-08, -2.0883e-11, -9.2377e-09, -4.9604e-14,
        -8.6263e-02, -1.4180e-23, -8.6569e-04, -1.4740e-11, -9.0016e-17,
         1.9620e-03, -6.8266e-04, -1.1422e-20, -4.4046e-07, -8.8059e-17,
        -5.0791e-06, -2.2108e-13, -7.1451e-03, -1.1240e-03, -7.8906e-03,
        -2.4365e-11, -2.5641e-19, -3.6818e-27, -1.4904e-11, -5.0209e-17],
       device='cuda:0', requires_grad=True)fc2.weightParameter containing:
tensor([[0., 0., 0.,  ..., 0., 0., 0.],
        [0., 0., 0.,  ..., 0., 0., 0.],
        [0., 0., 0.,  ..., 0., 0., 0.],
        ...,
        [0., 0., 0.,  ..., 0., 0., 0.],
        [0., 0., 0.,  ..., 0., 0., 0.],
        [0., 0., 0.,  ..., 0., 0., 0.]], requires_grad=True)fc2.biasParameter containing:
tensor([ 3.4750e-03,  8.2096e-04,  9.0555e-03,  1.5495e-02, -2.3802e-03,
         5.0867e-02,  1.2180e-25,  1.8832e-02,  3.4307e-02,  1.4302e-02,
         2.5873e-04,  4.4878e-02,  2.7461e-02,  1.2271e-22,  3.9342e-02,
         1.7430e-02, -1.6540e-02,  2.3607e-02, -4.1352e-22, -6.4502e-42,
        -1.4871e-02, -1.5096e-03,  1.4553e-04, -1.2285e-41,  3.5095e-02,
         1.0849e-41, -8.8856e-04, -1.4288e-10,  1.1572e-02,  5.7548e-02,
        -2.0767e-13,  2.0605e-02,  3.1244e-02, -1.7417e-02,  1.2321e-02,
         5.5787e-14,  1.3528e-02,  4.0684e-37,  2.5498e-02,  2.7789e-07,
         9.5921e-03,  7.9982e-03,  2.3109e-02,  1.3903e-02,  4.5922e-02,
        -2.4426e-03,  2.3690e-11, -1.6194e-26,  4.2552e-02,  3.5341e-02,
         5.3454e-02,  2.9655e-22,  1.5510e-02,  6.6204e-02, -1.6112e-21,
         1.8511e-02,  6.7332e-41,  1.0778e-02,  2.3430e-42,  1.8899e-02,
         1.1425e-02,  3.7912e-02, -7.0485e-43,  1.8427e-02,  2.1420e-02,
         3.3463e-42,  9.8157e-04,  2.3199e-02, -3.6820e-27,  2.1197e-02,
         3.3141e-07,  5.0369e-03, -1.0829e-02,  3.9254e-02,  1.9166e-02,
         3.2791e-03,  4.5415e-04, -1.5482e-32, -1.0074e-02,  7.7128e-03,
         1.8443e-03, -6.7164e-42,  1.0783e-02,  6.0104e-03,  4.2159e-02,
        -1.3617e-02,  5.0915e-02, -3.9447e-42,  9.5556e-03, -6.4432e-03,
        -6.6428e-05, -2.3739e-04, -3.2354e-26,  3.8964e-03, -1.0150e-03,
        -9.6523e-15,  4.3442e-02, -4.4563e-32, -1.3776e-41,  3.4712e-02,
         3.2575e-07, -2.7881e-21,  1.3700e-41,  3.6963e-02,  4.7611e-02,
         2.4833e-02,  5.4023e-03, -3.7456e-03, -9.4296e-17,  7.1011e-02,
         2.0906e-03, -3.6925e-17,  4.4076e-02, -7.2659e-03,  5.7640e-02,
         2.0198e-02, -7.3737e-08, -2.4228e-42, -1.0668e-03,  6.3885e-03,
        -3.4031e-10,  6.4672e-03,  7.0795e-12,  6.1460e-08,  2.8302e-02,
         4.4517e-02, -7.2389e-06,  2.2319e-02,  5.0314e-02,  1.2408e-03,
        -1.3574e-41,  5.3303e-14,  5.9418e-03, -5.6164e-42,  2.1246e-02,
         3.0574e-02, -4.9676e-42, -1.9688e-02,  4.9230e-03,  4.5885e-02,
         9.8230e-03,  1.5080e-14,  5.7186e-02,  6.3094e-02,  4.0926e-03,
         1.0150e-02,  3.1251e-02,  9.7989e-03,  3.4972e-02, -2.0577e-03,
         5.6486e-02,  8.9906e-03,  2.7475e-12,  5.5509e-03,  8.7813e-10,
         2.5108e-02,  1.3415e-02,  9.8067e-03,  3.1500e-02,  7.9005e-03,
         5.3277e-03, -1.1826e-41,  3.9365e-02, -2.0437e-15,  4.0709e-32,
         2.9937e-02,  2.8314e-02, -1.5682e-08, -6.6162e-05,  3.5113e-02,
         1.2290e-02,  2.1977e-02, -4.1123e-03,  2.9558e-02,  1.2611e-02,
         2.5255e-02,  1.2193e-02, -6.1176e-03,  2.2056e-33,  1.4791e-02,
        -3.4623e-03,  4.8341e-02,  7.9367e-04,  4.1789e-02,  8.2468e-03,
         7.0170e-03,  6.2934e-02, -1.6574e-32,  2.8376e-03,  4.6311e-02,
         1.8514e-09,  1.0954e-02,  6.3781e-02,  4.0311e-02,  1.0057e-02,
         2.1228e-02,  1.0321e-18, -7.0132e-07, -5.3978e-12, -6.5649e-12,
         1.7491e-02,  3.1207e-42, -1.5172e-13,  1.6251e-02,  3.1051e-03,
         2.3470e-02,  8.5246e-03, -6.3668e-20, -1.1948e-02,  1.1831e-02,
         6.1927e-03,  7.1004e-42,  3.9885e-02, -3.2020e-18,  3.0023e-27,
         1.3298e-02,  8.7594e-03, -5.6267e-03,  1.4196e-02,  3.8093e-02,
        -6.5945e-42,  3.9893e-03,  4.6931e-03,  1.6451e-02,  4.0056e-02,
        -5.0573e-42,  3.7525e-02, -6.3173e-10,  5.6955e-03,  1.8139e-02,
        -2.7582e-31,  8.4890e-03,  1.2310e-02, -2.9534e-04, -1.2152e-02,
         2.7737e-02,  6.9658e-03,  5.9176e-02,  4.0798e-02, -1.0529e-11,
        -2.5814e-02,  4.7571e-03,  2.0714e-02,  1.4123e-02,  2.0314e-02,
        -2.3587e-05,  7.7550e-03,  2.6318e-03,  3.9065e-02,  6.0137e-02,
        -5.2087e-30,  1.2783e-02, -1.8324e-03, -1.4159e-41,  1.2893e-02,
         1.0500e-41, -6.3764e-03,  3.0517e-28,  1.5853e-02,  1.0055e-02,
         2.5989e-02,  1.8502e-02,  4.5592e-02,  4.9025e-02,  4.2111e-03,
         3.2757e-02,  1.3697e-02,  1.3075e-02,  3.7483e-02, -9.2870e-03,
         1.0041e-02,  2.0387e-02, -7.9094e-04,  1.9263e-14,  3.9051e-02,
         2.4574e-02,  7.6139e-03, -4.7130e-03,  2.7047e-02,  3.7870e-02,
         3.6619e-02,  1.8598e-02, -4.4994e-13, -2.0336e-02, -3.5182e-03,
         1.6596e-02,  1.1621e-02,  4.6315e-02,  3.3670e-02,  4.8107e-42,
        -2.5384e-07,  1.7433e-02, -4.5000e-25, -6.9925e-43, -6.4169e-03,
         1.8709e-02,  4.9931e-03,  1.0927e-02,  3.7688e-02,  4.2176e-02],
       device='cuda:0', requires_grad=True)fc3.weightParameter containing:
tensor([[ 0.1611,  0.5458,  0.0739,  ..., -0.1152, -0.0521, -0.2408],
        [-0.1252, -0.0441, -0.0350,  ...,  0.3534, -0.1709, -0.0645],
        [-0.1514,  0.1804,  0.0644,  ...,  0.3766, -0.0669,  0.3054],
        ...,
        [ 0.2391, -0.1433, -0.0354,  ...,  0.1147,  0.0996,  0.0517],
        [-0.2042, -0.2001,  0.0735,  ..., -0.2665,  0.0810,  0.1996],
        [ 0.1895, -0.0281, -0.0474,  ..., -0.0365,  0.1431, -0.3125]],
       requires_grad=True)fc3.biasParameter containing:
tensor([-0.0405, -0.0363,  0.0188, -0.0538,  0.0055,  0.0411, -0.0246, -0.0319,
         0.0792,  0.0441], device='cuda:0', requires_grad=True)