conv1.weightParameter containing:
tensor([[[[-1.8497e-06,  4.6449e-05,  4.1236e-05,  1.4491e-04,  2.7423e-04],
          [-6.3868e-05,  2.8175e-04, -3.1381e-05, -7.0223e-05, -8.7800e-06],
          [-7.8660e-05,  4.9078e-05,  1.0704e-04, -3.0535e-05, -1.2781e-04],
          [-4.0982e-05, -2.5032e-05, -2.5258e-07,  2.9175e-05,  1.2021e-04],
          [ 1.4323e-05, -1.3665e-04, -3.9789e-05,  2.5555e-04, -9.1810e-05]]],


        [[[ 4.3715e-05, -1.1130e-05,  1.0042e-04, -2.2911e-05, -1.7917e-04],
          [-2.6255e-06, -9.9351e-05, -8.2762e-06,  2.0461e-04,  1.5490e-04],
          [ 9.7654e-05, -1.1032e-04, -2.8581e-05,  1.1438e-04,  1.9399e-04],
          [ 1.1478e-04,  2.2936e-04,  7.1887e-05,  5.2400e-05, -2.9786e-05],
          [-1.0435e-04, -3.6012e-06,  2.3989e-05,  2.5105e-06,  1.0431e-04]]],


        [[[-9.0353e-05,  1.1817e-04, -8.6525e-05,  8.3078e-06,  2.1613e-04],
          [ 7.8275e-05, -4.3951e-05, -1.9195e-05,  8.3983e-05, -5.4872e-05],
          [-1.3670e-04, -1.5835e-04,  6.3300e-05,  1.1386e-04, -7.8444e-05],
          [ 1.5016e-04,  7.3880e-05, -1.5836e-04, -4.0291e-05, -1.8775e-04],
          [-3.9777e-05, -3.9793e-05, -1.2140e-04, -2.7313e-06, -1.3774e-04]]],


        [[[-9.2256e-05, -5.5727e-04,  1.9381e-04,  8.4509e-04, -2.1080e-04],
          [ 1.9651e-04, -3.3642e-04,  4.1494e-04,  1.6974e-03,  1.0198e-03],
          [-4.0750e-04,  5.6855e-03,  7.7883e-01,  2.7046e-01,  1.5915e-03],
          [-1.5344e-04,  1.3049e+00,  2.0133e+00,  5.1269e-01,  1.4169e-03],
          [-6.6724e-04,  2.6587e-03,  3.1023e-01,  6.8965e-03,  1.1713e-03]]],


        [[[ 2.6541e-04, -2.1208e-05,  1.2261e-04, -5.2782e-05,  4.8952e-06],
          [ 3.5821e-05, -6.6698e-05,  1.3458e-04,  1.1919e-04,  7.9576e-05],
          [-6.7736e-05,  2.3056e-06,  9.8929e-06, -1.0753e-04, -9.3757e-05],
          [ 9.0025e-05,  5.3933e-05,  2.4167e-04,  2.3603e-05, -7.4633e-05],
          [ 7.6133e-05,  3.3500e-05, -2.6659e-04, -3.4533e-05,  9.3130e-05]]],


        [[[-5.7613e-06,  9.4705e-05,  1.2088e-05,  9.1731e-05,  9.0797e-05],
          [-2.2703e-04,  8.5732e-06,  5.0768e-05,  9.6258e-05,  9.2468e-05],
          [ 1.0004e-05,  1.6240e-04,  3.8765e-05,  3.0184e-05, -5.3826e-05],
          [ 1.2762e-04,  1.8067e-06, -1.7448e-04, -8.6258e-06,  3.1881e-05],
          [ 1.6567e-04, -8.7376e-05,  6.0507e-06,  9.1553e-05,  6.3789e-05]]],


        [[[-1.0922e-04, -1.1074e-05, -1.5147e-04,  5.4145e-05,  9.6854e-05],
          [ 3.7983e-05,  3.8559e-05, -9.3143e-05, -4.1255e-05, -6.4439e-05],
          [-1.2153e-04, -5.5403e-05, -8.9598e-06,  1.5769e-04, -8.3290e-05],
          [-6.4359e-05,  1.7738e-05,  1.2002e-05, -3.7736e-06, -3.0698e-05],
          [-5.6125e-05, -1.5184e-04,  2.9197e-05,  1.0547e-04,  4.2607e-05]]],


        [[[-2.0980e-05,  1.8737e-04,  3.2585e-05, -5.9147e-05, -8.4032e-05],
          [ 5.2094e-05,  1.7344e-05,  1.0202e-04,  1.4951e-05,  3.4408e-04],
          [ 1.8972e-05,  1.4838e-05, -1.9786e-04,  6.3822e-06,  3.3493e-05],
          [-1.1090e-04,  4.8840e-05, -3.5036e-05, -3.0466e-05,  2.4224e-05],
          [ 1.3626e-05,  3.9618e-05,  1.4994e-05,  2.8083e-04, -3.4423e-04]]],


        [[[ 8.8143e-05, -3.5763e-04,  7.8946e-05,  6.0493e-05, -1.0465e-04],
          [-4.7149e-05, -3.9917e-06, -1.7132e-04, -2.2314e-06, -6.4038e-05],
          [-1.5529e-04, -3.1785e-05, -3.3182e-05,  1.1349e-04,  4.2817e-05],
          [-9.2479e-05,  5.3233e-05,  5.6620e-05,  1.1159e-04, -2.8646e-06],
          [-1.1234e-04,  1.1173e-04, -1.8761e-04, -3.3540e-05,  2.5476e-06]]],


        [[[-1.8886e-04,  4.8453e-06, -1.3586e-05,  8.2125e-05, -7.0524e-05],
          [-8.0904e-05,  2.6642e-05, -2.0886e-05,  1.6350e-04, -6.9850e-05],
          [-2.7359e-05,  1.1741e-04, -1.9292e-05, -1.7992e-04, -4.3047e-05],
          [-2.1091e-05, -4.8460e-05, -1.7500e-04,  2.0747e-04, -5.3610e-05],
          [ 1.2484e-04, -5.5702e-05,  4.1662e-05, -7.1008e-05,  1.0885e-04]]],


        [[[ 1.8037e-04,  5.9277e-05, -1.0515e-04,  4.2645e-06,  3.5361e-05],
          [ 4.0853e-05,  6.3411e-06, -9.1122e-05,  6.2661e-05, -1.3749e-05],
          [ 1.4782e-04, -7.5285e-05, -1.7185e-04, -1.4697e-05,  1.3848e-05],
          [-1.1994e-06,  3.9175e-05,  8.8205e-05, -1.5082e-05, -5.0798e-05],
          [-6.7829e-05,  2.5808e-05,  5.0509e-05, -1.5175e-04,  2.2817e-05]]],


        [[[-1.5212e-05,  1.3056e-04,  1.2285e-04, -8.2615e-05,  7.9304e-05],
          [ 1.7042e-05, -6.5193e-05,  1.0893e-05, -8.8590e-05, -1.1109e-05],
          [-1.4446e-04, -5.1421e-05, -1.3553e-05, -5.4349e-05,  1.5693e-04],
          [-1.6917e-04, -2.1748e-05,  2.0585e-04, -3.5826e-05, -7.2652e-05],
          [ 7.4242e-05, -6.5600e-05, -1.4641e-04, -7.3349e-05,  8.4287e-05]]],


        [[[ 1.1605e-04,  1.3282e-04, -1.5451e-04,  2.9581e-04, -1.0789e-04],
          [ 2.9956e-05, -2.9344e-05, -6.3865e-06,  1.1451e-04, -3.0346e-06],
          [-3.5152e-05,  1.1583e-04,  6.2924e-05, -1.3186e-04,  2.3111e-05],
          [ 5.9422e-05,  1.2583e-04, -8.4342e-06,  1.4217e-05, -2.2264e-05],
          [ 2.7955e-05, -5.4385e-05, -1.7734e-04, -3.2576e-05,  1.8012e-04]]],


        [[[ 5.6130e-05,  5.1178e-05, -2.7604e-05, -3.4287e-05, -1.2025e-04],
          [-7.9967e-05,  8.8842e-05, -1.7988e-05,  8.2850e-05, -2.7659e-04],
          [ 4.1817e-05,  5.7822e-05, -1.2644e-05,  7.0015e-05,  2.5478e-05],
          [-1.1167e-04,  1.2280e-04, -6.9058e-05, -1.7057e-05,  9.1535e-05],
          [ 2.2098e-04, -6.0347e-05,  5.5740e-05,  1.4315e-04,  2.2577e-05]]],


        [[[ 6.9213e-05, -2.0085e-05, -1.0924e-04,  1.6676e-04,  1.0280e-04],
          [ 4.9303e-05, -1.2772e-05,  2.2049e-05,  1.6772e-04, -2.2128e-05],
          [ 1.3266e-04, -2.5215e-04, -1.2843e-04, -1.8149e-04, -1.7015e-04],
          [-1.1348e-05,  1.4168e-04,  1.1814e-04,  1.7524e-05, -4.0551e-05],
          [ 4.7947e-05,  1.4232e-04,  6.3461e-05,  5.9902e-05, -1.3063e-04]]],


        [[[ 2.1015e-04,  6.5524e-05, -4.3254e-05, -2.0580e-05,  2.5586e-04],
          [ 1.7834e-05, -9.6440e-05, -6.9773e-05,  2.5962e-04,  1.6082e-04],
          [ 1.0473e-05,  1.0200e-04,  1.6051e-04,  2.9513e-05, -1.3601e-04],
          [-1.6494e-04,  1.6027e-04,  5.5995e-05, -1.4348e-04, -1.5945e-04],
          [ 1.3531e-04, -1.2168e-05,  2.3572e-05, -1.1359e-04,  4.1220e-05]]],


        [[[ 2.1089e-05,  5.6340e-05,  2.7633e-05,  5.1379e-05,  1.8673e-04],
          [ 2.0398e-04,  7.4088e-06, -7.9034e-06, -1.0243e-05,  7.0687e-06],
          [-1.9100e-04,  6.9672e-06, -4.0039e-05,  6.8240e-06,  8.1853e-05],
          [-2.5574e-04, -9.6790e-06,  1.2314e-04, -1.9168e-04,  5.2496e-05],
          [ 2.3020e-05, -2.5270e-04,  7.7923e-05, -1.8937e-04,  3.6247e-04]]],


        [[[-6.5710e-05,  1.8397e-04,  3.6700e-05,  6.9660e-05,  2.3910e-05],
          [-8.8569e-05, -7.1004e-05,  1.6876e-04, -7.0736e-05,  2.2109e-05],
          [-1.6925e-04,  5.9193e-05, -3.1724e-04,  1.0075e-04,  3.3046e-05],
          [ 8.0567e-05, -4.2430e-05, -4.3297e-06, -7.7213e-05, -7.4255e-05],
          [ 3.2864e-05,  1.0665e-04, -2.0578e-04,  1.2945e-04, -2.3631e-04]]],


        [[[ 4.0456e-05, -2.4849e-05,  5.2493e-05,  2.0521e-05, -9.9648e-05],
          [-1.6675e-04, -2.2830e-04, -7.4324e-06, -4.9633e-05, -1.1742e-05],
          [ 1.0109e-04, -1.7533e-04, -1.6593e-04,  1.4245e-04, -1.0679e-04],
          [-2.7999e-05,  2.0441e-04, -5.6741e-05,  2.8917e-05,  6.9526e-05],
          [-6.4971e-05, -2.8045e-05, -6.1952e-05, -5.8611e-05,  2.2709e-05]]],


        [[[ 1.0082e-04, -1.2269e-04, -1.3215e-04,  3.1670e-05,  2.5863e-05],
          [ 1.7295e-05,  5.8479e-06,  2.6836e-05, -1.3695e-04, -3.3693e-05],
          [ 8.2280e-06, -4.0919e-05, -1.3682e-04, -3.2367e-05,  1.9021e-04],
          [ 5.0851e-05, -9.6026e-05,  5.2015e-05, -1.7530e-04, -1.2480e-04],
          [-1.4787e-04, -2.6201e-05,  8.0237e-05, -1.3100e-04,  1.1729e-04]]]],
       device='cuda:0', requires_grad=True)conv1.biasParameter containing:
tensor([-0.0009,  0.0137,  0.0002,  0.0002,  0.0029,  0.0066,  0.0071, -0.0009,
         0.0043, -0.0010, -0.0011,  0.0101, -0.0013,  0.0047,  0.0032, -0.0009,
        -0.0004,  0.0072,  0.0048, -0.0011], device='cuda:0',
       requires_grad=True)conv2.weightParameter containing:
tensor([[[[-1.2273e-04,  1.2518e-04, -5.1826e-06,  2.7237e-05, -1.3449e-04],
          [-2.0000e-04,  6.6955e-05,  8.3938e-05, -3.5617e-05, -1.7062e-05],
          [ 5.2942e-05, -5.7298e-05, -7.3983e-06,  7.4930e-05, -1.0924e-04],
          [-1.2650e-04,  2.4772e-05, -6.5377e-06,  9.1448e-05, -2.7348e-05],
          [ 5.6969e-05, -3.3535e-05, -1.2507e-04,  1.3541e-06, -5.4328e-05]],

         [[-2.0069e-04,  5.3941e-05, -4.6777e-05, -9.4504e-05,  1.1031e-04],
          [-1.4841e-04, -5.0925e-05, -1.7561e-04,  1.4585e-04,  7.8545e-05],
          [-1.2963e-04, -1.3783e-04,  1.5303e-04, -1.7077e-04, -2.2099e-05],
          [-2.5979e-04,  9.1079e-05,  4.0065e-05, -1.6538e-06, -1.0568e-04],
          [-1.5418e-04,  3.7779e-05,  3.9454e-05,  9.0367e-05,  4.0120e-05]],

         [[ 3.5366e-05,  7.4195e-05, -3.5214e-05,  4.7716e-05, -1.9000e-04],
          [ 6.9438e-05,  7.2468e-05, -3.8352e-05,  4.4704e-05,  2.3232e-04],
          [ 6.4989e-05, -4.8015e-06, -1.9834e-06, -7.5479e-05, -1.5061e-04],
          [ 6.5982e-06,  1.4271e-04,  2.1123e-05, -3.0043e-05, -2.0239e-05],
          [-1.1954e-05,  2.7974e-05,  1.5747e-04,  1.9594e-04,  3.7428e-05]],

         ...,

         [[-8.8326e-05, -1.9455e-05,  1.2545e-04, -9.3648e-05,  3.5408e-05],
          [-1.5080e-04, -1.5741e-04, -5.4559e-05, -6.6060e-05,  4.6237e-06],
          [-6.5767e-06,  9.2285e-05,  8.7862e-05, -2.5553e-05, -8.3703e-05],
          [-8.4474e-05, -3.3150e-05, -5.1072e-05, -1.4906e-04,  5.0211e-05],
          [-4.0954e-06, -1.2532e-04, -1.7780e-04,  9.7890e-05,  8.9736e-06]],

         [[ 1.5420e-04, -1.0249e-04, -1.0401e-04,  2.9605e-05, -4.0108e-05],
          [ 3.1977e-05, -6.0048e-05, -3.1494e-05, -3.4494e-05,  4.4158e-05],
          [ 1.3143e-04, -9.5891e-05,  5.4296e-05, -6.8897e-05,  1.3626e-05],
          [ 1.7536e-04,  3.1501e-05,  2.3628e-04, -4.5035e-06,  1.1228e-04],
          [ 9.6319e-05,  2.2580e-05,  2.4048e-04, -4.7628e-05,  1.9947e-05]],

         [[-4.9290e-05,  1.2118e-04,  1.3063e-05, -7.7853e-05,  9.2547e-06],
          [ 1.4645e-04, -1.3788e-04,  9.8558e-05, -6.6727e-06,  6.6286e-05],
          [ 1.0653e-04, -3.6929e-05,  6.4819e-05, -2.2800e-04, -2.1739e-06],
          [ 4.3616e-05,  3.5102e-05,  6.5101e-05,  1.0008e-04,  5.6032e-06],
          [-6.4283e-05,  3.3220e-05,  2.9286e-05, -6.4934e-05,  8.7988e-05]]],


        [[[-1.6220e-05, -6.9179e-07, -1.5186e-04,  4.4401e-05,  2.1287e-05],
          [-4.0884e-05,  6.0085e-05, -7.7633e-05, -2.0473e-05, -4.1259e-05],
          [ 1.2765e-04,  2.3816e-04, -1.9196e-05, -1.3106e-04,  1.1030e-04],
          [ 7.8108e-05,  5.0031e-05, -8.9617e-06, -4.5839e-05,  2.9792e-05],
          [ 2.9428e-05, -9.4396e-07,  1.0981e-04, -2.3814e-04, -5.9339e-05]],

         [[ 4.1484e-05,  5.7221e-06,  2.5165e-05, -3.3629e-07,  7.0003e-05],
          [-2.2135e-05, -4.9468e-05, -1.7865e-05, -1.1252e-04, -1.4417e-04],
          [ 9.3401e-05, -8.3281e-05,  1.3638e-04,  1.0654e-04, -2.9834e-05],
          [-4.2922e-05, -4.3657e-05,  4.6464e-05,  9.4855e-05, -4.0660e-05],
          [-2.9832e-05, -1.4972e-04,  2.3917e-05,  6.7576e-05, -9.3685e-05]],

         [[ 4.9187e-05, -1.0729e-05, -1.1404e-05,  2.4706e-04,  1.8018e-04],
          [ 8.1715e-05,  1.5821e-04, -3.2828e-05,  7.3178e-05,  3.3437e-05],
          [ 1.7442e-04, -7.9587e-05, -5.0351e-05, -6.5163e-05, -1.1614e-05],
          [-1.1406e-05,  2.3567e-05, -1.9531e-05, -1.0812e-04,  1.6843e-05],
          [-3.8429e-05,  4.7773e-05,  2.4464e-04,  3.1176e-05,  1.4328e-04]],

         ...,

         [[ 1.5386e-04,  1.0085e-04, -8.4731e-05, -1.1781e-04, -4.8150e-05],
          [ 1.1038e-05,  1.3322e-04, -7.0049e-05, -2.2339e-05, -2.7954e-05],
          [-6.8374e-05, -2.1097e-06,  7.6100e-06, -7.3710e-05, -1.1121e-04],
          [-1.8248e-05,  7.6035e-05, -5.9333e-05,  3.6429e-05, -8.5104e-05],
          [-8.5545e-05, -3.7609e-05,  1.1100e-04, -4.7576e-05, -1.0389e-04]],

         [[ 1.1725e-05, -3.3321e-05,  2.2274e-05, -8.1188e-05,  1.5615e-04],
          [ 2.8498e-05, -1.3471e-05,  1.3370e-05, -7.6178e-05,  1.5375e-05],
          [-7.5658e-05,  1.0240e-05,  2.6530e-04,  6.6165e-05, -9.0237e-05],
          [ 9.0316e-05,  1.2751e-04, -1.0569e-04, -3.8688e-05, -1.3491e-05],
          [ 2.8699e-06, -3.0921e-05,  2.2528e-05, -9.6998e-05,  2.0501e-05]],

         [[-1.2581e-04, -1.5017e-04, -9.9515e-05,  5.4586e-05,  5.1219e-05],
          [ 2.0970e-05,  2.1463e-05,  9.3983e-05, -2.6785e-06,  6.6859e-05],
          [ 5.1802e-05,  4.0729e-06, -9.4043e-05,  3.1593e-05, -5.1569e-06],
          [ 2.5011e-04, -3.4553e-05,  1.3590e-04, -1.3055e-04,  3.5751e-05],
          [ 7.0821e-05,  3.6060e-05, -1.2689e-04, -7.5011e-05, -5.6475e-05]]],


        [[[ 3.5765e-05,  5.2615e-05,  7.1752e-05,  1.3996e-04,  2.1423e-05],
          [-1.5367e-05,  1.1440e-04, -7.7666e-05, -1.4820e-05, -8.6871e-05],
          [ 3.2187e-05,  1.0007e-05,  2.4747e-05,  9.1963e-05,  2.5450e-04],
          [ 1.1002e-04, -6.4941e-05, -4.9418e-05, -1.3372e-04,  5.9212e-05],
          [ 1.5880e-04,  5.8857e-05, -9.1747e-05, -3.4253e-05, -1.1470e-04]],

         [[-8.2922e-05,  1.8051e-04,  2.5940e-04, -7.0682e-05,  1.3138e-06],
          [-1.1787e-04, -2.0317e-04, -1.4458e-04,  1.0275e-04,  1.6325e-06],
          [ 2.8483e-06,  4.5167e-05,  7.8819e-05, -7.1113e-05, -2.5777e-04],
          [ 5.4951e-05,  1.7634e-04, -1.5184e-04,  1.5426e-04,  1.1062e-04],
          [ 1.0073e-04,  4.7108e-05,  4.6960e-05, -2.4188e-05, -7.4177e-05]],

         [[-1.4805e-04,  2.1209e-06,  5.9687e-05, -9.3148e-05, -1.0674e-04],
          [-2.8551e-05, -6.7929e-06,  2.7875e-05,  2.6641e-05, -9.6322e-05],
          [-1.0672e-04,  4.9070e-06, -1.1524e-04, -9.6255e-05, -5.2879e-05],
          [-1.2074e-04, -1.0170e-04,  8.8404e-05,  7.2011e-05,  7.0710e-06],
          [ 8.8099e-05, -3.1343e-06,  9.7591e-05,  1.7671e-04, -1.0173e-04]],

         ...,

         [[-1.5703e-04, -5.2689e-05, -1.2157e-04,  1.0416e-04, -1.0424e-05],
          [ 1.2621e-04, -1.0317e-04, -6.8736e-05,  1.2319e-05, -2.2060e-07],
          [-9.1859e-05, -7.6308e-05,  1.3495e-04,  3.5322e-05, -1.5165e-04],
          [ 2.3100e-06,  1.8328e-05,  8.5016e-05,  1.1739e-05,  3.0140e-05],
          [-9.7083e-05, -8.9361e-05,  6.8456e-05, -8.2374e-05,  1.2675e-04]],

         [[ 1.0638e-04,  1.7683e-06, -1.0655e-04, -1.5834e-04, -6.0502e-05],
          [-7.5571e-05,  1.3370e-05,  6.9606e-06, -7.0858e-05, -9.9388e-05],
          [ 6.7621e-05, -4.5562e-05, -7.5109e-06, -4.1695e-05,  4.9368e-05],
          [ 4.0780e-05,  1.1413e-04,  9.9153e-06, -1.3313e-05,  7.4708e-06],
          [-4.5007e-05, -4.1086e-05,  4.0774e-06, -5.0499e-05,  8.6604e-05]],

         [[-4.5465e-05,  1.1831e-04,  1.8930e-05, -2.9635e-06,  1.7499e-05],
          [ 1.2873e-04, -1.1121e-04,  6.7378e-05,  4.6514e-05, -1.9388e-05],
          [ 3.2003e-05,  5.5902e-05, -4.5605e-05,  1.2792e-05, -4.1222e-05],
          [-5.9116e-05,  3.5161e-05, -8.8780e-05, -7.6408e-05, -1.0308e-04],
          [-2.6970e-05, -1.0634e-04,  6.1865e-05,  1.0141e-05,  4.7555e-05]]],


        ...,


        [[[ 3.8185e-06, -1.2742e-05, -9.5077e-05,  8.5140e-05, -1.1669e-04],
          [-7.6114e-05, -1.0995e-04,  7.4401e-05, -3.3234e-05,  2.3978e-06],
          [ 9.2169e-05,  1.2755e-05, -2.6064e-05,  2.3504e-05, -5.6493e-06],
          [ 1.4241e-04,  2.7054e-05,  6.4112e-06, -2.1819e-05,  6.1446e-06],
          [-1.9270e-05,  7.6148e-05,  1.2687e-04,  1.0140e-04,  6.9383e-05]],

         [[ 4.6513e-06, -2.4259e-05, -1.3477e-04, -3.6385e-06, -9.5222e-05],
          [-7.9239e-05, -4.8064e-05, -4.4348e-05, -1.7461e-04, -8.2276e-06],
          [ 5.8024e-05, -3.0157e-05,  1.0043e-04, -2.2892e-04,  1.0190e-06],
          [ 1.0263e-05, -3.1590e-05,  5.0531e-05,  9.4234e-05, -4.6460e-05],
          [ 2.5281e-05,  8.2649e-05,  1.1491e-04, -7.9082e-05,  6.0997e-06]],

         [[-2.3293e-07,  6.8379e-05,  1.4009e-05, -8.8938e-05,  2.0295e-04],
          [ 7.4381e-05,  8.5761e-05,  1.5352e-04, -2.0578e-05, -6.4718e-05],
          [ 5.1244e-05,  7.9186e-05,  5.8408e-06,  8.0457e-05,  3.8244e-05],
          [-1.7882e-05, -1.1394e-04, -8.6741e-05,  3.1841e-06, -1.3187e-04],
          [ 2.4612e-07,  1.0634e-05,  2.2753e-04, -1.0441e-04,  8.2098e-05]],

         ...,

         [[ 6.0057e-05,  2.6856e-05, -7.8057e-05, -2.1175e-04, -4.7167e-05],
          [-2.9472e-05,  6.7679e-05, -1.5032e-04, -4.7887e-05, -8.5908e-06],
          [-5.8209e-05, -6.1926e-06,  1.9170e-04,  2.1280e-04,  3.1699e-05],
          [ 1.8128e-04, -1.7724e-04,  1.2226e-04,  1.3457e-04, -8.6707e-07],
          [-1.2841e-04, -7.2190e-05, -2.1278e-04, -3.0175e-05, -1.0928e-04]],

         [[-8.2499e-05,  9.2697e-06, -2.7059e-05, -1.4574e-05, -2.2377e-05],
          [ 4.4612e-05, -1.1598e-04,  3.6923e-06, -7.8116e-05,  6.2727e-05],
          [-5.5623e-05,  1.0177e-05, -1.5425e-04,  7.1345e-05, -4.5749e-06],
          [ 8.1268e-05,  2.5642e-04, -2.7051e-05, -1.6054e-06,  5.0558e-05],
          [-3.3098e-05,  5.1754e-06, -3.6174e-05,  3.5055e-05,  1.8670e-05]],

         [[-1.3633e-04,  1.2482e-04,  4.1758e-05,  1.7599e-04,  7.0751e-05],
          [-1.4665e-04, -1.4485e-04,  5.0070e-05, -3.5849e-05, -1.5718e-04],
          [ 1.4134e-05,  1.3557e-04,  2.6170e-05, -4.5881e-05,  1.7544e-04],
          [ 4.9922e-05, -1.0277e-04,  1.6696e-04,  3.6247e-05, -4.7692e-06],
          [ 1.0247e-04,  1.5201e-04, -9.7560e-05,  4.8778e-05,  1.5655e-04]]],


        [[[-1.8459e-04, -5.1101e-05,  4.1345e-05, -1.8046e-04,  1.8431e-05],
          [ 5.2287e-06,  1.0142e-04,  4.3004e-05,  9.1548e-06,  1.2970e-05],
          [-4.0496e-06,  5.2682e-05, -6.9982e-05, -5.0307e-05, -3.0752e-05],
          [ 9.5943e-05, -6.1857e-06,  8.7675e-05,  3.8983e-06, -1.7227e-07],
          [ 1.0017e-04,  2.2813e-05, -1.9750e-04,  1.2759e-04,  6.6079e-05]],

         [[ 7.2883e-05, -1.0901e-04, -2.5670e-04,  9.1983e-06,  8.1480e-05],
          [-1.7371e-04,  5.5037e-05,  1.3591e-04,  8.0034e-05,  1.0977e-04],
          [-2.1474e-05, -3.5517e-05,  1.5672e-04,  7.1281e-05,  8.7898e-06],
          [ 1.1141e-04, -8.2523e-05, -3.9485e-05,  1.2472e-04,  5.6450e-05],
          [-9.7561e-06,  2.1043e-05, -1.5788e-05,  1.2259e-04, -8.5590e-05]],

         [[ 8.6408e-06, -4.6269e-05, -6.2971e-05, -7.6342e-06, -1.0352e-04],
          [-1.0483e-05, -7.1457e-05,  3.0719e-05,  2.0283e-04,  1.8574e-04],
          [-2.2738e-05,  1.0385e-04,  1.3667e-05, -2.9612e-05, -3.2240e-05],
          [ 2.2939e-05,  2.7396e-06, -5.6702e-05,  7.8963e-05, -5.7820e-05],
          [-9.5078e-05, -3.9983e-05, -2.1403e-04, -3.5072e-05, -2.3871e-05]],

         ...,

         [[ 1.8036e-05, -2.7832e-05, -1.4035e-05, -5.0022e-05,  5.3674e-05],
          [-2.0894e-05,  1.3652e-05, -4.1584e-05,  1.0946e-04, -3.8234e-06],
          [ 4.4470e-06, -4.2246e-05,  2.5975e-05,  4.0218e-05,  1.3086e-04],
          [ 1.3305e-04, -8.3094e-05,  1.1410e-04, -2.9002e-05,  1.0819e-04],
          [-5.3882e-05,  3.8086e-05,  7.0728e-05,  2.0488e-04,  7.1294e-05]],

         [[-6.2410e-05,  7.9294e-06, -1.2013e-04, -3.2342e-05,  4.3745e-05],
          [ 1.7386e-06, -1.0638e-04, -4.7926e-05, -8.4476e-05,  7.2410e-05],
          [ 9.6862e-05, -6.8036e-05, -2.5608e-05,  3.4177e-05, -1.2914e-04],
          [-1.5178e-04, -1.0608e-04,  5.3277e-05,  6.6295e-05, -2.2426e-04],
          [-1.5131e-04, -3.1089e-05,  4.8097e-05,  5.7417e-05,  9.5907e-05]],

         [[-4.3426e-05, -5.9902e-05, -7.0640e-05, -2.2553e-05,  2.5055e-04],
          [ 4.2170e-05,  1.2755e-04,  1.9753e-06,  5.7002e-05,  1.1564e-04],
          [-1.2046e-04, -3.6829e-05,  2.8957e-06,  9.9694e-05, -7.5357e-06],
          [ 2.2674e-04, -1.0345e-04,  7.6629e-06,  3.2469e-05, -4.9086e-05],
          [ 6.9445e-06,  1.0987e-04,  8.4597e-05,  7.4140e-05,  3.0244e-05]]],


        [[[-2.0783e-05, -1.2513e-04, -7.0627e-05,  1.1723e-04,  9.8481e-05],
          [-1.9802e-04,  2.3986e-05, -7.6911e-05,  3.6849e-05, -9.1686e-05],
          [ 1.4298e-04,  1.9087e-05,  2.1807e-05,  7.1948e-05, -2.4599e-05],
          [ 6.5180e-05,  1.2422e-04,  1.9053e-05,  3.3058e-06,  1.9851e-04],
          [ 6.8472e-05,  1.2513e-04,  7.3782e-05, -2.3984e-05, -6.5384e-06]],

         [[ 1.1019e-04,  1.6895e-04, -9.1866e-05, -7.7658e-05,  1.6775e-05],
          [-1.8309e-05, -1.1179e-04, -2.3604e-05,  3.2118e-05, -8.6422e-05],
          [-1.0432e-04,  5.8154e-05,  4.9425e-05,  1.3388e-04, -1.7106e-04],
          [-5.7176e-06,  8.1299e-05, -3.1602e-05,  1.1402e-04, -9.5262e-05],
          [ 5.9763e-05,  3.9748e-05, -2.0981e-05,  1.1317e-04, -3.2056e-05]],

         [[ 1.1178e-05, -1.8132e-04,  1.1348e-04, -8.8647e-05, -3.1366e-05],
          [ 1.6484e-04,  1.4535e-04, -5.0265e-05, -3.2294e-05,  2.6259e-05],
          [-1.2014e-05, -3.2040e-05, -1.2161e-04, -9.8970e-07, -9.1496e-05],
          [-1.2932e-04, -1.2218e-05,  5.2718e-05,  3.3150e-05, -4.0554e-05],
          [ 3.7776e-05,  1.2663e-04,  6.4687e-05,  2.0736e-05,  2.9375e-05]],

         ...,

         [[ 1.0816e-04, -1.0784e-04,  1.3867e-04, -6.7215e-05,  8.2428e-06],
          [ 1.1352e-04,  3.8297e-05, -1.3232e-05,  5.4346e-05, -1.1744e-04],
          [ 6.0164e-05,  1.8860e-04, -1.1749e-04,  4.6377e-05,  1.1012e-05],
          [-4.6269e-05, -1.0793e-04,  4.0999e-05, -2.4635e-05,  5.5955e-05],
          [-1.8932e-04, -1.0117e-04,  1.5044e-05,  5.4326e-05, -1.8968e-06]],

         [[-9.2810e-05, -5.7165e-05, -3.3805e-05,  7.1774e-05,  3.9357e-05],
          [ 4.6436e-05, -1.4089e-04,  2.0506e-05,  3.8409e-05, -1.9690e-05],
          [ 6.4515e-05,  3.7047e-05, -2.3106e-05, -1.8744e-05,  1.1320e-04],
          [ 3.0277e-05,  7.0391e-05, -3.8860e-05, -9.2776e-05, -1.1028e-04],
          [ 1.7709e-06, -1.8851e-05, -8.3527e-06,  4.4149e-05,  8.4434e-05]],

         [[ 1.2423e-06, -4.4822e-05, -2.0029e-05, -1.3216e-04,  3.8257e-05],
          [-1.9821e-05,  9.6384e-06,  1.8060e-04,  3.3819e-05,  2.1593e-04],
          [-1.3987e-04, -2.0038e-05,  1.8661e-06, -1.2267e-04, -3.0759e-05],
          [-2.1007e-05, -3.9320e-05,  4.0291e-05,  1.0292e-04, -6.8876e-05],
          [ 5.1702e-05,  1.1758e-04, -2.1808e-04, -1.4835e-04,  1.7979e-04]]]],
       device='cuda:0', requires_grad=True)conv2.biasParameter containing:
tensor([-0.0055, -0.0183, -0.0049, -0.0103, -0.0063, -0.0035, -0.0036, -0.0146,
        -0.0088, -0.0069, -0.0033, -0.0076, -0.0107, -0.0034, -0.4185, -0.0313,
        -0.0090, -0.0036, -0.0083, -0.0151, -0.0029, -0.0860, -0.0192, -0.0039,
        -0.0122, -0.0048, -0.3600, -0.0036, -0.0162, -0.0116, -0.0035, -0.0041,
        -0.0045, -0.0157, -0.0057, -0.0129, -0.0037, -0.0080, -0.0046, -0.0198,
        -0.0104, -0.0069, -0.0038, -0.0186, -0.0044, -0.0038, -0.0210, -0.0048,
         0.0048, -0.0055], device='cuda:0', requires_grad=True)fc1.weightParameter containing:
tensor([[-1.3464e-05,  1.3324e-06,  2.1522e-06,  ...,  3.1071e-03,
         -1.1257e-04,  2.8492e-03],
        [ 3.5320e-07,  1.7008e-05, -7.1572e-06,  ..., -1.0102e-03,
         -9.3187e-04,  1.2123e-03],
        [-3.1458e-23, -2.5927e-21, -5.6854e-22,  ...,  4.4193e-10,
          6.6326e-10, -1.6540e-09],
        ...,
        [ 1.2990e-25, -8.5125e-06, -6.1899e-05,  ..., -1.8072e-03,
         -2.5687e-03, -5.0229e-04],
        [ 5.7532e-41, -2.8123e-41,  4.9658e-41,  ...,  3.2062e-42,
         -3.8204e-41,  3.8253e-41],
        [-5.0150e-06,  4.3637e-07, -2.7413e-05,  ..., -1.8323e-03,
         -9.2180e-04, -6.8242e-04]], device='cuda:0', requires_grad=True)fc1.biasParameter containing:
tensor([-9.0499e-02,  1.6450e-02, -6.7383e-03,  1.6084e-02,  4.7388e-02,
        -2.5740e-03,  2.6100e-02,  3.1895e-02, -3.5605e-13,  6.6800e-02,
        -1.0059e-02, -1.3951e-03, -4.3758e-03, -8.3272e-17,  1.4961e-02,
         8.6654e-02,  1.3850e-02, -5.4184e-09,  6.2724e-02,  5.4597e-02,
        -7.0850e-39, -3.3179e-02,  1.6243e-03, -1.8341e-02,  1.4531e-03,
        -9.7713e-42, -8.9302e-04, -6.3655e-05, -2.1484e-22, -1.2821e-10,
        -1.5143e-09, -5.1475e-02,  3.2396e-02,  1.0068e-19, -5.9795e-04,
         7.5898e-06, -3.4807e-32,  6.6554e-03, -1.7958e-23,  6.7293e-02,
         3.6913e-03, -2.8102e-04,  2.9033e-02, -6.0759e-04,  1.2468e-01,
         9.8890e-42,  3.1600e-02, -5.1744e-15,  4.8633e-04,  1.3525e-41,
         3.8345e-25,  4.5585e-02, -2.5760e-20,  8.9264e-03, -9.5989e-43,
        -8.2254e-06, -8.3603e-09,  1.6605e-02, -8.7926e-13,  3.5417e-02,
        -6.7240e-13, -7.7135e-20, -3.9595e-13,  3.1523e-02,  3.8021e-02,
         8.1222e-03, -9.1861e-06,  2.9087e-03,  3.8045e-02, -1.2869e-23,
         1.1978e-24, -8.8687e-03,  2.0904e-02, -8.4596e-02, -3.1546e-20,
        -8.3999e-14,  1.4264e-02, -9.4329e-03,  1.2040e-01, -2.0209e-24,
         2.7550e-42,  4.4323e-02,  6.8514e-29, -4.0690e-12,  3.9965e-42,
         9.3775e-42, -1.7683e-02, -4.6882e-34,  1.3349e-02, -3.4328e-34,
         1.4184e-01, -5.0999e-03, -9.5983e-06, -4.0531e-23, -8.8290e-10,
        -2.3354e-07, -1.6261e-22, -1.3711e-05, -9.0216e-03, -8.9046e-33,
        -4.0912e-06,  4.3955e-39, -1.6084e-07, -5.7996e-04, -1.9833e-03,
        -4.4687e-12, -1.6671e-24, -2.7588e-21, -7.6546e-02, -1.3175e-41,
        -2.2507e-03, -7.5288e-13,  5.1943e-02,  6.5373e-02, -6.3959e-02,
        -9.2668e-03, -6.7529e-04, -1.3682e-06, -4.0635e-02, -2.4858e-02,
         1.9756e-02,  1.8182e-02, -6.9271e-12, -3.0098e-11, -2.6466e-02,
         2.5738e-02,  2.2322e-02,  1.6524e-03,  6.5757e-02,  6.4637e-02,
         6.7645e-03,  4.2911e-02, -1.7415e-03, -3.8410e-20, -5.6893e-43,
         2.6984e-02,  8.8856e-42, -1.4654e-02, -5.0438e-05, -3.8658e-06,
         7.5541e-02, -8.2065e-06, -3.6896e-02,  5.4189e-02,  6.4404e-02,
         8.7795e-02, -3.8542e-15, -5.4216e-09,  9.5137e-02, -5.1636e-06,
        -7.4633e-13, -2.3302e-04, -1.7253e-03, -1.1409e-09,  4.6347e-03,
        -1.3274e-02, -5.4560e-03,  8.4779e-43,  2.0588e-02,  7.5480e-02,
         1.0239e-01, -5.6190e-07,  1.2731e-41,  9.3377e-03,  6.0079e-02,
         4.0928e-03, -4.6374e-19,  9.2157e-02, -8.1930e-13, -6.2712e-04,
         5.7821e-02, -3.5562e-22, -1.1667e-04, -9.4794e-17, -2.9040e-04,
         1.8388e-18, -1.6334e-31, -1.2158e-21, -7.7543e-09, -5.1697e-06,
         8.9293e-03, -1.3919e-03,  1.9263e-03,  4.3298e-02, -2.1222e-10,
         3.3115e-02, -8.4036e-03, -1.1700e-02, -7.4574e-06, -4.0457e-03,
         7.7231e-03, -7.5023e-18, -8.7595e-42,  3.5857e-02, -1.1780e-02,
         6.8624e-02, -3.0354e-25, -5.2892e-11, -2.2089e-23,  3.5882e-02,
        -1.7338e-24, -4.7912e-05,  5.3355e-35,  2.4056e-02,  1.7225e-03,
         7.1478e-03,  4.0865e-02, -1.7965e-05, -1.4492e-21, -1.0880e-16,
         1.0220e-13, -2.5241e-08,  5.3151e-42,  4.3132e-02,  6.1806e-37,
         1.4178e-01,  8.1101e-03,  8.6871e-26, -2.6336e-02,  7.2800e-02,
        -1.9766e-11,  1.4681e-02,  1.1277e-10, -2.1722e-02, -3.0656e-04,
         1.6550e-03, -8.4740e-22, -4.2045e-15, -3.4572e-18, -1.5045e-03,
        -1.7624e-19, -1.3856e-06, -1.8873e-12, -1.2358e-03, -4.3913e-18,
         8.0646e-03,  1.9583e-02,  4.1890e-02, -1.1720e-02, -3.5896e-03,
        -3.5716e-05, -4.9247e-03, -1.2864e-41, -1.1432e-10,  1.1852e-03,
        -1.8718e-02, -4.8042e-12,  4.5563e-02,  3.8925e-02, -1.7258e-04,
         5.7565e-42, -5.6485e-07, -1.7807e-02, -7.3215e-03,  4.4928e-02,
        -3.1349e-02, -2.7767e-02, -5.6805e-13, -1.6999e-36, -9.2749e-03,
         4.9605e-40, -4.5390e-05,  1.1944e-03,  2.8566e-39, -2.7254e-09,
        -3.5173e-42,  4.8493e-02,  1.2294e-35, -4.8062e-03, -6.5160e-13,
        -1.0220e-07, -1.8784e-15, -3.8979e-02, -6.7656e-02,  7.3031e-02,
        -2.3325e-02, -7.0967e-02, -1.9869e-04, -3.9867e-03, -5.3350e-12,
        -1.1942e-22,  3.5183e-02, -4.6760e-09, -5.1665e-02, -1.3794e-02,
        -5.2714e-03, -1.6603e-23,  4.4901e-02,  1.7015e-02,  5.8357e-03,
        -2.1603e-03, -1.1467e-18, -6.8494e-03, -4.6946e-05,  8.1952e-02,
        -1.3615e-02,  5.1066e-02, -1.3652e-10, -3.5740e-03, -6.9000e-42,
        -6.4149e-02, -9.6373e-08, -2.5634e-02, -3.0776e-11, -5.3652e-06,
        -1.7656e-43, -1.2967e-02, -4.6359e-07,  2.0638e-02, -3.2836e-02,
         2.8537e-02, -3.1249e-28,  9.8500e-03, -4.5467e-23, -4.1724e-02,
        -2.8894e-11, -1.4396e-16,  3.4687e-02, -3.0104e-16, -1.6122e-04,
        -9.2937e-09, -5.5012e-16, -4.8655e-04,  5.1361e-35, -2.6437e-03,
         7.1331e-09,  1.2088e-41, -1.1479e-34, -2.0674e-05,  7.3196e-02,
        -4.8160e-08, -3.9779e-05,  1.0153e-01, -8.1007e-03,  1.2515e-01,
        -1.2868e-41,  7.2655e-03,  7.7957e-03, -2.2507e-10,  2.1544e-02,
         6.8212e-02, -2.3506e-02,  4.1562e-03,  1.8208e-01,  2.2268e-02,
        -1.6104e-08,  2.4278e-02,  3.1850e-41, -4.4393e-42, -2.5104e-14,
        -7.4351e-02, -1.7574e-05,  2.6481e-02, -1.4976e-02, -7.7866e-06,
        -2.8057e-26,  1.4371e-02, -7.1162e-14,  7.7445e-30,  3.2767e-02,
        -1.0957e-04,  5.5561e-42,  6.0716e-03, -2.5558e-02, -6.9367e-07,
         6.9691e-25, -5.6301e-34,  4.0862e-42, -1.7850e-06, -1.3354e-05,
         1.1041e-01,  1.0766e-02, -7.8798e-02,  1.4718e-13, -1.7100e-02,
        -3.6215e-02, -7.4582e-10, -1.9783e-01,  3.5313e-43, -8.5292e-07,
        -1.7234e-17, -5.9552e-26, -4.8485e-43, -5.2705e-03,  3.1602e-02,
        -3.8889e-07, -3.9611e-15,  1.1691e-02,  4.4595e-03, -1.2579e-12,
        -1.8279e-04,  3.2218e-02,  1.8816e-02, -9.1073e-08, -1.5434e-13,
        -1.0622e-03,  1.5660e-02, -7.6296e-03, -4.3116e-03, -2.2052e-03,
        -1.5979e-15, -5.8238e-22,  4.5640e-02, -3.0973e-08, -1.4663e-30,
        -6.1491e-03, -2.8566e-03,  2.4097e-02, -1.2799e-13, -1.5633e-07,
        -1.1561e-42, -2.9401e-11,  7.2178e-02,  1.5242e-03,  4.9521e-02,
         7.8812e-02, -1.4139e-12,  1.1115e-02, -2.4870e-12, -5.2570e-03,
         7.4058e-38, -1.5249e-02, -9.1428e-14, -1.1504e-05, -8.7259e-42,
         2.6689e-02, -2.0534e-21,  1.9912e-42, -7.3109e-03, -1.0156e-01,
        -7.3125e-09, -4.2889e-02, -2.3554e-38, -1.5478e-09,  5.7677e-02,
        -1.3067e-41, -1.9417e-05, -2.9248e-14, -8.8575e-03, -1.4242e-03,
        -8.5310e-29,  7.8785e-04,  1.4680e-01, -2.3598e-11, -5.9143e-10,
         8.9989e-03,  7.6413e-42, -5.6882e-09, -1.0886e-11, -8.9872e-05,
        -3.3114e-03,  4.0734e-02, -1.6158e-30, -8.3880e-39,  6.9897e-42,
         9.2868e-02,  5.2856e-02, -9.9034e-37, -5.8623e-03, -1.0226e-02,
        -7.4487e-03, -7.6257e-03,  4.6884e-15, -8.3092e-02, -2.7311e-42,
         1.0060e-41,  1.1836e-04, -2.4424e-04, -7.7074e-15, -2.8044e-05,
        -9.2563e-27, -2.1023e-02,  1.4792e-02, -1.9810e-30,  2.2088e-02,
        -6.2965e-03,  4.0767e-04,  6.5761e-02, -4.0165e-10, -3.4649e-16,
        -2.3604e-03,  3.5038e-02, -3.8072e-02, -4.0913e-32, -3.1269e-03,
         1.8045e-02,  2.1674e-02, -1.7020e-03,  6.5831e-03, -2.2393e-13,
         8.6614e-03, -3.6785e-24,  2.5466e-03, -8.7575e-13,  3.2569e-08,
        -5.4175e-09, -2.7569e-15,  1.5070e-02, -1.7268e-20,  3.1612e-03],
       device='cuda:0', requires_grad=True)fc2.weightParameter containing:
tensor([[-3.0673e-01,  6.4315e-02,  8.2492e-03,  ...,  1.9147e-01,
         -4.0729e-30, -1.1115e-02],
        [ 1.0360e-01, -1.1312e-01,  5.0142e-02,  ..., -8.7806e-02,
         -1.2404e-25, -1.0656e-01],
        [-4.5162e-02, -3.9350e-02,  5.2457e-03,  ..., -7.6439e-02,
          1.6513e-24, -2.8380e-02],
        ...,
        [-1.6508e-02, -4.1082e-02, -1.4825e-02,  ..., -8.6809e-02,
         -1.8596e-14,  1.1104e-01],
        [-5.6045e-01,  1.3657e-02, -1.7541e-02,  ..., -2.8687e-01,
         -1.4103e-13,  1.1317e-01],
        [ 2.6794e-01,  4.8566e-02,  2.1607e-02,  ..., -5.0572e-02,
          9.3648e-14,  1.3936e-01]], device='cuda:0', requires_grad=True)fc2.biasParameter containing:
tensor([-0.0115, -0.0787, -0.0458, -0.1040, -0.0151, -0.0032,  0.0126, -0.1148,
         0.3146,  0.0066], device='cuda:0', requires_grad=True)