conv1.weightParameter containing:
tensor([[[[-1.8392e-01, -2.0873e-01, -8.9554e-02,  2.9491e-03,  7.5351e-02],
          [-2.8021e-01,  5.8328e-02,  1.9865e-01,  7.2494e-02,  5.2318e-02],
          [-8.8319e-03,  2.4534e-01,  1.9385e-01, -5.2341e-02, -2.9508e-03],
          [ 1.8049e-01,  1.1007e-01, -1.0783e-01, -1.6042e-01,  2.4767e-02],
          [ 1.1770e-01, -8.9125e-02, -8.3652e-02, -1.7048e-02,  1.3455e-01]]],


        [[[-8.8672e-02,  4.1733e-03,  1.2868e-01,  7.0604e-02,  3.0881e-03],
          [-1.7766e-01, -1.0046e-02,  2.4018e-01,  1.3551e-01, -1.8006e-01],
          [-1.5675e-01,  1.9777e-01,  1.7881e-01,  4.0385e-02, -2.7620e-01],
          [-1.2008e-01,  1.0352e-01,  2.2089e-01, -1.3997e-02, -2.6121e-01],
          [-2.1387e-03,  1.3168e-01,  1.0024e-01, -1.0982e-01, -1.8233e-01]]],


        [[[ 5.1293e-02,  1.7779e-01,  1.5758e-01, -1.0116e-02,  3.2564e-02],
          [ 4.5075e-02,  1.5236e-01,  1.9051e-01, -4.9575e-02, -1.6750e-01],
          [ 1.4125e-01,  3.0264e-01,  1.6150e-01, -1.8734e-01, -2.4940e-01],
          [ 1.9718e-01,  2.1326e-01, -1.7351e-04, -2.8152e-01, -2.3198e-01],
          [ 2.1346e-01,  1.3143e-01, -2.2038e-01, -2.7899e-01, -1.6955e-01]]],


        [[[-9.4498e-03, -1.7466e-01, -1.7903e-01, -1.0754e-01, -1.1391e-01],
          [ 8.7666e-02,  3.5181e-02, -1.2474e-01, -8.5611e-02, -2.4728e-02],
          [ 1.1082e-01,  1.4381e-01,  2.7345e-02, -5.3774e-02,  5.8414e-02],
          [ 3.8364e-02,  1.0808e-01,  1.4213e-01,  1.1843e-01,  3.8513e-02],
          [ 5.8781e-03,  5.4313e-02,  3.2139e-02,  3.6330e-02, -4.2185e-02]]],


        [[[ 9.9804e-02,  9.8016e-02, -1.4160e-01, -1.9391e-01, -3.0497e-01],
          [ 5.7151e-02,  1.8504e-01,  1.6606e-01, -1.6130e-01, -3.9949e-01],
          [ 7.0860e-03,  1.9088e-01,  4.3375e-01,  2.7005e-01, -2.7879e-01],
          [-1.4712e-01,  2.7776e-02,  2.1402e-01,  3.2959e-01, -6.1524e-02],
          [-1.5368e-01, -1.4955e-01, -2.2473e-02,  2.1969e-01,  1.2743e-01]]],


        [[[ 2.1768e-01,  2.2738e-01,  2.0702e-01,  2.5817e-01,  1.3810e-01],
          [-2.1445e-02,  1.1102e-01,  8.6129e-02, -4.4495e-02, -1.0043e-01],
          [-3.6232e-01, -3.0906e-01, -3.6289e-01, -2.9231e-01, -1.0135e-01],
          [-2.0367e-01, -2.6570e-01, -2.4967e-01, -2.9159e-02, -2.6662e-02],
          [ 2.0172e-01,  1.9416e-01,  2.5356e-01,  1.2267e-01,  7.1525e-02]]],


        [[[ 2.3772e-02,  4.0094e-02, -8.6828e-02, -2.5420e-01, -2.5086e-01],
          [ 2.9171e-02,  2.3577e-01,  2.6883e-01, -3.1809e-03, -9.9056e-02],
          [-1.1749e-01,  1.4799e-01,  3.3772e-01,  1.9057e-01, -7.5662e-02],
          [-2.0046e-01, -1.5517e-01,  7.9008e-02,  1.0673e-01, -3.9334e-02],
          [-1.4106e-01, -1.2049e-01, -3.2427e-02,  7.4949e-02,  3.3997e-02]]],


        [[[ 9.9446e-02,  7.4629e-02, -9.7551e-02, -6.9805e-02,  5.9683e-02],
          [-3.2955e-03, -7.4285e-02, -1.5015e-01,  1.8912e-02,  1.4691e-01],
          [-2.7383e-02, -5.7009e-02,  5.5329e-02,  2.4257e-01, -1.2395e-01],
          [-2.6961e-02, -3.3670e-04,  1.0831e-01,  9.0702e-02, -2.8564e-01],
          [-2.0384e-02,  7.9589e-03,  7.1463e-03,  9.8944e-02, -1.0470e-01]]],


        [[[ 3.8727e-02,  3.8999e-02, -7.4627e-03, -6.4657e-02,  2.7073e-02],
          [ 1.6745e-02,  9.8716e-02,  1.9535e-02, -5.5967e-02, -6.0794e-02],
          [-4.7280e-02,  1.5142e-01,  5.9147e-02, -1.0917e-01, -1.0047e-01],
          [ 3.5564e-02,  6.8067e-02,  3.2896e-02, -4.3761e-02, -7.1333e-02],
          [ 1.7155e-04, -4.3077e-02,  1.0462e-01,  9.1122e-02,  8.8166e-04]]],


        [[[ 1.6145e-01,  2.7956e-01,  1.6962e-01,  2.6300e-01,  1.2309e-01],
          [-2.7728e-02,  2.0399e-01,  2.5829e-01,  2.1384e-01,  1.2223e-01],
          [-2.3307e-01, -1.1740e-01,  7.7811e-02,  1.6037e-01,  2.5605e-01],
          [-3.8966e-01, -4.1553e-01, -3.0193e-01, -1.7570e-01, -4.1883e-02],
          [-4.1049e-02, -2.5088e-01, -3.5015e-01, -3.1512e-01, -1.1140e-01]]],


        [[[ 2.2512e-02, -5.3836e-02,  4.4245e-02, -7.9621e-02, -1.6221e-01],
          [ 6.6708e-02,  5.5754e-02,  2.8571e-01,  2.4046e-01,  1.4051e-01],
          [ 7.4182e-02,  5.9531e-02,  1.3739e-01,  3.2180e-01,  2.5862e-01],
          [-1.2743e-01, -1.7030e-01, -1.5320e-01, -7.6256e-02,  3.3134e-02],
          [-1.0669e-01, -1.8652e-01, -2.5900e-01, -2.4601e-01,  2.7916e-02]]],


        [[[ 1.6010e-01,  2.3633e-01,  1.9876e-01,  1.3785e-01, -1.0097e-01],
          [ 2.6914e-01,  2.1817e-01, -2.7247e-03, -2.8366e-01, -2.6047e-01],
          [ 1.3796e-01, -8.1854e-02, -4.8636e-01, -4.2817e-01, -1.0278e-02],
          [-1.8514e-01, -5.3144e-01, -4.7544e-01,  1.7150e-02,  1.8864e-01],
          [-4.1565e-01, -3.1964e-01,  1.0066e-01,  3.0208e-01,  2.6066e-01]]],


        [[[ 2.4165e-03, -1.0967e-02, -7.5570e-03, -8.5900e-02, -1.0012e-02],
          [-7.9783e-03, -1.2164e-01, -3.1736e-01, -2.9010e-01, -2.9538e-01],
          [ 4.9008e-04, -1.9894e-01, -2.4631e-01, -1.5000e-01, -9.5417e-02],
          [ 1.0740e-01,  1.1819e-01,  1.0773e-01,  2.6845e-01,  2.3036e-01],
          [ 1.8177e-01,  2.4303e-01,  3.7085e-01,  2.1921e-01,  1.9574e-01]]],


        [[[-1.5571e-02,  8.1060e-02,  1.1550e-01, -3.1968e-03, -7.1459e-02],
          [-1.2886e-01,  6.6749e-02,  1.0230e-01, -5.5562e-02, -1.5136e-01],
          [-2.1601e-01,  3.1413e-02,  1.7196e-01,  2.6875e-02, -1.8080e-01],
          [-2.2001e-01, -1.4143e-02,  1.7559e-01,  5.1885e-02, -7.8794e-02],
          [-1.7443e-01, -9.0501e-02,  1.3228e-01,  5.5620e-02, -4.3306e-02]]],


        [[[-4.9364e-02,  5.0026e-02,  1.9910e-01,  1.8119e-01,  2.2857e-01],
          [ 9.1510e-02,  3.0811e-01,  2.5882e-01,  1.5432e-01,  7.5118e-02],
          [ 1.5931e-01,  2.1005e-01,  2.7685e-02, -9.3791e-03, -7.0739e-02],
          [ 1.7659e-02, -1.7832e-01, -2.0709e-01, -2.4823e-01, -2.5955e-01],
          [-1.1385e-01, -2.6760e-01, -2.5509e-01, -1.9422e-01, -2.9393e-02]]],


        [[[ 1.4142e-01, -3.8656e-02, -3.0149e-01, -1.6830e-01,  5.7097e-02],
          [-6.0482e-02, -3.2214e-01, -1.7031e-01,  2.4572e-01,  2.5687e-01],
          [-1.0024e-01,  5.8717e-02,  3.4465e-01,  2.8280e-01,  1.4112e-02],
          [ 6.4387e-02,  1.3438e-01,  1.4561e-01, -1.4807e-01, -1.8082e-01],
          [ 1.9579e-02,  3.7431e-03, -1.2383e-01, -1.4437e-01, -8.7163e-02]]],


        [[[-6.2398e-03, -4.4930e-03, -1.1218e-01, -1.2354e-01, -1.2601e-01],
          [ 5.4344e-02, -1.7145e-02, -1.5151e-01, -2.3516e-01, -1.2180e-01],
          [ 4.1022e-03,  1.3001e-01,  1.0727e-02, -1.8923e-01, -1.4330e-01],
          [ 6.9809e-02,  1.8405e-01,  2.0933e-01, -2.3846e-02,  1.1092e-02],
          [ 6.8632e-02,  1.4136e-01,  2.7776e-01,  2.0387e-01,  5.1217e-02]]],


        [[[ 8.0462e-02,  1.6087e-01,  1.0895e-01,  1.7281e-01,  1.2287e-02],
          [ 4.1664e-02, -3.9134e-02, -1.3049e-02,  1.1537e-01,  2.0853e-02],
          [-1.0587e-01, -2.0726e-01, -8.8058e-02,  1.2238e-01,  3.5728e-02],
          [-2.3907e-01, -1.3293e-01,  7.3349e-02,  1.9993e-01, -1.6223e-02],
          [-4.8567e-02,  3.9276e-02,  1.4351e-01,  2.3489e-03,  3.2716e-02]]],


        [[[-3.1617e-01, -1.8238e-01, -1.0081e-01,  1.7798e-01,  2.5073e-01],
          [-3.2222e-01, -1.3849e-01,  5.7189e-02,  3.0316e-01,  2.5758e-01],
          [-3.1652e-01, -1.8620e-02,  1.8086e-01,  2.7775e-01,  3.3675e-02],
          [-1.7289e-01, -4.3898e-03,  2.0307e-01,  5.7380e-02, -2.1276e-02],
          [-8.4701e-02,  8.2929e-03,  6.8964e-02,  6.1201e-02,  1.2127e-01]]],


        [[[ 8.8791e-02,  1.2787e-01,  2.0007e-01,  2.0909e-01,  1.4515e-01],
          [-6.5849e-02, -3.6324e-02, -7.7537e-02, -9.7575e-02, -9.4487e-02],
          [-8.8984e-02, -1.5674e-01, -1.8541e-01, -2.2804e-01, -1.5185e-01],
          [-7.5083e-02, -1.8858e-01, -1.0857e-01, -2.8963e-02,  1.0549e-01],
          [ 1.9780e-01,  2.1225e-01,  1.4413e-01,  1.6022e-01,  1.6058e-02]]]],
       device='cuda:0', requires_grad=True)conv1.biasParameter containing:
tensor([-0.1724, -0.0966, -0.0204, -0.0468, -0.2010,  0.0159, -0.0372, -0.1063,
        -0.0992,  0.1576, -0.0749,  0.1459, -0.0162, -0.0010, -0.0043, -0.0454,
        -0.0238, -0.2375, -0.0864, -0.0588], device='cuda:0',
       requires_grad=True)conv2.weightParameter containing:
tensor([[[[ 3.7965e-06,  1.9275e-05, -9.5917e-05, -2.2103e-04, -7.1770e-05],
          [-1.9409e-06, -4.9140e-05,  1.1103e-05, -1.0734e-04, -7.5718e-05],
          [-2.5386e-05,  3.5014e-05,  1.7149e-04, -3.3248e-05, -1.1814e-04],
          [ 4.8543e-05,  6.3668e-05, -9.0077e-05, -1.1737e-04, -1.2317e-04],
          [ 8.9247e-05,  1.0537e-05, -1.4252e-04, -5.8085e-05, -1.2559e-04]],

         [[ 4.7522e-06, -2.2314e-06, -1.9042e-05, -9.8736e-05, -2.0110e-04],
          [ 1.3590e-05, -5.0601e-05, -1.7627e-04, -2.4097e-04, -1.5372e-04],
          [-6.7766e-06,  5.4651e-05, -1.4105e-04, -8.9942e-05, -1.7215e-04],
          [ 7.1246e-05,  9.8538e-05, -1.4087e-04, -1.5368e-04, -1.5210e-04],
          [ 1.5936e-04,  5.0742e-05, -7.4327e-05, -1.7806e-04, -1.0471e-04]],

         [[ 1.9208e-05, -6.2021e-06, -7.8477e-05, -2.5096e-04, -5.1801e-04],
          [-2.1827e-05, -1.0634e-04, -9.8472e-05, -4.5787e-04, -6.3954e-04],
          [-6.8533e-05, -5.5054e-05, -1.5696e-04, -5.0954e-04, -4.5127e-04],
          [ 2.5044e-05,  2.2265e-04, -4.9020e-05, -6.1806e-04, -6.8391e-04],
          [ 1.4302e-04,  1.8134e-04, -8.5684e-05, -4.1550e-04, -6.8102e-04]],

         ...,

         [[-5.2175e-07, -7.2156e-06, -1.2913e-05, -1.5313e-04, -1.2722e-04],
          [-3.5600e-06, -4.1805e-06, -3.4881e-05, -3.7029e-05,  4.0746e-06],
          [-1.6348e-05, -2.1281e-05, -1.2806e-04,  2.4296e-05,  2.2218e-05],
          [-2.3600e-05, -5.7878e-05, -7.8647e-05, -1.6368e-05, -9.1519e-05],
          [ 1.1543e-05, -1.1824e-04, -2.3988e-04, -1.9142e-04, -3.0641e-06]],

         [[ 6.8844e-05, -1.5679e-04, -5.0936e-04, -8.7412e-04,  2.8031e-03],
          [-8.3100e-05, -3.1093e-04, -5.0759e-04, -3.5061e-04, -1.4746e-03],
          [-7.6808e-05, -2.8546e-04, -5.1918e-04, -3.3656e-04,  1.2399e-05],
          [ 1.2179e-04, -3.8159e-04, -7.0014e-04, -1.6881e-04, -2.3181e-05],
          [ 8.3097e-05, -4.5848e-04, -5.4982e-04, -9.9450e-04, -1.7027e-03]],

         [[-3.6604e-06, -7.7038e-06, -2.7892e-05, -3.5806e-05, -1.3333e-04],
          [ 1.7663e-05,  3.1605e-05,  2.8042e-05, -7.4806e-05,  2.0485e-04],
          [-3.3526e-05, -4.5436e-05, -8.2391e-05, -2.3735e-05,  3.7501e-05],
          [-1.3979e-05, -2.1252e-05, -6.6083e-05, -1.0459e-04, -1.3646e-04],
          [-5.3472e-05, -3.8071e-05, -1.6689e-05, -1.9836e-05, -1.1018e-05]]],


        [[[ 3.8935e-02,  3.1576e-02,  7.2918e-02,  2.7617e-02, -6.8709e-03],
          [ 2.5066e-04,  9.2664e-03, -3.3206e-02, -3.4730e-02,  8.9282e-02],
          [ 1.5961e-02,  4.5771e-03,  2.3692e-03,  1.8055e-02,  1.9310e-02],
          [-1.2476e-02, -1.1239e-02, -2.2294e-02, -1.5868e-02, -1.0758e-02],
          [-1.5820e-02, -2.9298e-02, -1.0118e-02, -6.3202e-03,  1.3278e-02]],

         [[ 2.1155e-02, -1.1020e-02,  6.4211e-02,  5.1702e-02,  2.8000e-02],
          [-1.3176e-02, -1.6936e-02, -1.0494e-01, -6.7242e-02, -2.9230e-02],
          [ 4.9331e-03, -1.5945e-02, -8.6119e-02, -5.0722e-02,  8.9946e-03],
          [ 2.8685e-02,  3.1918e-02,  3.1521e-02,  5.2404e-02,  9.8110e-02],
          [ 1.9577e-02,  4.5441e-02,  6.7564e-02,  7.7646e-02,  1.0565e-01]],

         [[ 2.3870e-02, -1.8665e-02, -1.4987e-02,  2.7661e-02, -9.1042e-03],
          [-1.7083e-02, -3.6969e-02, -1.2617e-01, -1.8440e-01, -9.6361e-02],
          [-1.3625e-02, -1.7890e-03, -8.1134e-02, -5.1210e-02,  1.3780e-02],
          [ 1.0516e-02,  6.6680e-03, -8.3200e-03,  4.2086e-02,  5.7255e-02],
          [ 4.0767e-02,  8.9501e-03,  1.5364e-02,  2.6097e-02,  1.0526e-01]],

         ...,

         [[ 8.6773e-03,  2.2082e-02, -2.2953e-02, -1.5190e-03,  3.9906e-02],
          [ 3.9961e-02, -1.5183e-03, -3.9347e-02, -4.9808e-02, -4.0861e-02],
          [ 4.1748e-03, -1.4358e-02,  3.2128e-02,  1.0410e-01,  8.6231e-02],
          [-1.2483e-04, -3.4357e-03,  1.4153e-02,  7.6259e-02,  5.9609e-02],
          [-1.1996e-02,  1.4587e-02, -3.3632e-03,  4.6363e-02, -1.1443e-02]],

         [[ 6.6590e-02,  6.5055e-02,  1.2969e-01, -3.2913e-02,  2.1458e-02],
          [ 6.7270e-02,  1.7042e-02, -1.1496e-01, -1.1538e-01, -2.8832e-02],
          [ 4.1395e-02,  8.1059e-03, -1.0309e-01, -6.9929e-02, -8.8200e-02],
          [ 3.8299e-02, -1.1462e-02, -4.0981e-02,  1.5509e-02,  2.4561e-02],
          [ 4.2661e-02, -5.7772e-03,  6.0277e-03,  5.0707e-02,  6.7755e-02]],

         [[-2.6055e-02, -5.0795e-02, -1.6990e-02,  8.8783e-02,  1.1283e-01],
          [-6.2629e-03, -1.9356e-02,  1.5087e-02,  3.7013e-02,  3.4657e-02],
          [-9.2020e-04,  2.8231e-02,  6.1408e-02,  7.3468e-02,  7.5416e-03],
          [-4.0137e-02, -2.9819e-02, -5.1176e-04,  1.9742e-02, -1.4844e-03],
          [-5.5304e-02, -5.0701e-02, -1.7393e-02, -3.0272e-02, -1.4123e-02]]],


        [[[-3.1288e-02, -3.4755e-02, -7.2281e-02, -5.4090e-02, -3.6144e-03],
          [-2.9288e-02,  1.2208e-02, -3.3879e-02, -2.8792e-02, -2.5510e-02],
          [ 8.4784e-03, -2.8722e-02, -1.5317e-02, -1.0196e-02,  2.1615e-02],
          [-6.8693e-02, -3.9168e-02,  5.9457e-03,  4.0062e-02,  6.8430e-02],
          [-5.4986e-02, -3.0756e-02, -1.1414e-02,  8.3087e-02,  4.6260e-02]],

         [[-6.6824e-02,  2.9278e-03,  1.0749e-01,  2.8293e-02,  3.3613e-02],
          [-3.9217e-02,  6.0757e-02,  1.6916e-01,  5.0028e-02,  1.3878e-02],
          [-3.3098e-02,  5.3857e-02,  1.1818e-01,  7.0345e-03,  3.5057e-02],
          [-6.4016e-02,  3.0812e-02,  1.6730e-02, -9.7576e-03,  2.5257e-02],
          [-7.0250e-02, -4.5885e-02, -2.7066e-02, -2.8400e-02,  1.4584e-02]],

         [[-9.1988e-02,  4.6673e-02,  1.3030e-01,  1.0026e-01, -4.5676e-02],
          [-5.7892e-02,  1.0653e-01,  1.8310e-01,  1.1454e-01, -6.2585e-02],
          [-4.0979e-02,  5.0522e-02,  1.3942e-01, -3.9448e-02, -5.3186e-02],
          [-8.7194e-02,  1.9041e-02,  3.2847e-02, -7.6408e-02, -9.2433e-03],
          [-7.5399e-02, -1.8845e-02, -3.7185e-02, -2.0057e-02, -2.3570e-02]],

         ...,

         [[ 3.1248e-02,  4.2367e-02,  8.3244e-03, -1.3175e-02,  3.4484e-02],
          [ 2.6215e-03, -1.2312e-02, -1.0659e-02, -2.8569e-03,  3.5684e-02],
          [-4.1684e-02, -1.0379e-02, -5.3565e-02,  7.7063e-03,  8.4591e-03],
          [-3.7010e-02, -3.3400e-02, -4.6818e-02,  4.4594e-03, -1.7254e-02],
          [-2.2039e-02, -1.5210e-02,  2.0457e-02,  1.6121e-02, -1.1659e-03]],

         [[ 5.6497e-03,  1.6240e-02, -9.6619e-03, -3.9598e-03,  2.7430e-02],
          [-6.8128e-03,  1.0579e-01,  1.0631e-01,  1.3272e-02,  7.6491e-02],
          [ 8.5577e-03,  1.2880e-01,  6.9681e-02,  6.7420e-02,  8.3842e-02],
          [-5.5884e-02,  3.0424e-02, -6.5751e-03,  3.7041e-02,  7.2853e-02],
          [-7.1954e-03, -9.0289e-04,  3.9294e-02,  7.0811e-02,  5.5015e-02]],

         [[-3.3305e-02, -4.9758e-02, -2.5086e-02, -3.0374e-02, -2.4354e-02],
          [-2.2552e-02, -6.7546e-02, -9.7225e-02, -8.3019e-02, -6.2418e-02],
          [ 1.0239e-03, -7.6881e-03, -3.9220e-02, -5.7030e-02, -4.5153e-02],
          [ 2.0686e-02, -1.2716e-02, -3.1370e-02, -4.9331e-02, -4.2847e-02],
          [ 5.6951e-02,  5.9146e-02,  9.4858e-03, -4.7349e-02,  3.8007e-03]]],


        ...,


        [[[-7.6105e-11, -9.4817e-10, -6.2917e-09, -7.0038e-09, -6.8056e-09],
          [-2.8052e-10, -7.0322e-09, -7.6675e-08, -5.4093e-08, -1.7528e-08],
          [-4.9727e-09, -3.0653e-07, -4.1707e-07, -6.7401e-07, -6.5045e-08],
          [-2.9074e-09, -5.4704e-08, -2.9494e-07, -1.7376e-07, -4.0388e-09],
          [-1.6986e-09, -9.7796e-09, -6.8355e-10, -1.0190e-10, -2.7695e-12]],

         [[-1.0906e-11, -9.4660e-11, -1.3508e-10, -2.4926e-08, -6.9658e-09],
          [-9.4876e-11, -4.7333e-10, -1.4103e-08, -5.2376e-07, -2.8344e-07],
          [-2.9866e-11, -3.8206e-09, -1.8016e-08, -9.3894e-07, -1.0297e-07],
          [-3.3575e-10, -9.0722e-09, -8.1451e-08, -7.0153e-07, -6.0133e-08],
          [-5.0214e-10, -6.1038e-09, -8.2778e-09, -3.5265e-08, -1.2901e-08]],

         [[-2.6528e-09, -1.4908e-07, -4.3515e-07, -4.5828e-06, -2.3720e-05],
          [-7.4624e-09, -2.3736e-07, -1.7200e-06, -1.5516e-05, -7.4550e-05],
          [-1.9109e-08, -1.8099e-07, -3.1547e-06, -3.6928e-05, -1.0174e-04],
          [-2.2210e-08, -1.9266e-06, -9.5883e-06, -6.0740e-05, -8.9603e-05],
          [-3.2171e-08, -2.4598e-06, -8.0415e-06, -1.0228e-05, -1.7742e-05]],

         ...,

         [[-9.2583e-21, -6.9512e-21, -3.0688e-15, -1.5133e-15, -2.5819e-18],
          [-1.6489e-16, -1.0280e-14, -2.3120e-12, -3.5069e-13, -1.0898e-19],
          [-1.3794e-14, -9.4009e-16, -5.1957e-11, -1.8088e-12, -1.0048e-20],
          [-1.7552e-12, -1.0512e-12, -1.5748e-10, -3.9583e-12, -2.5425e-16],
          [-1.8771e-13, -3.3629e-13, -8.6481e-11, -3.6725e-11, -2.9277e-15]],

         [[-1.0789e-06, -8.5511e-07, -1.6332e-06, -2.5147e-06, -1.0313e-06],
          [-2.9664e-06, -7.1393e-06, -2.4546e-05, -1.6210e-05, -2.7525e-06],
          [-1.0643e-05, -1.6814e-05, -5.1479e-05, -1.5811e-05, -1.8750e-06],
          [-2.5934e-05, -2.3172e-05, -4.3532e-05, -1.2492e-05, -1.9541e-07],
          [-1.7060e-05, -5.7458e-06, -8.3809e-06, -2.4881e-06, -7.3407e-08]],

         [[-2.5959e-16, -3.7177e-12, -1.5915e-10, -2.3238e-10, -1.6052e-11],
          [-2.3116e-10, -1.2938e-08, -2.3971e-08, -4.6090e-09, -1.6549e-09],
          [-8.4110e-12, -2.6045e-09, -1.6947e-08, -2.0232e-10, -2.9410e-12],
          [-9.9707e-11, -3.6295e-09, -2.1886e-09, -3.2355e-10, -2.0950e-11],
          [-1.1566e-09, -4.2426e-09, -8.1598e-09, -2.3712e-09, -5.8838e-11]]],


        [[[-6.0201e-03, -1.8238e-02, -1.0974e-03,  1.3852e-01,  4.9369e-02],
          [-5.1918e-02, -3.5081e-02,  1.5551e-02,  1.5387e-02, -1.7710e-02],
          [-8.1582e-02, -5.7270e-02, -6.3348e-02, -1.2420e-02,  4.5399e-02],
          [-4.3509e-02, -6.9460e-02, -6.4498e-02, -5.2387e-02, -1.6895e-02],
          [ 3.3865e-02, -2.2084e-03, -1.1448e-02, -9.4028e-03, -4.6956e-03]],

         [[-1.1669e-02,  6.1242e-02,  1.5412e-02, -8.8247e-03,  6.0130e-02],
          [-3.7961e-02,  2.6450e-02,  4.5903e-02, -1.6992e-02,  2.8823e-02],
          [-1.0217e-01, -4.8645e-02, -5.5120e-02, -5.1464e-02, -5.6978e-03],
          [-7.6002e-02, -7.8886e-02, -9.2458e-02, -4.8796e-02, -1.1523e-02],
          [-1.1456e-02, -3.6387e-02, -1.5725e-02,  1.6535e-02,  1.2818e-02]],

         [[ 4.1356e-03,  1.7169e-02,  3.5495e-02, -1.5074e-02, -8.8795e-03],
          [-7.3878e-02, -7.3940e-02, -2.6005e-02, -5.9661e-02,  7.5314e-03],
          [-1.6175e-01, -1.3021e-01, -1.0940e-01, -1.2579e-01, -3.4534e-02],
          [-1.4722e-01, -1.2773e-01, -1.3725e-01, -7.5143e-02, -4.6037e-02],
          [-3.7939e-02, -4.9954e-02, -4.0338e-02,  3.5650e-02,  5.3674e-02]],

         ...,

         [[ 3.1851e-02,  4.9169e-02,  8.2385e-02,  1.9580e-02,  5.1887e-02],
          [ 1.8658e-03,  5.4826e-02,  4.0514e-02, -1.7441e-02,  1.3696e-02],
          [-3.6799e-02, -3.7277e-02, -2.6460e-02, -2.6198e-02,  1.4930e-03],
          [-3.5439e-02, -4.1707e-02, -1.2938e-02,  2.1804e-02, -5.7740e-03],
          [-4.3020e-02, -3.5161e-02, -1.7335e-02,  2.5796e-02,  2.6021e-02]],

         [[ 1.8285e-02,  7.1930e-02,  1.2516e-01,  7.7791e-02,  1.3047e-02],
          [-3.6773e-02,  9.0770e-02,  1.0519e-01, -4.7576e-02, -7.1142e-03],
          [-1.0480e-01,  5.3859e-02,  3.4277e-02, -7.2816e-02, -5.1751e-02],
          [-1.0775e-01, -5.1475e-02, -8.8058e-03,  5.0247e-03, -5.2452e-02],
          [-7.4548e-02, -7.0973e-02, -4.2815e-02, -3.5681e-02, -9.3879e-03]],

         [[-3.5527e-02, -4.2825e-02, -4.1401e-02, -1.8036e-02,  4.3801e-03],
          [-3.4582e-02, -4.9316e-02, -2.7192e-02,  4.3600e-02,  2.6726e-02],
          [-2.2694e-02, -3.1807e-02, -2.2311e-02,  6.5868e-02,  8.6201e-02],
          [ 5.6159e-02,  8.1921e-02,  7.8567e-02,  6.5279e-02,  2.5663e-02],
          [-3.6319e-02, -2.5200e-02,  5.1715e-02,  7.2540e-02,  6.1388e-02]]],


        [[[-2.9281e-02, -1.1457e-02, -1.4809e-02, -3.8939e-02, -4.4538e-02],
          [-3.6731e-02,  3.0349e-02,  4.2357e-02,  2.3152e-02,  1.7599e-02],
          [ 6.0166e-03,  5.7797e-02,  3.8932e-02, -1.2049e-02, -8.1765e-03],
          [ 7.3618e-02,  8.4258e-02, -7.4847e-03, -5.7476e-03, -2.2708e-02],
          [ 8.3915e-02,  4.8876e-03, -1.8837e-02,  1.4958e-02,  8.1980e-03]],

         [[-4.9145e-02, -2.8845e-02,  5.5639e-02,  1.6439e-02,  4.8824e-02],
          [-5.2479e-02,  4.6799e-02,  7.9435e-02,  1.8444e-02, -5.7602e-03],
          [ 1.1799e-02,  6.9246e-02,  6.5124e-02, -3.9332e-02, -5.2836e-02],
          [ 7.7960e-02,  1.1209e-01,  7.3489e-03, -4.1782e-02, -4.4456e-02],
          [ 5.5697e-02,  6.6100e-02, -6.2650e-02, -3.2444e-02, -2.4810e-02]],

         [[-8.6738e-02, -7.1126e-02,  3.1177e-03,  9.5222e-02,  1.0400e-01],
          [-9.1080e-02, -1.6657e-02,  1.2376e-01,  9.1806e-02,  1.6968e-02],
          [-8.0043e-02,  1.2094e-01,  1.1037e-01,  3.0682e-02, -3.1499e-02],
          [ 1.7710e-02,  8.9255e-02,  5.8870e-02, -6.7535e-02, -8.6287e-02],
          [ 5.1057e-02,  3.5635e-02,  2.2149e-02, -6.0231e-02, -4.9396e-02]],

         ...,

         [[-3.6209e-02,  1.6996e-02,  4.9972e-02, -5.2225e-03, -3.3449e-02],
          [-9.9942e-03,  6.6135e-03, -1.2118e-02, -2.0879e-02, -6.3027e-02],
          [ 2.8333e-02,  1.3602e-03, -4.7893e-02, -4.8740e-02, -7.4244e-02],
          [ 4.4738e-02, -1.9808e-02, -8.0152e-02, -6.7678e-02, -5.1757e-02],
          [-4.5410e-03, -7.1705e-02, -5.8971e-02, -7.5108e-03, -1.9613e-02]],

         [[-1.1536e-02,  6.1918e-05,  9.9946e-03, -1.6876e-02,  2.6781e-02],
          [-4.4663e-02,  5.7806e-02,  5.6017e-02,  1.5361e-03, -7.1659e-03],
          [ 7.1986e-02,  1.0551e-01,  4.8892e-02,  1.1131e-03, -9.9091e-02],
          [ 1.6348e-01,  1.2079e-01, -3.0916e-02, -9.5460e-02, -1.0920e-01],
          [ 1.5445e-01,  1.7251e-02, -1.0407e-01, -5.1135e-02, -4.4465e-02]],

         [[-6.1971e-03,  1.3051e-02,  5.4959e-03, -2.9819e-02, -5.8807e-02],
          [ 1.7944e-02, -2.6737e-02, -5.7629e-02, -3.8875e-02, -3.4236e-02],
          [-8.1749e-03, -6.2402e-02, -2.1484e-02,  8.0409e-03,  1.0798e-02],
          [-4.9365e-02, -2.1478e-02,  2.0961e-03,  1.0490e-02,  2.4566e-03],
          [-5.0490e-02,  2.5291e-02,  5.3052e-02,  2.0551e-02, -2.9397e-02]]]],
       device='cuda:0', requires_grad=True)conv2.biasParameter containing:
tensor([-1.5674e-02, -7.5949e-02, -1.1441e-02, -5.7343e-02, -8.7317e-04,
        -5.0809e-02, -3.3601e-02,  8.4003e-03, -2.2627e-03, -1.6202e-02,
        -8.1945e-06, -3.7996e-02, -9.7973e-05, -6.0865e-02,  5.8067e-02,
        -2.2525e-17, -3.8251e-02, -8.3630e-02, -1.2594e-01, -2.7553e-02,
        -7.2161e-02, -4.1501e-02, -2.8055e-14, -6.1408e-02, -1.8986e-02,
        -6.7823e-02, -5.6861e-02, -7.0609e-03, -9.7529e-02,  9.6126e-02,
        -5.4245e-02,  2.9624e-02, -1.9994e-02, -3.2735e-03, -3.2074e-02,
        -1.1822e-02, -4.8267e-02, -6.0456e-02, -6.8213e-02, -5.7084e-02,
        -3.0276e-02, -3.8123e-03, -3.0654e-04, -6.4756e-02, -1.8347e-03,
        -1.0782e-01, -4.7367e-04, -4.1009e-03, -1.8526e-02, -9.6473e-03],
       device='cuda:0', requires_grad=True)fc1.weightParameter containing:
tensor([[ 2.6253e-08,  2.4453e-08,  4.1307e-08,  ...,  1.0531e-02,
          2.4061e-02,  4.9252e-03],
        [ 1.5211e-08, -2.9036e-07, -1.4898e-06,  ...,  4.5106e-02,
          1.5959e-02, -1.9112e-02],
        [ 2.1866e-41, -2.1971e-41, -2.3236e-41,  ...,  2.6639e-42,
          7.0205e-42, -1.3200e-42],
        ...,
        [ 9.4864e-14,  1.6154e-08,  5.1071e-09,  ...,  8.3182e-03,
         -1.4406e-02,  2.4967e-04],
        [-3.7257e-19, -3.8777e-22,  7.0141e-24,  ...,  9.5556e-07,
          4.4883e-07, -2.1436e-15],
        [-2.9498e-15, -1.2317e-23, -4.4920e-28,  ...,  5.9086e-03,
          2.8424e-03, -2.5713e-07]], device='cuda:0', requires_grad=True)fc1.biasParameter containing:
tensor([-1.2329e-02, -1.1526e-02, -1.3106e-41, -3.9289e-04, -6.1945e-03,
         1.9666e-02, -2.1787e-22, -1.0665e-03, -5.0372e-04,  3.3606e-30,
        -2.7564e-06, -4.4289e-03, -4.0951e-03, -6.9182e-42,  2.6200e-02,
         5.4262e-03, -6.6412e-03, -1.2884e-23,  1.1610e-03, -2.5503e-03,
        -1.4453e-11, -1.4149e-14,  1.6885e-03, -3.2569e-03,  9.0786e-04,
         2.3807e-02, -1.4691e-15, -4.0733e-14, -5.7384e-12, -6.8875e-04,
         1.7848e-02, -4.3274e-04, -1.2608e-04, -1.3360e-06,  1.7460e-03,
        -1.6613e-07, -1.2888e-03,  3.0759e-03, -6.7090e-04,  1.5180e-02,
        -5.1745e-27, -8.9991e-16, -3.3159e-11, -7.4185e-42, -1.7047e-04,
         8.5738e-04,  9.1161e-03, -4.9400e-28, -6.6474e-08, -2.6639e-05,
        -4.3130e-04, -3.0059e-03, -4.4811e-09, -4.4588e-03,  9.1264e-03,
         8.8925e-03,  7.5850e-03,  6.2779e-04, -2.1966e-27,  3.1209e-03,
        -9.3423e-09, -5.6427e-26, -3.2824e-05,  1.3802e-02,  5.4235e-03,
         3.2550e-03,  6.9421e-25,  8.9077e-03,  1.9791e-02,  1.0403e-02,
        -1.0018e-05, -1.1476e-18, -5.7125e-04, -2.4738e-03,  8.0599e-03,
        -1.2734e-09, -3.7567e-04, -1.3576e-04,  2.6576e-02, -2.5634e-03,
        -6.0038e-25, -2.0835e-03, -8.3905e-09, -3.5310e-03, -1.5555e-03,
        -7.3386e-10,  3.2318e-02, -3.9799e-05, -9.0520e-04,  1.6172e-02,
         3.9373e-02,  2.4664e-03, -5.3755e-08,  2.4851e-03, -8.2982e-03,
        -1.8747e-04,  3.3157e-14, -2.0652e-14, -1.3938e-13, -1.9909e-03,
        -2.2527e-05, -1.5816e-04, -1.1733e-03, -1.6439e-28, -2.1446e-03,
        -4.6201e-12,  1.1025e-41, -9.1079e-04, -6.4697e-04,  3.3318e-03,
        -7.1858e-03, -1.1471e-02,  3.3225e-03,  1.5788e-03, -2.0860e-04,
         2.1081e-02, -6.2866e-04, -3.1296e-03, -8.2396e-04,  2.8658e-03,
        -4.2145e-13,  5.3827e-03, -1.7450e-19, -1.0749e-41, -5.5006e-03,
         3.9393e-24, -3.0727e-04,  1.7232e-03, -5.2903e-03,  9.9181e-17,
        -1.0004e-03, -1.0485e-09, -1.1679e-04, -1.4978e-02, -2.4647e-03,
        -1.6001e-03, -4.8046e-03, -1.3227e-21, -5.1512e-42, -6.4565e-03,
         4.2173e-02,  8.1885e-03,  1.5187e-02, -5.9621e-14,  1.7894e-02,
         2.2083e-02,  2.2333e-24, -1.3339e-04,  2.7969e-02,  1.5516e-02,
        -2.7107e-03, -9.5961e-04, -5.5807e-03, -5.8310e-35,  4.8921e-31,
        -3.9043e-04, -3.8852e-06, -5.9643e-19, -4.4877e-05, -1.4540e-09,
        -2.3701e-24, -5.5465e-05,  3.3598e-37,  5.2145e-03,  1.4892e-03,
        -5.1893e-09, -3.8523e-17,  1.0898e-02, -1.8383e-22,  4.4108e-03,
         1.3788e-02, -6.7285e-10, -5.1513e-03,  5.7108e-03, -7.7231e-04,
        -3.6542e-18, -3.3065e-09, -3.0927e-07, -3.6057e-03, -2.3249e-03,
        -3.3055e-03, -1.2414e-04,  2.3043e-02, -8.6215e-04, -1.8843e-11,
        -1.8878e-06, -2.7759e-04,  6.4294e-03,  2.5443e-02,  1.8530e-02,
        -1.0381e-08, -3.1103e-23,  1.1328e-02,  3.1820e-03,  1.9639e-02,
         1.9408e-02, -2.6733e-13, -3.6973e-18,  4.6536e-03,  1.9672e-02,
        -4.9156e-06, -4.1869e-06, -4.5701e-04,  1.6639e-02, -3.0055e-04,
        -1.9533e-03,  1.4875e-02, -5.4423e-05, -5.9520e-08, -7.7067e-18,
         1.2984e-41, -4.2670e-12, -9.2344e-22,  9.0939e-03, -1.3486e-03,
         2.9293e-02,  4.8370e-03, -3.3782e-03,  2.7208e-03, -8.8869e-04,
        -1.8327e-03, -2.0875e-06, -9.7866e-06, -1.6816e-02,  4.8048e-03,
        -9.2673e-04,  4.2599e-09, -4.9995e-07, -8.8706e-04, -2.6344e-43,
         1.8943e-02, -1.0551e-09, -1.3204e-05, -5.7200e-20, -1.0756e-05,
        -5.8200e-11,  6.6581e-03, -6.0648e-06, -4.0968e-14,  3.5057e-02,
        -6.9766e-03, -2.5917e-03,  1.3186e-02,  5.9742e-03, -1.2899e-05,
         7.6522e-03, -5.8533e-05,  1.1725e-02,  2.0388e-02, -2.7175e-03,
        -1.8159e-03, -5.3078e-03,  5.5590e-03, -1.0451e-27, -6.3676e-03,
        -4.5076e-04, -4.8130e-03,  5.1236e-36, -3.0128e-16,  3.3750e-02,
        -1.3828e-10, -2.9061e-06,  4.3783e-04, -4.6180e-03, -6.1029e-12,
        -1.2544e-13,  1.1422e-02,  7.4109e-07, -6.5082e-08,  6.4334e-22,
        -1.0955e-06, -8.5047e-16, -4.9966e-09,  1.2835e-02,  1.0560e-02,
        -6.6190e-10, -1.5123e-03, -3.5679e-09, -2.2047e-03, -6.7116e-03,
         2.6794e-04,  7.9726e-06, -3.9212e-16,  1.7151e-03, -8.3945e-33,
        -7.8829e-07, -3.4991e-07, -2.1735e-03, -1.4247e-03,  3.0206e-03,
         1.8165e-02, -8.4746e-06, -6.6504e-16,  4.3687e-03,  1.4585e-02,
         1.0032e-02,  3.0199e-03,  5.5918e-04, -5.2354e-03, -2.7266e-10,
        -2.3143e-18, -7.1458e-03,  1.2605e-02, -2.5872e-09, -1.6066e-10,
        -4.4527e-05,  2.5494e-02,  1.7464e-02,  1.3111e-02, -1.0096e-14,
        -4.3758e-03,  6.2544e-33,  8.6209e-03, -1.0926e-02,  1.4630e-02,
         6.2170e-03, -7.4823e-27, -2.0488e-03,  3.2540e-03,  3.9913e-03,
         1.5854e-02, -3.1774e-11, -8.8683e-04, -8.6661e-12, -3.3875e-03,
        -1.8715e-09, -3.3423e-04,  1.2802e-02, -2.9751e-04, -2.4031e-19,
        -1.4459e-31, -1.4308e-11, -6.1524e-16, -1.8422e-03,  2.2748e-02,
        -9.4215e-06,  7.4390e-04, -2.9248e-04, -3.4867e-05,  4.7658e-04,
         1.9558e-02,  2.9712e-02,  7.9208e-03,  1.8949e-02,  9.0546e-03,
        -8.9292e-04,  4.4820e-03, -1.1831e-03,  1.2871e-02,  4.6411e-04,
        -2.3485e-03, -7.2688e-04,  3.6001e-02, -4.8602e-03, -1.0800e-05,
        -3.1732e-04, -1.3360e-41,  8.9304e-04, -8.3311e-32,  2.7089e-02,
        -5.4724e-16,  2.9124e-02, -3.8396e-07, -1.6183e-04,  7.3793e-03,
        -2.4148e-03, -4.0220e-30, -3.5821e-03,  1.9433e-02, -5.9497e-15,
         1.1355e-02,  1.1601e-02, -5.9087e-04, -2.2872e-03,  2.4285e-02,
        -3.1831e-03,  1.8187e-03, -4.2737e-04, -2.8386e-12, -3.3403e-03,
        -8.1942e-03, -7.9738e-07,  2.4005e-05, -1.8796e-04, -4.4238e-03,
         1.3005e-24, -2.2891e-09, -4.4255e-03, -3.4582e-03, -5.0244e-03,
        -6.7423e-13, -2.3871e-03, -7.4264e-03, -4.2387e-03, -5.1767e-03,
         2.3813e-02,  3.8963e-03,  1.2515e-02,  2.9297e-03,  2.0890e-02,
        -1.2610e-30, -2.7938e-05,  2.5440e-03,  9.9296e-03, -3.6543e-19,
        -1.8525e-03,  1.7173e-02,  1.2095e-03,  1.2781e-03, -2.1396e-12,
        -1.8025e-28, -5.0560e-16, -4.8526e-24, -4.4769e-03,  8.0658e-03,
         1.5554e-02, -4.8223e-17,  1.0634e-03, -1.1437e-05, -2.6795e-04,
         1.4417e-02,  7.4555e-03, -4.8796e-03, -7.6085e-03,  3.4007e-32,
         1.7326e-02, -1.1106e-03, -6.6377e-06,  5.7607e-03, -2.9935e-31,
        -1.0380e-10,  1.3698e-02, -3.0239e-17, -1.3097e-14, -1.2923e-03,
        -7.9392e-10, -1.7434e-12, -4.2598e-19,  4.9529e-03,  7.3554e-03,
        -2.0369e-06,  4.9168e-03,  3.1371e-02, -9.2277e-07, -5.2784e-04,
        -7.2976e-06, -3.2368e-03, -4.0015e-04, -1.5042e-03, -6.9910e-09,
        -6.1156e-04, -4.7462e-04, -5.8700e-05, -1.4352e-09, -1.0857e-05,
        -4.3941e-03,  1.4823e-02, -1.8794e-14, -2.9223e-04,  1.3107e-02,
        -8.3120e-06,  2.4276e-03, -4.8286e-31, -4.3287e-03,  1.2811e-02,
        -1.3732e-03, -6.7101e-06, -2.5062e-07, -5.9178e-03,  1.5917e-14,
        -8.1445e-04,  2.3375e-02, -9.4193e-03, -4.8101e-06, -4.4305e-03,
        -6.9503e-03,  1.3784e-02,  1.3581e-02, -3.7614e-04, -2.7461e-04,
         1.3486e-41, -1.9523e-06,  2.5807e-02, -1.4563e-25, -8.4888e-03,
        -7.6500e-34,  8.2361e-03, -8.8639e-12, -2.8623e-15, -8.1642e-08,
        -3.2827e-06,  4.5932e-38, -5.3471e-04,  6.1592e-32,  5.5629e-36,
        -5.4808e-06, -5.6686e-18,  8.4620e-04, -2.8430e-04, -4.2757e-03],
       device='cuda:0', requires_grad=True)fc2.weightParameter containing:
tensor([[-4.4533e-03,  8.4413e-02, -6.7328e-04,  ...,  2.4444e-02,
         -4.7734e-05, -3.1347e-03],
        [-4.8203e-02, -8.6141e-02,  4.2089e-09,  ..., -6.8905e-02,
          3.6938e-03,  6.5627e-03],
        [-9.9734e-03, -5.5296e-02,  2.1131e-04,  ..., -3.1383e-02,
         -3.0166e-03,  4.0302e-03],
        ...,
        [-7.0377e-03, -8.6183e-02, -1.2311e-07,  ..., -7.4420e-03,
          2.5012e-03,  3.1143e-02],
        [-1.8556e-01, -1.0542e-01,  7.6148e-04,  ..., -5.1380e-02,
          2.1650e-03,  1.3719e-02],
        [ 1.0424e-01,  1.7506e-01, -4.3327e-04,  ..., -5.2697e-02,
          5.9134e-03,  2.0689e-02]], device='cuda:0', requires_grad=True)fc2.biasParameter containing:
tensor([ 0.0004,  0.0244, -0.0330, -0.0178, -0.0065,  0.0008, -0.0295,  0.0014,
         0.0659, -0.0473], device='cuda:0', requires_grad=True)