conv1.weightParameter containing:
tensor([[[[-1.0481e-04, -1.4652e-04,  6.6634e-05, -1.5280e-04,  1.1496e-04],
          [ 9.6312e-05,  9.9958e-05, -1.0293e-05,  3.7077e-05, -1.1092e-04],
          [-7.2082e-05,  3.4541e-05,  7.2300e-05,  3.9067e-05, -5.3509e-05],
          [-4.4772e-05,  7.4634e-05, -2.1110e-07,  1.5318e-04,  8.2300e-05],
          [ 1.2029e-04,  8.8805e-05, -9.6404e-05,  2.8376e-05,  7.0111e-05]]],


        [[[ 3.3339e-05, -1.6210e-05, -1.2525e-04, -6.6795e-05, -4.4780e-05],
          [-8.2157e-05,  3.2208e-05,  1.2872e-04, -1.7215e-05,  5.8779e-05],
          [ 4.3800e-05, -1.3396e-05, -1.2337e-04,  5.7623e-05, -5.0545e-05],
          [ 2.1468e-04,  5.2270e-05,  3.1357e-04, -9.3907e-05, -6.7488e-05],
          [-6.3800e-05,  3.5939e-05, -4.3562e-05, -2.6892e-05,  4.9996e-05]]],


        [[[ 3.2046e-06, -1.5184e-04, -3.0741e-05,  7.7262e-05,  1.0565e-04],
          [ 9.1553e-06,  2.1929e-04, -1.5027e-04, -2.4567e-05, -1.4221e-04],
          [ 1.1348e-05,  1.4171e-04, -6.1998e-05, -5.5592e-05,  7.2354e-05],
          [ 1.4647e-05,  5.9899e-05,  3.1277e-05, -4.7867e-05, -8.0222e-05],
          [ 2.1611e-07,  3.6543e-05,  4.3358e-05, -1.4991e-04, -1.5308e-05]]],


        [[[ 1.6483e-04, -4.0338e-04, -4.3453e-05,  1.1775e-04, -2.0905e-04],
          [ 1.3565e-03,  2.4684e-04,  3.9205e-04,  7.0220e-04,  6.8480e-04],
          [ 2.3673e-03,  3.6423e-01,  5.2172e-01,  8.6416e-04,  2.5664e-04],
          [ 1.1892e-03,  2.0664e+00,  2.3246e+00,  3.0162e-01, -5.3209e-04],
          [ 7.9659e-04,  1.2123e-02,  1.4155e+00,  7.5487e-01,  2.0955e-03]]],


        [[[-5.1838e-05, -2.6323e-04,  3.5014e-04, -8.7934e-05, -7.5342e-07],
          [ 1.1430e-04,  4.0139e-05, -2.2695e-05,  1.5199e-04, -2.3626e-05],
          [ 2.4887e-06,  6.9748e-05, -1.5051e-04,  5.3200e-06, -1.6147e-05],
          [ 2.2428e-05,  8.7855e-05, -4.0404e-05,  1.5696e-04,  4.9198e-06],
          [-3.4498e-04,  4.2924e-05, -5.1905e-05,  7.9054e-05,  3.3931e-05]]],


        [[[ 9.1097e-05,  1.2129e-05,  7.9548e-05,  5.9535e-05, -5.9510e-05],
          [ 1.3379e-04,  7.0417e-05,  6.5324e-05,  1.4390e-04, -5.9361e-05],
          [-1.2317e-04, -1.7790e-05,  2.8902e-05, -2.4051e-05, -2.1840e-04],
          [-2.1513e-04,  1.6514e-04,  4.7892e-05,  6.3620e-05, -4.5214e-05],
          [-8.2694e-05,  4.9647e-05, -5.2619e-05, -1.3665e-04, -1.3448e-06]]],


        [[[-9.8295e-05, -1.0415e-04,  9.5228e-05, -4.5357e-05, -5.5413e-05],
          [ 1.0653e-04,  8.1383e-05, -1.4313e-05, -1.4685e-04, -1.7302e-04],
          [-9.1384e-05, -1.9456e-04, -8.2562e-05, -2.2748e-04,  7.5315e-05],
          [-1.3871e-04,  1.6147e-04,  9.3386e-05,  2.8010e-06,  2.2430e-05],
          [ 2.4734e-04, -3.9151e-05, -1.7040e-04, -2.6356e-05,  2.6118e-04]]],


        [[[ 4.3005e-05, -6.3208e-06, -3.6999e-05, -9.8647e-05, -2.6313e-05],
          [ 3.4927e-05, -2.4009e-04, -4.7033e-06, -2.7324e-05,  1.6600e-04],
          [ 4.1624e-05,  1.8850e-04,  3.6601e-05,  5.4145e-05,  5.1104e-05],
          [-1.5558e-04,  1.7458e-05, -2.2898e-05,  1.4132e-05, -3.6781e-05],
          [-5.0845e-05,  2.4491e-04, -1.4767e-04,  1.6011e-04, -1.2966e-04]]],


        [[[ 2.9422e-05, -1.3803e-04,  2.6247e-05, -1.2797e-04, -1.2671e-04],
          [-2.5068e-05,  1.3640e-04,  1.2035e-04, -8.1240e-05, -1.1743e-04],
          [ 1.0085e-05, -6.1007e-05, -1.6510e-04,  1.0281e-04,  8.9613e-05],
          [-2.2148e-05, -1.7719e-05, -1.5820e-04, -1.2077e-04,  2.1059e-05],
          [-4.6127e-05,  1.1038e-04, -2.2244e-05, -1.0180e-04,  1.0345e-04]]],


        [[[-1.0648e-04, -1.5819e-06, -1.2269e-04,  8.7358e-05, -1.2334e-04],
          [-5.9235e-05,  3.2456e-05,  3.7303e-04,  1.4062e-04,  8.8626e-05],
          [-1.1820e-04, -3.0737e-05, -1.7860e-04,  3.0954e-05,  2.7309e-04],
          [-6.6294e-05, -2.9765e-04,  8.0440e-05,  1.4194e-04,  2.9583e-05],
          [-7.1504e-05, -1.1816e-04, -2.9185e-04,  1.9066e-05, -9.0386e-05]]],


        [[[ 4.7406e-05,  1.5107e-04,  9.6757e-05,  1.1360e-04,  2.1842e-04],
          [-1.0795e-04,  3.1725e-05,  1.6414e-04, -2.3361e-05,  5.5485e-05],
          [ 1.1494e-04,  1.9332e-05, -8.7054e-05, -3.6006e-05,  1.1637e-05],
          [ 4.5814e-05,  1.1584e-04, -4.5745e-05,  8.2268e-05,  1.7484e-04],
          [ 6.2611e-05, -9.4133e-05,  1.6803e-04, -9.1864e-05,  1.0526e-04]]],


        [[[-4.9558e-05, -2.5195e-04,  5.1223e-05, -9.8836e-05,  3.4072e-04],
          [-5.8253e-06, -8.0996e-05,  1.9935e-05, -5.0102e-06, -1.4612e-04],
          [-6.6379e-05, -7.3093e-05,  2.6633e-05,  1.7755e-05,  2.1645e-05],
          [-8.7075e-05,  6.3041e-05,  9.0598e-05, -1.8475e-04,  1.4479e-05],
          [ 9.0003e-06, -1.4824e-04, -3.4402e-05,  1.1599e-06, -2.0061e-05]]],


        [[[ 6.2305e-06,  8.9235e-05,  1.1177e-05,  1.5354e-04,  1.1565e-05],
          [ 5.7505e-05, -1.8560e-04, -8.1727e-05,  8.8935e-05, -1.4469e-04],
          [-6.5837e-05,  3.6094e-05,  1.4743e-05, -6.0700e-05,  4.5863e-05],
          [-8.6689e-05, -1.1185e-04, -4.4967e-05,  1.4524e-04,  9.3979e-05],
          [ 5.6690e-06,  1.1967e-04,  3.5036e-05, -2.2827e-04,  3.8485e-05]]],


        [[[ 1.5409e-04,  8.6495e-05, -4.5762e-05, -4.3794e-05, -3.5905e-05],
          [-1.4939e-05, -2.0816e-04,  4.0162e-05,  1.0569e-04,  5.9447e-05],
          [-1.0494e-04,  1.5366e-05, -4.3402e-05, -1.2000e-04, -5.4906e-05],
          [-1.1088e-04, -1.0532e-04,  1.5083e-05,  7.9283e-06, -1.8824e-05],
          [ 1.1897e-04, -8.7287e-05, -4.4484e-05, -8.4777e-06,  7.0709e-05]]],


        [[[-1.8977e-06, -1.0741e-04, -1.1798e-04,  6.0097e-05,  5.8523e-05],
          [ 1.7403e-06,  1.0147e-06, -3.5084e-04,  1.0678e-04,  3.9954e-05],
          [ 1.7628e-04, -1.0329e-04,  9.5146e-05, -9.7932e-05,  6.8003e-05],
          [ 8.0784e-05, -2.3711e-05,  6.9969e-05,  1.4127e-04,  3.8601e-05],
          [ 9.8218e-05, -4.1308e-05,  4.3114e-05,  6.7516e-05, -2.5814e-04]]],


        [[[-2.1098e-04, -1.3407e-05, -4.2076e-05,  4.5793e-05, -1.5854e-05],
          [ 1.1049e-04, -2.8889e-06,  1.3095e-04, -1.0230e-04,  6.0165e-05],
          [-2.3363e-04,  1.5446e-04, -1.5734e-04, -2.4977e-05, -1.0205e-04],
          [ 7.2958e-05, -1.5485e-04, -1.9118e-04,  1.5144e-04,  1.5389e-04],
          [ 1.9256e-05, -6.3343e-05,  7.5201e-05, -1.7048e-05, -8.5492e-05]]],


        [[[ 1.2042e-04,  6.7262e-05,  1.4675e-04, -1.1108e-04,  1.2179e-04],
          [ 1.8434e-04, -6.3671e-05,  2.1688e-04, -5.0960e-05, -1.6362e-04],
          [-8.6147e-05, -1.2581e-04,  1.0035e-04,  3.6831e-05,  1.8483e-04],
          [-7.4851e-05,  1.6018e-04,  6.6938e-05, -2.3659e-05, -2.3216e-05],
          [ 1.4439e-05, -1.7515e-04, -2.0222e-04,  1.7197e-05, -2.6318e-05]]],


        [[[-7.9068e-05, -2.1428e-05,  6.2863e-05,  6.2386e-05, -2.3256e-04],
          [ 3.6113e-05, -1.6852e-04, -1.6512e-04, -2.4324e-05, -1.2293e-04],
          [ 6.3495e-05, -1.5405e-04,  5.0871e-05, -1.9094e-05,  2.6352e-05],
          [-7.3693e-05,  3.1225e-05, -2.1483e-04, -5.3387e-05, -1.3624e-04],
          [ 1.5785e-04, -2.4206e-05,  4.9986e-05,  1.7764e-05,  1.5246e-04]]],


        [[[-1.1936e-04,  9.9813e-05,  2.4732e-04, -1.4378e-04,  6.9925e-06],
          [ 1.2684e-04,  4.1626e-05,  2.7395e-05,  4.3004e-05, -2.1651e-04],
          [-2.8361e-05,  1.6194e-05, -2.9398e-05, -4.5635e-05,  2.0527e-04],
          [-1.3873e-05,  4.5869e-05, -4.3982e-05, -4.5523e-05,  9.3585e-05],
          [-1.0551e-04,  1.0560e-04,  2.0039e-04, -4.0306e-05,  1.8407e-04]]],


        [[[-1.8290e-04,  6.7948e-05,  1.3483e-04, -3.7594e-06, -6.7843e-05],
          [-1.1328e-04,  3.6117e-05, -3.6616e-05, -6.9810e-05, -8.6380e-05],
          [ 3.8916e-05, -1.0015e-04, -2.2674e-04, -2.4374e-04, -5.6242e-05],
          [-1.0052e-04,  1.1237e-04,  6.7420e-05, -2.1624e-04, -3.2589e-06],
          [-6.2102e-05, -1.0810e-04,  6.8779e-06, -5.5762e-05, -7.8829e-06]]]],
       device='cuda:0', requires_grad=True)conv1.biasParameter containing:
tensor([-4.1507e-04, -1.1046e-03, -2.9051e-03,  2.7059e-03,  1.1754e-03,
        -7.9602e-04,  6.3766e-05, -2.9259e-03, -1.2048e-03,  3.1193e-04,
        -3.5457e-03, -5.7919e-04, -1.9752e-03, -1.5765e-03, -1.4654e-03,
        -1.4270e-03, -1.0777e-03, -8.3426e-04, -3.8753e-04, -5.9623e-04],
       device='cuda:0', requires_grad=True)conv2.weightParameter containing:
tensor([[[[ 2.1443e-04,  1.7100e-04,  1.3049e-05,  4.4640e-06, -2.3566e-04],
          [ 1.8534e-04, -1.9075e-05,  1.7698e-04,  3.2327e-05,  6.6320e-06],
          [-3.8250e-05,  1.8970e-04,  3.6394e-05,  5.1824e-05,  1.6648e-05],
          [ 1.4024e-04,  2.1150e-04,  3.7191e-05,  1.5563e-05, -1.6773e-05],
          [ 1.7631e-04,  2.3527e-05, -4.2581e-05, -1.7619e-04,  6.6527e-06]],

         [[ 1.6561e-04, -1.2904e-05, -3.0542e-05,  1.4062e-04,  1.6600e-04],
          [-1.2925e-04,  1.2540e-04,  1.7487e-05,  7.0718e-05, -7.2521e-05],
          [ 9.9789e-05,  4.1655e-05, -1.7598e-05,  1.3194e-04, -1.7898e-04],
          [-1.7872e-04, -1.2557e-04, -2.8841e-05,  3.4077e-06,  6.9470e-05],
          [ 7.8881e-05, -3.0503e-05, -7.1247e-05,  3.6973e-05,  1.6187e-04]],

         [[ 1.1521e-05,  8.9540e-05, -7.6112e-05,  5.5122e-05, -1.1266e-05],
          [-8.1000e-05, -4.0691e-05, -1.1051e-05, -1.4105e-04,  9.4511e-06],
          [-9.4354e-05, -8.0765e-05, -1.1769e-04, -4.5369e-05,  1.5746e-04],
          [-5.3671e-05, -4.5358e-05,  9.0807e-05,  1.9468e-04,  1.4337e-04],
          [ 3.3353e-05, -1.1808e-04,  6.3337e-05, -1.7439e-05,  7.5222e-05]],

         ...,

         [[-3.5173e-05, -9.0973e-05, -1.6590e-05, -1.5132e-04, -3.1417e-05],
          [-2.5895e-06,  1.9879e-04, -2.1539e-05, -5.4222e-05,  1.6003e-04],
          [-9.5050e-05,  1.0925e-05,  1.1832e-04, -1.4890e-05,  1.7432e-05],
          [-2.9719e-05, -4.5842e-05, -2.8715e-06, -1.9353e-04, -7.3393e-06],
          [ 5.8913e-06, -5.6486e-05, -4.7852e-06,  3.3855e-05,  5.0467e-05]],

         [[ 2.9641e-05,  1.0508e-04, -1.4026e-04,  1.2028e-05, -5.7177e-06],
          [-2.4088e-05, -1.6354e-04,  4.9939e-05, -1.3716e-04,  8.4281e-05],
          [-7.6692e-05, -2.1594e-04, -2.2631e-04, -7.6529e-05,  9.4643e-05],
          [ 8.3372e-05,  1.2063e-04,  2.2624e-05,  6.8951e-06,  1.6339e-04],
          [-2.2652e-04,  1.9837e-04,  1.2258e-05, -1.4654e-04,  9.2586e-05]],

         [[-1.7017e-04,  3.9242e-05,  2.2446e-04,  1.5571e-04,  6.4726e-05],
          [-6.9965e-05,  4.2080e-05,  2.9701e-05,  3.7202e-06, -4.0689e-05],
          [-1.0485e-04,  1.2766e-04, -1.0271e-04,  1.2837e-04,  1.6943e-04],
          [-5.0394e-05, -5.0047e-05,  6.7764e-05, -7.6735e-05,  5.9486e-05],
          [ 1.2679e-04, -7.4340e-05,  1.5919e-04, -9.9282e-05, -1.1333e-04]]],


        [[[-1.7001e-04,  1.4863e-05,  7.1864e-05,  3.2818e-05, -1.4821e-04],
          [ 6.1395e-05,  1.1062e-04, -4.7851e-05,  2.8431e-05, -5.0496e-05],
          [-1.0385e-04,  2.2545e-04, -7.7419e-05, -1.9296e-04,  3.7709e-05],
          [ 2.7618e-05, -4.7533e-05,  9.6166e-05, -2.2136e-04,  1.8466e-05],
          [-1.7492e-04,  4.5086e-05, -1.1575e-04,  1.1552e-04, -4.4846e-06]],

         [[-2.5542e-06,  2.4462e-05,  1.5640e-05, -3.2532e-05,  8.0157e-05],
          [ 1.8984e-04,  1.0752e-04,  3.7972e-05, -1.5833e-04, -3.6830e-05],
          [-3.7306e-06,  1.4115e-04, -2.3602e-05,  1.7999e-05,  9.7272e-05],
          [-5.8431e-05, -1.6545e-04, -7.4703e-06, -2.4015e-04, -2.9924e-05],
          [-2.3151e-04,  1.3344e-04,  1.5477e-04,  4.4510e-05,  5.7176e-05]],

         [[ 1.1976e-05,  1.5103e-04, -9.1220e-05,  6.0582e-05, -1.1742e-04],
          [ 6.0115e-05,  2.1216e-04, -1.2195e-04,  3.6968e-05,  7.4968e-05],
          [-5.2905e-05,  1.2257e-06, -1.0759e-04, -1.2670e-06, -8.2610e-05],
          [-3.5710e-05, -8.0705e-06,  6.6462e-05, -1.2605e-05,  1.1189e-04],
          [-3.4749e-05,  6.0689e-05, -1.4034e-04, -2.3480e-04, -3.9714e-05]],

         ...,

         [[ 1.5504e-04, -1.1559e-04,  9.9989e-05,  2.4690e-04,  2.4707e-05],
          [ 4.6677e-05, -3.2189e-05, -1.1758e-04, -1.4798e-04, -7.5111e-05],
          [ 3.0852e-05,  3.5444e-05,  1.1485e-04, -9.6296e-05, -6.4302e-05],
          [-1.0008e-04, -2.5549e-06,  3.6943e-08, -1.9084e-05, -7.5704e-05],
          [-5.9202e-05,  2.1552e-06,  4.6114e-05, -5.9613e-05, -4.1471e-05]],

         [[ 1.0137e-04,  1.4547e-07, -8.9962e-05,  3.4735e-05, -7.7797e-05],
          [ 4.6727e-05,  3.6534e-05, -3.4597e-05,  1.8565e-04,  4.4254e-05],
          [ 3.2121e-05,  5.9693e-05, -2.0300e-05,  4.5555e-05,  1.2113e-06],
          [ 2.1138e-04, -2.1313e-05,  8.5496e-05, -4.3610e-05,  2.6575e-05],
          [ 1.9981e-05, -9.4822e-05,  1.2104e-04, -4.6220e-07,  4.9585e-05]],

         [[ 1.3005e-04, -4.4608e-05,  6.0959e-05, -1.0847e-04,  5.8399e-06],
          [ 4.9516e-06,  2.0653e-06, -7.4473e-05,  8.2846e-05,  9.5558e-05],
          [ 6.5871e-05, -5.8978e-05,  7.4802e-05, -2.1812e-04,  1.6890e-04],
          [ 5.9922e-05,  2.6705e-05,  1.1608e-04,  1.3010e-04,  2.7490e-05],
          [-1.3368e-05,  1.3015e-04,  1.6074e-04, -5.0831e-07, -2.6696e-05]]],


        [[[-1.3635e-04, -1.6160e-05,  1.1737e-04,  1.4300e-04, -1.0424e-05],
          [ 3.6465e-05, -6.7764e-07, -1.4497e-04, -2.1813e-06,  3.6087e-05],
          [-1.2368e-04,  1.1046e-04,  6.6464e-06, -2.6158e-04,  1.2681e-04],
          [ 1.2783e-05,  3.9187e-05, -5.1092e-06,  6.5764e-05,  5.9975e-05],
          [-1.3703e-04,  5.6703e-05,  1.2118e-04, -8.6707e-05,  4.4996e-05]],

         [[-2.8018e-05,  3.3796e-05,  5.5687e-05,  6.5687e-05, -6.2424e-05],
          [-2.3875e-04, -9.2203e-05, -9.1859e-05,  2.0093e-05, -1.1438e-04],
          [ 9.1571e-05, -1.6558e-05,  3.6677e-05, -1.3359e-05,  4.4466e-05],
          [-2.0593e-04,  7.7291e-05, -2.0838e-05, -8.5200e-05, -1.0066e-04],
          [ 3.8286e-06, -1.4282e-04, -9.9710e-05, -2.2835e-05, -6.6244e-05]],

         [[ 3.5343e-06, -4.8244e-06,  9.5936e-05,  3.4677e-05, -1.7209e-04],
          [-1.1154e-06, -3.8018e-05, -2.0425e-04,  4.8644e-05,  1.3050e-04],
          [ 1.7747e-05, -2.5162e-05,  1.3333e-04, -9.3223e-05, -2.9475e-05],
          [ 1.2191e-04, -1.7828e-05,  1.3470e-04,  1.1604e-04,  3.4035e-05],
          [ 2.3538e-06,  5.1246e-05,  3.2902e-05,  1.2463e-04, -2.7305e-05]],

         ...,

         [[-1.8251e-05,  2.3707e-05, -3.5234e-05, -5.1683e-05, -7.4139e-05],
          [-5.2052e-05, -6.4972e-05,  9.1749e-05,  4.6133e-05,  1.1765e-05],
          [ 9.5520e-05,  1.2916e-04,  3.6805e-05,  1.5673e-05,  5.7235e-05],
          [ 6.4335e-05,  1.2893e-04,  5.4535e-05, -2.0292e-05,  1.0355e-04],
          [-4.7307e-06, -5.6383e-05, -3.5880e-05,  2.5212e-04, -4.6981e-05]],

         [[-5.5852e-05,  1.3077e-06,  5.7811e-05, -8.7788e-06, -2.6800e-05],
          [ 1.5081e-05,  7.0980e-05, -1.0443e-04, -4.2558e-05,  1.7870e-04],
          [-8.2050e-06,  6.6473e-05,  5.5133e-05, -5.6184e-05, -4.5901e-05],
          [ 5.7893e-05, -5.2334e-06,  2.1878e-06,  1.1339e-04, -6.6563e-05],
          [ 1.4737e-05, -1.3490e-05, -1.6770e-05, -4.6197e-05,  1.1815e-04]],

         [[-4.1872e-05, -1.4999e-04,  3.4406e-05,  4.9675e-05,  5.7647e-06],
          [ 5.4682e-05,  4.1589e-05, -7.5459e-05,  3.6465e-05, -2.5581e-04],
          [ 1.0964e-04, -3.0155e-05,  6.4744e-05,  1.1588e-04, -4.3667e-05],
          [-3.8070e-05, -3.1916e-05, -7.8894e-05,  6.3431e-06, -3.1291e-05],
          [ 1.3784e-04,  1.1475e-04,  6.6256e-06,  2.7391e-05,  7.3903e-05]]],


        ...,


        [[[-9.0864e-05,  3.2500e-05,  1.5474e-05, -3.6533e-05, -8.9415e-06],
          [ 9.1431e-05, -2.3392e-04,  1.4720e-04, -1.9747e-05, -6.9286e-05],
          [-5.9726e-05,  3.0049e-05,  1.2451e-04,  7.3828e-05, -7.8975e-05],
          [-2.3396e-04,  3.2251e-05,  1.0773e-05, -1.2552e-04,  2.8258e-05],
          [-8.1493e-05,  1.2582e-04,  4.8786e-05,  1.3597e-05, -4.1772e-05]],

         [[-9.1478e-05,  1.2965e-05, -8.3387e-05,  1.6754e-05, -1.3620e-04],
          [ 1.0688e-04, -1.3318e-04,  1.2303e-04, -4.5886e-05, -7.3486e-06],
          [-3.2822e-05, -4.3801e-06,  4.3535e-05, -3.9037e-05, -5.6964e-05],
          [ 1.3126e-04,  5.1345e-05,  2.4956e-04, -5.3242e-05,  2.8438e-05],
          [ 9.0172e-05,  6.3171e-05, -5.0380e-05, -1.0574e-04,  1.1516e-04]],

         [[ 1.0750e-05,  4.5559e-05,  9.2339e-05, -3.1527e-05, -6.9207e-05],
          [-2.1933e-05,  7.7541e-05, -7.7365e-05, -4.4890e-05,  7.8366e-05],
          [ 1.4769e-04, -5.2016e-05,  7.6379e-05,  6.0881e-05, -2.7964e-05],
          [-2.9902e-05,  7.8388e-05,  7.6179e-05, -1.2470e-04,  1.1198e-04],
          [-1.3384e-04,  1.5193e-04, -8.7997e-06,  1.9801e-04, -5.1680e-05]],

         ...,

         [[ 4.2928e-06, -1.5417e-04, -1.5179e-05,  5.8102e-07,  6.2702e-05],
          [ 4.1687e-05,  5.2641e-05,  2.3149e-06, -7.6072e-05,  9.4906e-05],
          [-7.5097e-05, -2.3175e-04, -1.2656e-04,  5.6834e-05,  1.1697e-04],
          [ 9.5671e-05, -1.2855e-05,  1.6605e-04, -9.7231e-05, -1.6094e-04],
          [-9.5336e-05,  8.4269e-05, -1.3384e-05, -6.1864e-05,  3.0431e-05]],

         [[ 1.0700e-04,  1.5861e-04,  6.4515e-05, -5.3468e-05, -3.6096e-05],
          [ 9.9800e-06, -3.0780e-05, -8.0294e-05,  8.9959e-05,  1.1464e-04],
          [-8.1298e-05,  1.3948e-04, -5.8998e-05, -2.0638e-04,  7.4932e-05],
          [ 5.0991e-05,  8.0912e-07, -3.1766e-05, -6.6082e-05,  5.9521e-05],
          [ 9.9390e-06,  1.1102e-05,  1.3989e-04,  1.0435e-04,  5.0830e-05]],

         [[-2.2771e-05,  3.8192e-05,  1.1711e-04,  3.1952e-05, -4.8544e-05],
          [-1.0214e-05, -3.1327e-05,  3.3478e-06,  2.9670e-05,  3.2583e-05],
          [ 4.9797e-05, -1.8240e-05, -1.9071e-04, -9.9594e-06,  1.7239e-05],
          [ 7.5854e-06, -8.0772e-05, -1.0270e-04,  4.6882e-05, -1.0288e-04],
          [-1.9948e-06, -1.0058e-04,  1.7229e-05,  3.0697e-05, -1.0573e-04]]],


        [[[-5.9688e-05,  2.5462e-05,  7.7144e-05, -3.5018e-05, -1.2719e-05],
          [ 5.0797e-05,  6.4884e-06, -6.4075e-05, -1.9311e-05, -2.7687e-05],
          [ 3.5484e-05, -6.6469e-05,  2.4049e-05, -8.9917e-05, -2.1041e-05],
          [-5.0661e-05, -1.0190e-04,  3.1125e-05, -9.6043e-06, -4.1286e-05],
          [-8.2219e-05, -3.1868e-05, -6.6587e-05,  1.0168e-04, -4.7709e-05]],

         [[-1.6950e-04,  5.9214e-05, -9.2715e-06, -2.6104e-05, -1.6451e-04],
          [ 4.3946e-05, -1.2926e-04, -6.5235e-05, -9.1993e-05, -1.1747e-05],
          [ 1.5980e-05, -2.3979e-05,  7.0662e-05, -5.2792e-07,  3.8298e-05],
          [ 1.4452e-04,  1.9887e-04, -3.5075e-06, -1.1326e-04,  4.2781e-05],
          [ 3.7640e-05,  4.8406e-05, -9.6535e-07,  5.9174e-05, -3.5864e-05]],

         [[ 5.7465e-05,  1.3991e-04,  4.2076e-05,  3.0874e-05,  4.2482e-05],
          [-9.8859e-05, -3.8927e-05, -7.9684e-05,  7.6718e-05,  3.5063e-05],
          [ 3.6657e-06,  1.9572e-05,  2.9425e-05,  3.9505e-05, -4.2561e-06],
          [ 6.2477e-05,  4.7034e-05,  6.0865e-05,  3.6947e-05, -7.0921e-06],
          [ 5.4285e-05,  3.0940e-05,  9.7464e-05,  9.6990e-05,  1.0816e-05]],

         ...,

         [[-3.5156e-06,  7.0315e-05,  9.2066e-05,  6.7568e-05, -1.3858e-04],
          [ 4.3196e-05, -7.0165e-05,  7.2474e-05, -1.1486e-04,  7.2636e-05],
          [ 3.4469e-05,  5.3055e-05,  1.1746e-04,  4.7490e-05, -5.0216e-05],
          [ 4.3063e-05,  4.9481e-05, -3.4190e-05, -4.5907e-05,  1.9505e-04],
          [-3.0915e-05, -8.8117e-06, -9.6694e-05, -1.9080e-06,  8.8261e-05]],

         [[ 7.2614e-05,  1.1859e-05, -2.5812e-05, -7.7146e-05,  1.3520e-04],
          [-5.2236e-05, -1.6141e-05, -6.9194e-05,  9.1792e-05,  6.5913e-05],
          [-1.2475e-05, -1.5935e-05, -1.7228e-06, -5.6324e-05, -1.3701e-05],
          [-1.1926e-05, -1.2445e-05,  4.1194e-05, -3.9947e-06,  3.7459e-05],
          [-1.6158e-06, -4.3440e-05,  4.1313e-05,  6.5437e-05,  1.2120e-04]],

         [[ 2.7029e-05, -1.7245e-04, -7.2395e-05,  3.8298e-05,  1.0285e-04],
          [ 1.1100e-05,  1.3837e-04, -4.1935e-05,  4.7562e-05,  2.7882e-05],
          [-9.2960e-05, -9.4181e-05, -3.5217e-05, -1.6612e-04, -9.4731e-05],
          [-2.7498e-05, -1.0677e-04, -3.6075e-05, -1.7368e-05,  8.4789e-05],
          [-4.6974e-05, -4.6972e-05,  8.6486e-05, -5.7293e-05,  2.2078e-05]]],


        [[[-1.2635e-04, -5.8316e-05,  4.9564e-05,  4.5157e-05, -3.2039e-05],
          [-2.4372e-04, -6.3690e-05, -8.1676e-05,  3.9561e-05, -1.6242e-04],
          [-6.5312e-05, -1.6263e-06, -1.8682e-04, -4.0560e-06, -4.0462e-06],
          [-1.0717e-04, -2.1783e-04,  1.1478e-04,  4.5139e-05,  8.1711e-05],
          [ 1.8686e-04,  6.7733e-06,  4.4208e-06,  1.6804e-04, -7.5112e-05]],

         [[-9.9135e-05,  1.2147e-04,  8.0194e-05,  1.7064e-04, -1.0627e-04],
          [-8.8169e-05,  2.5412e-06, -1.4825e-04,  7.0633e-05,  4.1041e-05],
          [ 2.0926e-04, -1.1246e-04,  2.0716e-05, -5.3725e-05, -1.2886e-04],
          [-3.0178e-05, -2.9659e-05, -1.9176e-05,  8.6658e-06,  3.0744e-05],
          [ 2.0982e-04,  6.4927e-05,  1.9374e-04, -4.3137e-05,  1.0066e-04]],

         [[-3.7204e-05,  4.0722e-05, -1.1719e-04, -8.3518e-05, -2.1653e-05],
          [-1.0079e-04,  1.1824e-04,  5.9071e-05,  7.9136e-05, -1.5063e-04],
          [ 7.9131e-05, -9.2053e-06, -2.3334e-04, -5.3605e-05, -3.2963e-05],
          [ 9.4832e-05,  3.3363e-05, -1.8839e-05, -1.4841e-04,  1.8751e-05],
          [ 8.4474e-05,  1.5020e-04,  1.4127e-04, -5.5906e-05,  1.0077e-04]],

         ...,

         [[-1.4274e-05,  8.2795e-05, -1.6216e-05,  5.5598e-05, -2.5421e-05],
          [ 6.8332e-05,  1.5595e-04,  3.3704e-05,  1.7370e-06,  4.2677e-05],
          [-1.4138e-04,  2.0993e-04, -2.4334e-04,  9.8871e-05,  1.5593e-04],
          [-1.2739e-04, -2.8652e-05,  2.2857e-04, -4.2136e-05, -1.6841e-05],
          [-9.0928e-05,  5.7113e-06, -3.1584e-05, -1.1432e-04,  1.3633e-04]],

         [[ 2.1177e-04,  6.9971e-05, -5.6226e-05,  6.5157e-05,  3.7733e-05],
          [ 9.0862e-05,  1.9477e-04, -3.9575e-05,  6.2585e-05, -2.4015e-04],
          [-4.0675e-05,  4.9883e-05, -1.6356e-04,  9.0525e-05,  1.1276e-06],
          [ 2.3719e-04,  3.3105e-06, -1.0305e-05,  4.5777e-05,  7.6370e-05],
          [-1.3710e-04,  3.3089e-05, -1.2104e-04, -2.1802e-05, -2.4150e-04]],

         [[-9.2288e-05, -4.2130e-05, -7.5649e-05,  9.9472e-06, -6.0847e-05],
          [ 5.2549e-05,  8.4321e-06, -1.2222e-04, -5.6083e-05, -5.2872e-05],
          [ 2.1346e-05,  6.5082e-06,  1.1824e-05, -1.5077e-04, -1.5091e-04],
          [ 9.6642e-05,  6.8767e-05, -6.6148e-05,  1.7861e-05, -4.1918e-05],
          [ 6.6054e-05,  1.0603e-04,  4.6939e-05, -2.2612e-05, -5.7317e-05]]]],
       device='cuda:0', requires_grad=True)conv2.biasParameter containing:
tensor([-0.0050, -0.0038, -0.0147, -0.0114, -0.0062, -0.0060, -0.0286, -0.0056,
        -0.0073, -0.0073, -0.0034, -0.0132, -0.0103, -0.0186, -0.5429,  0.0678,
        -0.0065, -0.0068, -0.0147, -0.0091, -0.0060, -0.3793, -0.0060, -0.0045,
        -0.4570, -0.0064, -0.0056, -0.0058, -0.0306, -0.0077,  0.0011, -0.4302,
        -0.0066, -0.0057, -0.0076, -0.0173, -0.0035,  0.0039, -0.0136, -0.0038,
        -0.0168, -0.0056, -0.0055, -0.0070, -0.0043, -0.0108, -0.0084, -0.0045,
        -0.0066, -0.0046], device='cuda:0', requires_grad=True)fc1.weightParameter containing:
tensor([[ 2.1913e-08,  9.6931e-06,  6.4193e-05,  ...,  3.1985e-05,
          1.6278e-05, -1.4524e-06],
        [ 5.4450e-41,  2.5522e-11,  5.8458e-11,  ..., -2.6402e-41,
          1.3755e-40, -3.6710e-15],
        [ 4.5792e-41, -1.4956e-40,  1.6234e-40,  ..., -3.4845e-41,
         -6.4328e-41, -1.6311e-40],
        ...,
        [ 1.7324e-40,  2.1754e-40,  6.9694e-41,  ...,  1.0680e-40,
         -5.9981e-41, -1.7734e-40],
        [ 1.0842e-40,  9.1771e-41,  1.3123e-40,  ..., -9.9772e-41,
         -1.0472e-40,  2.9434e-41],
        [-1.1704e-40,  7.0034e-41, -3.8470e-41,  ..., -9.1359e-41,
          4.4448e-41, -3.8411e-41]], device='cuda:0', requires_grad=True)fc1.biasParameter containing:
tensor([-5.6268e-02, -1.4043e-06, -1.0560e-37, -2.0992e-02,  8.4809e-03,
         2.7045e-03, -1.1697e-41, -2.9109e-09, -1.0996e-41, -4.7877e-11,
         3.0581e-06, -2.0249e-42,  1.3021e-41, -3.2347e-05, -5.1126e-07,
        -7.3968e-07,  6.2810e-40,  1.2165e-41, -8.0422e-04,  5.0870e-02,
        -9.9689e-10, -3.3813e-07, -1.6848e-02, -1.2088e-41, -1.2117e-41,
        -2.1331e-13, -1.0486e-41,  4.5725e-02, -2.3364e-20, -1.5610e-08,
        -1.8879e-08, -2.9591e-24,  2.0732e-02,  2.1827e-07, -7.4269e-43,
        -2.6695e-42, -1.1175e-03,  8.1800e-35,  1.8273e-08,  3.2819e-02,
        -7.3775e-04, -3.8545e-28, -7.9596e-10, -4.0051e-25,  3.3842e-31,
        -5.8094e-14, -6.4708e-08, -5.6481e-08, -1.8165e-06, -1.3060e-12,
         1.0173e-42,  1.0179e-41,  4.1931e-17, -1.6519e-32, -3.1432e-02,
         1.0635e-01, -6.8763e-03, -3.4775e-05, -1.4296e-10, -3.4028e-24,
        -1.5370e-34, -2.2309e-42, -1.8190e-17,  2.5069e-42, -2.5023e-26,
        -3.2883e-02, -1.3684e-32, -4.4464e-06,  3.2638e-02,  2.0937e-08,
        -1.2959e-13, -6.6655e-07,  5.5196e-02, -1.7584e-22,  4.5210e-05,
         8.2158e-42,  1.6593e-02,  4.7084e-42, -3.8469e-03, -2.1505e-08,
        -9.8226e-10, -3.4865e-07,  2.1655e-33,  2.1078e-36, -3.1782e-03,
         1.3598e-41,  2.4487e-04, -3.4458e-42,  2.2555e-02, -1.9932e-15,
         1.1724e-01, -2.0736e-32,  4.9419e-38,  5.6415e-41, -2.5514e-02,
        -5.1726e-05, -1.0469e-14, -2.7203e-08, -9.0827e-06, -1.2424e-07,
         1.3760e-02,  1.4010e-02, -8.8946e-03, -4.5406e-07, -1.5226e-02,
        -1.6449e-07,  6.5441e-42, -9.5740e-29, -6.6359e-02, -1.4945e-29,
        -5.8388e-41, -1.2497e-41, -3.1597e-11, -3.5007e-38, -3.4121e-02,
        -3.0226e-42, -1.3586e-05, -6.9438e-09, -1.8811e-04, -1.4641e-04,
        -2.2225e-06, -9.6113e-04, -4.3067e-15,  2.1208e-30,  4.6477e-02,
        -1.3016e-03, -1.5172e-12, -4.9046e-30, -9.0450e-29,  1.0117e-42,
        -1.1948e-04, -1.8209e-05, -4.6819e-08, -1.0390e-24,  3.1676e-02,
        -1.5542e-20, -2.8770e-11,  3.8269e-21, -9.0035e-06, -1.1727e-22,
         2.7329e-02, -1.3431e-41,  2.2202e-02, -1.3461e-06, -3.7144e-17,
        -8.0673e-42,  8.9026e-15, -1.1059e-04,  7.4018e-02,  1.8421e-08,
        -4.4540e-08, -5.2138e-09, -1.8406e-04, -2.1512e-15, -1.3635e-42,
        -5.9705e-09, -2.3564e-23,  1.1000e-24, -6.3359e-07, -3.6506e-03,
         1.3433e-41, -2.8150e-05, -7.7260e-04,  2.0529e-04,  4.1849e-02,
        -9.6613e-28, -3.5601e-24, -3.2462e-06, -1.1830e-19, -6.5543e-03,
         1.1771e-41, -4.0656e-05, -3.6664e-10, -1.4304e-04, -8.9374e-04,
         9.6889e-03,  1.3049e-36, -6.8790e-19,  3.3442e-30, -3.9151e-36,
        -1.8942e-24,  2.1264e-40,  2.1804e-42,  1.4869e-02, -3.6354e-25,
        -8.3363e-42, -3.5276e-26, -2.7607e-03, -2.9347e-03, -1.0812e-41,
        -9.4453e-11, -2.7392e-06, -6.1953e-14,  1.2264e-03, -3.5454e-05,
         3.0266e-02, -5.9906e-42,  5.7799e-22, -1.7846e-40, -1.1849e-29,
        -1.1248e-06, -4.4268e-11, -3.6714e-23, -1.3218e-06, -2.2371e-23,
         9.3520e-07,  2.1878e-07, -8.6595e-11, -1.3862e-35, -1.8410e-06,
         1.0221e-41,  1.2690e-41, -7.2601e-42,  1.7203e-02,  2.7166e-22,
         5.3670e-43, -1.0775e-16, -4.4430e-06, -1.2036e-41,  2.4574e-03,
        -6.6720e-14, -3.2810e-08,  3.0268e-09,  4.6265e-13, -5.2071e-33,
        -6.7311e-26,  2.6007e-39, -1.0384e-41, -2.7792e-04, -9.6595e-29,
        -1.0400e-08, -1.3409e-02, -2.0655e-08, -3.1991e-05, -2.1667e-28,
        -2.5366e-05,  1.5635e-02, -2.0116e-25,  5.1004e-02, -3.6818e-10,
        -1.9302e-07,  1.0338e-02, -2.7649e-14,  1.7027e-02, -1.1454e-08,
        -2.6682e-08, -2.8665e-04, -1.7234e-33,  1.6792e-02, -5.1523e-06,
         2.3785e-02, -9.3831e-42, -4.7450e-03, -3.7212e-06, -6.8239e-06,
         1.3909e-41, -2.7262e-16,  7.3162e-42, -6.0396e-42,  3.7196e-02,
        -2.3816e-36,  3.8045e-42,  3.0418e-03, -1.4801e-04,  1.2878e-42,
         4.3933e-15, -2.9123e-04, -6.1337e-07,  6.8405e-39, -8.1948e-42,
        -6.5453e-05, -6.9574e-42, -3.4759e-32, -1.6065e-03, -2.9786e-08,
         1.3406e-41, -5.6010e-42, -5.9700e-21,  3.4288e-02, -5.4352e-03,
        -2.6626e-04,  1.6113e-02,  7.5740e-42, -1.3038e-02, -3.3193e-03,
        -2.9521e-06, -1.6545e-08, -1.3720e-02,  1.7425e-02, -1.3489e-05,
        -5.5253e-42, -4.7374e-08,  1.3141e-41, -2.1543e-02, -1.0571e-41,
        -1.1111e-41,  6.9546e-42, -5.1274e-42, -3.4702e-02, -2.9861e-40,
        -1.2422e-20, -5.3443e-05, -2.2966e-04, -4.2838e-42,  1.1705e-33,
        -1.6000e-08,  9.1890e-03, -9.2608e-12, -5.2268e-42, -4.6355e-42,
        -2.4976e-07, -4.0784e-02, -3.3919e-09, -2.5177e-10, -2.9430e-02,
         2.1357e-02, -3.4705e-04, -5.8210e-42, -5.4833e-42, -3.6715e-07,
         9.6494e-03, -4.4303e-05, -1.4165e-05, -1.3814e-15, -2.7805e-39,
        -7.3127e-03, -1.2925e-02, -1.0608e-07, -3.0000e-11,  5.2042e-02,
        -3.4106e-07, -8.8123e-06,  3.5346e-39,  8.9320e-03,  7.2560e-02,
        -5.9233e-42, -1.8955e-19, -9.4242e-32, -5.2549e-42,  2.3507e-02,
         4.7943e-02, -1.2453e-35, -1.4196e-04,  1.7823e-06, -1.7390e-42,
        -1.0521e-22,  7.2237e-42, -1.7789e-04,  8.3882e-42, -1.1940e-41,
         2.8394e-03,  8.2859e-42, -8.4359e-07, -1.7937e-43,  4.2487e-42,
        -7.9158e-15, -1.2249e-31, -4.2804e-09, -5.5884e-20,  3.6731e-02,
         7.5418e-42,  7.6231e-42, -3.8956e-11,  3.0179e-02, -1.5715e-06,
        -5.0458e-27,  4.1832e-04,  2.3746e-36,  7.2557e-03, -1.3380e-41,
         3.7261e-02, -8.3059e-03, -2.7108e-28,  6.5286e-42, -9.6975e-05,
         1.2111e-41, -7.7254e-30, -1.9672e-02,  3.4764e-30, -7.6042e-31,
         1.3040e-07, -1.1924e-41, -1.3810e-41, -1.4800e-06,  2.3295e-07,
        -7.5042e-05, -7.4814e-03,  2.0271e-02, -2.5822e-08, -2.6454e-05,
         1.1238e-42, -5.0196e-03, -1.1457e-05, -4.7486e-02, -5.5256e-06,
         1.9380e-02,  1.0566e-41, -7.6849e-06,  2.8979e-38,  1.3587e-02,
        -1.5353e-22, -6.7064e-04, -7.1150e-25,  9.2366e-02, -1.1235e-05,
        -1.0110e-04,  2.2320e-02, -2.8600e-04, -3.8151e-17,  1.1222e-41,
        -8.7651e-09, -1.1378e-32, -3.8405e-03,  3.9068e-42, -4.3090e-42,
        -2.1806e-03, -7.3488e-15, -1.5319e-07, -4.0291e-11, -2.2285e-02,
         3.8926e-02, -3.7597e-42, -1.3963e-03, -8.1998e-22, -1.5806e-21,
         4.3148e-02, -1.0073e-41, -8.1836e-43, -1.1732e-04, -3.7358e-29,
         1.5434e-10, -3.3582e-06, -2.4868e-10, -1.2323e-24,  2.1387e-02,
         6.3689e-42, -2.0746e-11,  1.7949e-12, -5.5512e-10, -6.3480e-30,
        -4.8991e-06,  4.4589e-42,  8.4638e-02, -9.0258e-42, -5.9548e-21,
        -1.0011e-05, -8.1643e-14,  1.2727e-41, -4.9768e-05, -7.6551e-08,
        -1.1290e-06, -9.5904e-30, -1.6574e-08, -4.7220e-02, -1.7799e-21,
         1.4823e-02, -4.0331e-08, -1.1738e-02, -4.9144e-42,  1.8940e-02,
        -7.6341e-05, -3.4190e-02, -6.2890e-42, -7.3750e-42, -2.0504e-04,
        -3.8327e-18, -1.7042e-08,  6.6035e-05,  1.2012e-41, -6.3100e-25,
        -2.4429e-11,  1.6731e-32,  5.9333e-40, -9.0103e-42,  2.6169e-04,
         1.3325e-41,  3.8071e-02,  4.9526e-02,  5.1525e-09, -1.2281e-41,
        -5.1871e-22, -2.2897e-42,  5.4223e-08, -1.2916e-41, -1.6426e-02,
         9.3060e-42, -4.0379e-03, -1.7231e-05,  2.7777e-08,  8.4964e-24,
         1.0028e-08, -1.0342e-28, -5.0012e-42, -3.8173e-06, -9.3786e-07,
        -9.3805e-09, -1.9571e-07,  1.2877e-41, -3.3991e-32, -1.0478e-35],
       device='cuda:0', requires_grad=True)fc2.weightParameter containing:
tensor([[-6.7980e-02, -2.4502e-06, -1.2456e-04,  ...,  9.9175e-14,
          3.0589e-04, -2.3018e-05],
        [ 2.6852e-02, -2.6907e-06, -1.8372e-06,  ..., -2.5585e-17,
          1.1710e-03, -7.9885e-04],
        [ 1.6039e-02,  8.5903e-06,  5.3687e-06,  ...,  1.5698e-08,
          5.1982e-03,  6.8762e-04],
        ...,
        [-8.4828e-02, -3.5160e-06, -1.3994e-06,  ...,  7.0307e-15,
          1.3631e-04, -2.7119e-04],
        [-6.6380e-01, -3.1479e-06,  4.4402e-04,  ...,  1.2910e-06,
         -2.4719e-03,  4.7873e-03],
        [ 3.1325e-01, -1.8046e-05, -4.3210e-04,  ..., -8.9835e-07,
         -8.1352e-04,  2.0328e-03]], device='cuda:0', requires_grad=True)fc2.biasParameter containing:
tensor([ 0.0005, -0.0072, -0.0187, -0.0223,  0.0241, -0.0051, -0.0261, -0.0470,
         0.1382, -0.0404], device='cuda:0', requires_grad=True)